    0.0003588341
    0.0009534233
    0.0089082591
    0.0020095586
    0.0010777330
    0.0031226488
    0.0098496441
   -0.0117178327
   -0.0003667145
   -0.0021887213
   -0.0215844684
    0.0017288708
    0.0037291674
    0.0016389780
   -0.0059671347
    0.0015443211
    0.0039840849
    0.0037001266
    0.0014339937
    0.0018481797
   -0.0224465197
   -0.0349152286
   -0.0391759223
   -0.0364998530
   -0.0152329706
   -0.0407344667
   -0.0506828404
   -0.0527354227
   -0.0499827359
   -0.0358673207
   -0.0137364084
   -0.0329134833
   -0.0422071508
   -0.0444910826
   -0.0454345316
   -0.0446952160
    0.0160177797
    0.0063533408
    0.0296765145
    0.0277279163
    0.0016692098
    0.0214575204
    0.0362732932
    0.0373133096
    0.0243174695
   -0.0061460673
    0.0189625209
    0.0355944239
    0.0112773090
    0.0078663874
    0.0059350610
    0.0044049136
    0.0026854208
    0.0024647179
    0.0068932947
    0.0118738336
    0.0108845222
    0.0091218289
    0.0076658971
    0.0094406355
    0.0110535642
    0.0238262109
    0.0246518294
    0.0133308385
    0.0040498300
    0.0231849081
    0.0169062846
    0.0129311504
    0.0073850606
    0.0133606118
    0.0108116988
    0.0086266726
    0.0044402972
   -0.0079706076
   -0.0084310693
   -0.0097804089
    0.0011148753
    0.0034410649
    0.0032430697
    0.0022094202
    0.0072001227
    0.0086819458
    0.0079908319
    0.0105387843
    0.0206753986
   -0.0009089745
    0.0085745321
    0.0150302376
    0.0212444707
    0.0044649768
    0.0097829453
    0.0126694765
    0.0133526703
    0.0005155643
    0.0079787875
    0.0115030130
    0.0122095560
    0.0008742906
    0.0017978318
    0.0009233892
    0.0015422009
    0.0014230959
    0.0028861456
   -0.0126480055
   -0.0204347634
    0.0083192300
   -0.0124802167
   -0.0023054479
   -0.0087603344
    0.0009650781
    0.0011687788
    0.0002388666
   -0.0045081764
   -0.0162488444
    0.0009715017
    0.0021525986
    0.0026153082
    0.0012274543
   -0.0019509591
    0.0016559272
    0.0023682931
    0.0016720050
    0.0016722578
    0.0014301414
   -0.0067435217
   -0.0154225578
   -0.0245194728
   -0.0278669622
   -0.0249204629
   -0.0087230242
   -0.0285623386
   -0.0375119452
   -0.0396394745
   -0.0365177520
   -0.0282649015
   -0.0108826019
   -0.0197236440
   -0.0315511749
   -0.0373341688
   -0.0392294788
   -0.0393818516
   -0.0368386848
   -0.0215692249
   -0.0259609283
   -0.0275035226
   -0.0283769885
   -0.0277104437
    0.0104890735
    0.0042883237
    0.0193556284
    0.0223040499
    0.0118278455
   -0.0057534897
    0.0145454217
    0.0260947429
    0.0290614175
    0.0237332565
    0.0093684789
    0.0088368159
    0.0237943263
    0.0303408547
    0.0304666070
    0.0111228627
    0.0098018690
    0.0079585128
    0.0064734332
    0.0052210240
    0.0039886613
    0.0031382086
    0.0037164803
    0.0068981475
    0.0105157850
    0.0095610208
    0.0091465007
    0.0080181985
    0.0068816607
    0.0066356930
    0.0082327846
    0.0086985292
    0.0278639586
    0.0153867498
    0.0084114871
    0.0283072799
    0.0179392675
    0.0132155553
    0.0090186799
    0.0041552335
    0.0136353091
    0.0113396703
    0.0090629588
    0.0059877629
    0.0023320240
    0.0081927568
    0.0066713971
    0.0043420198
   -0.0171274821
   -0.0172104666
   -0.0188632779
   -0.0045871430
   -0.0027733851
   -0.0033368942
   -0.0038161991
   -0.0046265740
    0.0021612235
    0.0040107727
    0.0032820240
    0.0029209844
    0.0023012148
    0.0061893719
    0.0066622883
    0.0060780342
    0.0085862329
   -0.0048074868
    0.0057382011
    0.0137371324
    0.0220587892
    0.0006618886
    0.0058523764
    0.0097607951
    0.0124520517
   -0.0045959510
    0.0041971487
    0.0076153393
    0.0099426631
    0.0107519122
    0.0018818517
    0.0069543701
    0.0091662947
    0.0110204769
    0.0103571518
    0.0017034071
    0.0020994625
    0.0071748303
    0.0054276881
    0.0037676591
    0.0022105363
    0.0012959009
    0.0020947770
    0.0032115726
   -0.0097578849
    0.0072968005
    0.0095056274
   -0.0023966959
   -0.0094420722
    0.0008654219
    0.0002492292
   -0.0020469606
   -0.0079760851
    0.0013636323
    0.0017226453
    0.0011876792
   -0.0007346301
   -0.0037739898
    0.0016786106
    0.0015412904
    0.0007983847
   -0.0056673323
   -0.0121900814
   -0.0194230155
   -0.0222085469
   -0.0191321560
   -0.0144716862
   -0.0255500004
   -0.0305760395
   -0.0313936922
   -0.0282374451
   -0.0214008864
   -0.0085868092
   -0.0187571449
   -0.0263347147
   -0.0300496237
   -0.0313195690
   -0.0310629935
   -0.0284079262
   -0.0172464486
   -0.0209754933
   -0.0220779560
   -0.0225752180
   -0.0214371397
    0.0069732946
    0.0017454177
    0.0147568939
    0.0173249006
    0.0082862623
    0.0095942346
    0.0195785579
    0.0233812461
    0.0213596092
    0.0130989768
   -0.0016407114
    0.0052486379
    0.0177648698
    0.0239982624
    0.0255581854
    0.0088815930
    0.0074363197
    0.0061107301
    0.0049703988
    0.0038995354
    0.0030107002
    0.0027105028
    0.0037270663
    0.0067060057
    0.0081064720
    0.0077586173
    0.0067109202
    0.0056792597
    0.0054882306
    0.0069171654
    0.0072093519
    0.0139418555
    0.0074908205
    0.0175353674
    0.0127193781
    0.0092338154
    0.0056057386
    0.0129445389
    0.0105582263
    0.0085966254
    0.0063213839
    0.0035972764
    0.0080591971
    0.0065889635
    0.0048866281
   -0.0175344658
   -0.0178110952
   -0.0193194464
   -0.0022076650
   -0.0039778612
   -0.0044580908
   -0.0049028584
   -0.0053763524
    0.0014634511
    0.0024864375
    0.0018279673
    0.0014473426
    0.0011072340
    0.0051195994
    0.0053090783
    0.0046914102
    0.0073302387
   -0.0053236683
    0.0040716608
    0.0113035724
    0.0184713884
   -0.0000869212
    0.0043975010
    0.0079763657
    0.0106817749
    0.0126691382
    0.0032996053
    0.0061010695
    0.0082923323
    0.0094560773
    0.0059650844
    0.0079465540
    0.0023346580
    0.0034256374
    0.0020583261
    0.0016531055
    0.0092339423
    0.0027812291
    0.0015832344
    0.0069178113
    0.0055363830
    0.0043039625
    0.0031016730
    0.0021008029
    0.0015504143
    0.0017729496
    0.0033727211
    0.0057115176
   -0.0084292954
   -0.0138974950
   -0.0158084125
   -0.0134195549
   -0.0050087053
    0.0042697894
    0.0064397287
   -0.0028897402
   -0.0102993422
    0.0005704402
   -0.0009298786
   -0.0038588924
   -0.0106298640
    0.0010585885
    0.0005077858
   -0.0010228919
   -0.0040638472
   -0.0091272774
    0.0013902092
    0.0013093694
    0.0005991005
   -0.0007615314
   -0.0019225026
    0.0014247107
    0.0012359038
    0.0009462984
   -0.0048498985
   -0.0091665458
   -0.0031395882
   -0.0145604480
   -0.0167352478
   -0.0140145393
   -0.0023164605
   -0.0040264917
   -0.0147213308
   -0.0212236723
   -0.0241491904
   -0.0241507792
   -0.0210804279
   -0.0167108725
   -0.0067780231
    0.0005603804
   -0.0102885967
   -0.0181207544
   -0.0231486796
   -0.0256784264
   -0.0264388778
   -0.0256695570
   -0.0227690230
   -0.0153495575
   -0.0075689069
   -0.0182323566
   -0.0211514426
   -0.0223992639
   -0.0227621450
   -0.0222341816
   -0.0200674553
    0.0046541964
    0.0010536028
    0.0107816967
    0.0127667145
    0.0059133736
    0.0074468146
    0.0151392158
    0.0181430775
    0.0165372224
    0.0101797514
   -0.0007346350
    0.0035762623
    0.0133569460
    0.0188316981
    0.0207704262
    0.0192535903
    0.0034078332
    0.0192238645
    0.0078790957
    0.0076272586
    0.0067672641
    0.0057932594
    0.0048569138
    0.0039776977
    0.0032913826
    0.0030781983
    0.0037919839
    0.0056831354
    0.0073575140
    0.0069082178
    0.0067225295
    0.0059026335
    0.0050826046
    0.0049522129
    0.0059891253
    0.0061601131
    0.0134432681
    0.0076666958
    0.0179797174
    0.0124482857
    0.0088994486
    0.0056188736
    0.0148320741
    0.0115874571
    0.0093265950
    0.0072367930
    0.0049613968
    0.0086440493
    0.0072047307
    0.0056440378
    0.0038105513
    0.0056772588
   -0.0087156376
   -0.0090709657
   -0.0095069458
   -0.0099172369
   -0.0007996883
   -0.0017177265
   -0.0021172984
   -0.0024176565
   -0.0025342344
    0.0021664006
    0.0026672692
    0.0020028049
    0.0016535011
    0.0015439987
    0.0047232207
    0.0047044454
    0.0041079276
    0.0064087158
    0.0034690980
    0.0117730110
   -0.0023404207
    0.0027162116
    0.0068160756
    0.0102780012
    0.0135019697
    0.0010085104
    0.0039922973
    0.0065314375
    0.0084677527
    0.0097092771
    0.0034477126
    0.0054731141
    0.0072172847
    0.0082699294
    0.0056026273
    0.0071144674
