    0.0169649198
    0.0035708357
   -0.0011814899
    0.0025536442
    0.0183534527
    0.0225411781
    0.0087875689
    0.0145659845
    0.0169247846
    0.0140830522
    0.0057248020
    0.0024108682
    0.0079487571
    0.0129034314
    0.0093901571
    0.0023262001
    0.0076041255
   -0.0359804074
   -0.0180225750
   -0.0360900754
   -0.0125115033
    0.0047399961
    0.0027257699
   -0.0032062366
   -0.0102015002
   -0.0036658072
    0.0015345766
   -0.0000493898
   -0.0004030227
   -0.0001081210
    0.0217203971
   -0.0045904048
    0.0086463199
    0.0145475561
   -0.0272453470
   -0.0005248842
    0.0073939005
    0.0096399672
   -0.0112113488
    0.0009292289
    0.0050418831
    0.0239072807
    0.0098098647
    0.0069923858
    0.0069283301
    0.0312346176
    0.0294652198
    0.0231915801
    0.0247375600
    0.0251264708
    0.0240972528
    0.0184962118
    0.0216953238
   -0.0007994051
   -0.0131267584
    0.0176101395
    0.0002800331
    0.0183382068
    0.0146347771
    0.0110336176
    0.0224857160
    0.0195223754
    0.0171319649
    0.0132073906
    0.0082859344
    0.0181566920
    0.0132264462
    0.0084171852
    0.0150757766
    0.0198204920
    0.0251388887
    0.0156485713
    0.0089185249
    0.0273431353
    0.0182856105
    0.0135615123
    0.0087066890
    0.0043770122
    0.0134381939
   -0.0008354509
    0.0056536293
    0.0014574784
   -0.0127763368
    0.0068067689
    0.0072170339
    0.0046563000
   -0.0040933214
    0.0064313325
    0.0058758955
    0.0063711812
   -0.0284362721
   -0.0217286727
   -0.0373607770
   -0.0420918138
   -0.0161054498
   -0.0077522130
   -0.0312807199
   -0.0490351246
   -0.0543803166
   -0.0435011208
   -0.0181179090
   -0.0031164155
    0.0284585794
    0.0299243066
    0.0132716380
    0.0328895595
    0.0180893099
    0.0125473324
    0.0205058334
    0.0224669288
    0.0168638461
    0.0086937119
    0.0038795185
    0.0152846152
    0.0224594460
    0.0265328123
    0.0258250850
    0.0202968226
    0.0098604641
   -0.0084899841
   -0.0113700436
    0.0258167760
    0.0201327169
    0.0296895614
    0.0267673282
    0.0253681462
    0.0218973059
    0.0299967375
    0.0287703820
    0.0319696630
    0.0234649242
    0.0098899520
    0.0184212435
    0.0239400794
    0.0283467138
    0.0167212486
    0.0219414060
    0.0260795347
    0.0286448476
    0.0327298268
    0.0296112770
    0.0286887277
   -0.0649241137
   -0.0498158742
   -0.0633562721
   -0.0617234106
   -0.0482280331
   -0.0478035309
   -0.0604396798
   -0.0650419945
   -0.0565905955
   -0.0435794105
   -0.0375040917
   -0.0528407271
   -0.0597508276
   -0.0610812185
   -0.0521940819
   -0.0364337628
   -0.0431567005
   -0.0549172005
   -0.0572978087
   -0.0469296446
   -0.0485639084
    0.0113186672
    0.0028522644
   -0.0010781495
    0.0023113180
   -0.0011890934
    0.0111059233
    0.0147166946
    0.0169845583
    0.0067387763
    0.0108634187
    0.0131942217
    0.0128488910
    0.0087724674
    0.0031475086
    0.0021676450
    0.0056918957
    0.0093537498
    0.0094974073
    0.0055169704
    0.0018211326
    0.0059640926
   -0.0218502876
    0.0014748138
   -0.0077608715
   -0.0169484298
   -0.0231168889
   -0.0091539075
    0.0025625521
    0.0001225170
   -0.0042549212
   -0.0083423248
   -0.0034624907
    0.0004543265
   -0.0018426538
   -0.0089669483
    0.0056043025
    0.0140623974
   -0.0048373919
    0.0036658922
    0.0086838341
    0.0111798033
   -0.0166752806
   -0.0015569492
    0.0040778015
    0.0066742271
    0.0068056418
   -0.0081289145
   -0.0001623328
    0.0031798556
    0.0021743819
    0.0192708488
    0.0140631121
    0.0108027928
    0.0078666895
    0.0053553762
    0.0077256256
    0.0061135318
    0.0248628700
    0.0253293343
    0.0255026873
    0.0247447013
    0.0237745930
    0.0191446972
    0.0204229762
    0.0207775202
   -0.0315710289
   -0.0209119685
   -0.0136872683
    0.0118348717
    0.0147133404
    0.0114406749
    0.0212678811
    0.0173234688
    0.0147844508
    0.0122364203
    0.0093166671
    0.0177267848
    0.0157484976
    0.0132606542
    0.0099135789
    0.0066295702
    0.0159648742
    0.0133384127
    0.0096591275
    0.0076749434
    0.0128457362
    0.0162029729
    0.0169666061
    0.0108081417
    0.0056836738
    0.0206569111
    0.0148438871
    0.0106375226
    0.0062386740
    0.0019426655
    0.0215674694
    0.0154151443
    0.0119041324
    0.0090103699
   -0.0039503944
    0.0045991990
    0.0019116619
   -0.0045597475
    0.0054959215
    0.0045421861
    0.0017230526
   -0.0058216820
    0.0055378999
    0.0047389851
    0.0014768651
   -0.0037787819
    0.0049894027
    0.0036755012
   -0.0194362343
   -0.0145848976
   -0.0264810031
   -0.0313141351
   -0.0107489484
   -0.0054924684
   -0.0245114124
   -0.0382987224
   -0.0415607485
   -0.0374158841
   -0.0178729150
   -0.0008360745
   -0.0193631336
   -0.0108062156
    0.0224470273
    0.0097399176
    0.0061430970
    0.0252169519
    0.0260808461
    0.0275191028
    0.0302245200
    0.0139809135
    0.0097259741
    0.0154036501
    0.0181264187
    0.0164743143
    0.0110249515
    0.0065165610
    0.0032308140
    0.0117503434
    0.0174376165
    0.0207504836
    0.0213739779
    0.0189406546
    0.0133593631
    0.0037835451
   -0.0067920360
   -0.0062749150
    0.0197068482
    0.0233224594
    0.0213010018
    0.0188984371
    0.0129492332
    0.0261844556
    0.0242933508
    0.0236556727
    0.0285268835
    0.0259999337
    0.0251540158
    0.0141000578
    0.0191631348
    0.0233960114
    0.0071752181
    0.0144133390
    0.0189326824
    0.0219919365
    0.0245940104
    0.0168057504
    0.0190850273
    0.0222096379
    0.0247305103
    0.0277821589
    0.0272264387
    0.0251039489
   -0.0548038912
   -0.0445380209
   -0.0523958444
   -0.0515124948
   -0.0437190056
   -0.0400547228
   -0.0500220173
   -0.0537711674
   -0.0481520191
   -0.0386216918
   -0.0168683353
   -0.0356114412
   -0.0458754642
   -0.0508818914
   -0.0517443085
   -0.0445239268
   -0.0342579215
   -0.0331837966
   -0.0437609351
   -0.0483465507
   -0.0486450205
   -0.0408160510
   -0.0275039478
   -0.0311619516
   -0.0423395862
   -0.0450127305
    0.0130779474
   -0.0255434169
    0.0037311639
   -0.0028771705
    0.0036807169
    0.0028166749
   -0.0006383192
    0.0023384890
   -0.0008685012
    0.0132053862
    0.0151936349
    0.0057153355
    0.0089995046
    0.0112868998
    0.0119727425
    0.0102781292
    0.0060138247
    0.0049585146
    0.0080803212
    0.0081606804
    0.0046943400
    0.0014057395
    0.0049999159
   -0.0020900795
   -0.0110320622
   -0.0191056999
   -0.0237464069
   -0.0090518359
    0.0015138735
   -0.0019382591
   -0.0061323057
   -0.0092098925
   -0.0035281796
    0.0001413555
   -0.0024371488
   -0.0112820442
    0.0028319711
    0.0116687612
   -0.0062725584
    0.0015661254
    0.0067258300
    0.0099911177
   -0.0169163026
   -0.0025616923
    0.0024505285
    0.0054720566
    0.0067281880
   -0.0080774430
   -0.0006624700
    0.0027142442
    0.0012250653
   -0.0059806196
    0.0210461902
    0.0047741581
    0.0072506714
    0.0051763666
    0.0051978009
    0.0058353411
    0.0225596292
    0.0231018763
    0.0225874029
    0.0219870046
    0.0166697083
    0.0180382371
    0.0186796680
    0.0012919197
   -0.0109797738
    0.0172579062
    0.0144190456
    0.0121169758
    0.0097627724
    0.0167408749
    0.0146564800
    0.0126507771
    0.0102369129
    0.0075157435
    0.0141195515
    0.0115169375
    0.0083446966
    0.0113166962
    0.0147775890
    0.0086323933
    0.0025008780
    0.0153586658
    0.0112221232
    0.0075490064
    0.0034415499
    0.0165334346
    0.0124814048
    0.0095930971
   -0.0064051834
    0.0029413220
   -0.0007930555
   -0.0089957636
    0.0042925773
    0.0024902111
   -0.0014743116
   -0.0103860939
    0.0043713733
    0.0025441851
   -0.0014388066
    0.0041149663
    0.0023644952
   -0.0152313802
   -0.0108809878
   -0.0212179950
   -0.0256535455
   -0.0098216205
   -0.0092965257
   -0.0236014152
   -0.0337812985
   -0.0347421520
   -0.0321218108
   -0.0154888380
   -0.0053149534
   -0.0222444827
    0.0188256403
    0.0149788767
    0.0080386146
   -0.0035003644
    0.0044791532
    0.0129478506
    0.0181313042
    0.0208157920
    0.0217598667
    0.0083328489
    0.0034956013
    0.0230368082
    0.0234758027
    0.0248087873
    0.0111737065
    0.0070445428
    0.0126140919
    0.0153241559
    0.0138742315
    0.0085542070
    0.0039549616
    0.0008579699
    0.0087509177
    0.0141396109
    0.0174942746
    0.0188833859
    0.0180798345
    0.0148187580
    0.0084475959
   -0.0016181796
   -0.0101597399
   -0.0080235105
    0.0174339935
    0.0217247489
    0.0194993728
    0.0177501173
    0.0147954415
    0.0220608923
    0.0209849481
    0.0207536501
    0.0240471465
    0.0225590314
    0.0112512512
    0.0159563388
    0.0196160136
    0.0039587793
    0.0112815491
    0.0156148683
    0.0185825949
    0.0210190417
    0.0132705549
    0.0157663789
    0.0187039601
    0.0211705870
    0.0238217019
    0.0219984763
   -0.0463141539
   -0.0440541872
   -0.0429438690
   -0.0373478334
   -0.0247708684
   -0.0361777412
   -0.0427071965
   -0.0449272116
   -0.0401033199
   -0.0326019989
   -0.0196596237
   -0.0322563310
   -0.0394859016
   -0.0429575110
   -0.0432423462
   -0.0369455860
   -0.0286537658
   -0.0129948087
   -0.0297990048
   -0.0373303777
   -0.0406019297
   -0.0405327722
   -0.0332274161
   -0.0227010336
   -0.0275102904
   -0.0351639919
   -0.0368347307
    0.0151478420
    0.0096922967
    0.0120675623
   -0.0168650491
    0.0053420034
   -0.0083862170
   -0.0023059646
    0.0033294932
    0.0027317637
   -0.0037491858
   -0.0002734629
    0.0022990350
    0.0018274480
   -0.0005185354
    0.0162403652
    0.0103417670
    0.0120785789
    0.0131533086
    0.0052124312
    0.0077625735
    0.0094749787
    0.0098656371
    0.0084308644
    0.0052414484
    0.0044352594
    0.0068018946
    0.0068005107
    0.0041520549
    0.0043377478
   -0.0197288548
   -0.0033805897
   -0.0089247321
   -0.0136364336
   -0.0159637068
    0.0010374822
   -0.0018698680
   -0.0050597564
   -0.0071988039
   -0.0000255885
   -0.0023121513
    0.0019638837
    0.0124414270
   -0.0095082802
   -0.0004529729
    0.0058068086
    0.0105004822
   -0.0051559801
    0.0004629958
    0.0045196724
    0.0072668968
   -0.0118937537
   -0.0023781773
    0.0015304334
    0.0041921223
   -0.0006773441
    0.0021807758
    0.0032034677
    0.0179628358
    0.0138452168
    0.0108499015
    0.0082982338
    0.0059621838
    0.0039509097
    0.0058823396
    0.0043164297
    0.0059850192
    0.0055155009
    0.0058246954
    0.0225183391
    0.0220910626
    0.0170863774
    0.0182055029
    0.0186336161
    0.0186615108
    0.0186346929
    0.0153710659
    0.0164537674
   -0.0108973797
   -0.0197617166
   -0.0039552296
    0.0003447822
    0.0138114439
    0.0149677393
    0.0122536226
    0.0100368073
    0.0163143406
    0.0139230351
    0.0119868924
    0.0100952154
    0.0080881993
    0.0149531523
    0.0130271769
    0.0112234779
    0.0091782351
    0.0069696884
    0.0124486212
    0.0101328726
    0.0076248585
    0.0131301909
    0.0073982306
    0.0013354572
    0.0145302791
    0.0103968204
    0.0068093748
    0.0026936068
    0.0141875786
    0.0108514007
    0.0081758505
    0.0055509818
   -0.0021815678
   -0.0104940042
    0.0026621614
   -0.0001293031
   -0.0054596815
   -0.0169786401
    0.0032993741
    0.0011765990
   -0.0028395537
   -0.0105677042
    0.0037636419
    0.0018131713
   -0.0013443799
    0.0035875427
   -0.0109238752
   -0.0076196642
   -0.0157102264
   -0.0195376621
   -0.0111471468
   -0.0209244642
   -0.0268882976
   -0.0264263264
   -0.0257969641
   -0.0135558531
    0.0018989552
   -0.0105270479
   -0.0231920480
   -0.0360282727
   -0.0150249536
    0.0126953341
    0.0068701080
   -0.0018721931
   -0.0077287654
    0.0031953520
    0.0101672699
    0.0146240347
    0.0172203143
    0.0183527091
    0.0183969217
    0.0109055420
    0.0024851941
    0.0007326439
    0.0191395839
    0.0197646550
    0.0030374614
    0.0210823604
    0.0091325256
    0.0058217947
    0.0104035724
    0.0127264378
    0.0115556829
    0.0071648282
    0.0034692819
    0.0011526426
    0.0073723568
    0.0118662619
    0.0146431186
    0.0157510987
    0.0150694741
    0.0123408029
    0.0071160371
   -0.0003953117
   -0.0062679786
   -0.0050766120
    0.0170600296
    0.0150813821
    0.0119333089
    0.0201238241
    0.0185858495
    0.0176141408
    0.0169339636
    0.0210131848
    0.0197389757
    0.0191065527
    0.0227420811
    0.0142435526
    0.0080788470
    0.0124824594
    0.0154938284
    0.0179560266
    0.0044140442
    0.0101105182
    0.0137711821
    0.0163746920
    0.0184909145
    0.0207139678
    0.0147409606
    0.0170816209
    0.0194105145
    0.0222277173
   -0.0376795157
   -0.0369473151
   -0.0260520091
   -0.0328280075
   -0.0369116164
   -0.0382417056
   -0.0348659999
   -0.0295268170
   -0.0216221836
   -0.0298256767
   -0.0348277591
   -0.0372508688
   -0.0373101665
   -0.0326023871
   -0.0270032226
   -0.0175305337
   -0.0246844537
   -0.0310186541
   -0.0345912998
   -0.0360094071
   -0.0354150598
   -0.0299260990
   -0.0232028946
   -0.0255785742
   -0.0310630415
   -0.0333799108
   -0.0330495790
   -0.0263762615
   -0.0281004976
   -0.0292327965
