  -0.5341472280    2.0932729312   -2.1991619804
  -0.9804416315   -1.2447076721   -3.2491619804
   1.2605230348    0.1297388215   -4.0178153283
   0.7355230348    1.0390654955   -4.0178153283
  -1.2897417907    1.8590153854   -2.4424199867
  -1.9922716448    1.0217729080   -2.4424199867
  -0.2134036091    2.0488028472   -3.4807170878
  -1.2897417907    1.8590153854   -3.4807170878
  -1.9922716448    1.0217729080   -3.4807170878
  -1.9922716448   -0.0711695250   -3.4807170878
  -1.2897417907   -0.9084120025   -3.4807170878
   0.4966249068    0.4753016915   -4.3207170878
  -0.1857064553    1.4144502420   -4.3207170878
  -1.2897417907    1.0557274162   -4.3207170878
  -1.2897417907   -0.1051240332   -4.3207170878
  -0.1857064553   -0.4638468591   -4.3207170878
  -0.4908543171    0.4753016915   -4.6415685372
   2.0938890252   -0.8969207182   -1.9042622130
   0.7735647857   -2.4704218739   -1.9042622130
   1.7200806976   -1.9239506574   -1.9042622130
   2.0938890252   -0.8969207182   -2.9425593141
  -1.0053032499   -1.4433919347   -2.9425593141
  -0.3027733959   -2.2806344121   -2.9425593141
   0.7735647857   -2.4704218739   -2.9425593141
   1.7200806976   -1.9239506574   -2.9425593141
   1.4835933017   -0.8969207182   -3.7825593141
  -0.3027733959   -1.4773464429   -3.7825593141
   0.8012619396   -1.8360692687   -3.7825593141
   0.4961140778   -0.8969207182   -4.1034107636
   2.0965961691    0.7459815916   -0.8993323765
   1.4142648070    1.6851301421   -0.8993323765
   2.7068918926    0.7459815916   -1.7393323765
   2.3330835650    1.7730115308   -1.7393323765
   1.3865676532    2.3194827473   -1.7393323765
   2.3330835650   -0.2810483477   -1.7393323765
   2.7068918926    0.7459815916   -2.7776294776
   2.3330835650    1.7730115308   -2.7776294776
   1.3865676532    2.3194827473   -2.7776294776
   2.3330835650   -0.2810483477   -2.7776294776
   2.0965961691    0.7459815916   -3.6176294776
   1.4142648070    1.6851301421   -3.6176294776
  -2.4573408098    1.3352811462   -0.7352429127
  -3.7516483636   -1.1308158584   -0.7352429127
  -3.2845431181   -2.0208105458   -0.7352429127
  -2.9036352132   -2.0026994571   -1.7852429127
  -1.5014937651    2.6480737005   -0.1123926419
  -2.2040236191    1.8108312231   -0.1123926419
   0.5213603284    2.2913899458   -1.1506897430
  -0.4251555835    2.8378611623   -1.1506897430
  -1.5014937651    2.6480737005   -1.1506897430
  -2.2040236191    1.8108312231   -1.1506897430
  -0.3974584296    2.2035085571   -1.9906897430
  -1.5014937651    1.8447857313   -1.9906897430
  -0.6564450698   -1.6318353275    1.3034774369
   2.3939772503    0.7185298274    0.2534774369
   1.7274555646    1.4708772845    0.2534774369
   2.0644681504    0.7258493988   -0.7965225631
  -3.2388072357    1.0969343703   -0.9548611931
  -3.9413370898    0.2596918929   -0.9548611931
  -3.9413370898   -0.8332505401   -0.9548611931
  -2.1624690541    1.2867218321   -1.9931582942
  -3.2388072357    1.0969343703   -1.9931582942
  -3.9413370898    0.2596918929   -1.9931582942
  -3.9413370898   -0.8332505401   -1.9931582942
  -3.2388072357   -1.6704930176   -1.9931582942
  -3.2388072357    0.2936464011   -2.8331582942
  -3.2388072357   -0.8672050484   -2.8331582942
  -2.1347719003   -1.2259278742   -2.8331582942
  -2.4399197621   -0.2867793236   -3.1540097437
  -2.1814156589   -0.5752408374    1.9291922937
  -2.9803031326    0.0051848873    1.6083408442
  -2.9803031326   -1.1556665621    1.6083408442
  -1.8762677972   -1.5143893879    1.6083408442
  -2.9803031326    0.8084728566    0.7683408442
  -3.6828329867   -0.0287696209    0.7683408442
  -3.6828329867   -1.1217120539    0.7683408442
  -2.9803031326   -1.9589545313    0.7683408442
  -1.9039649510   -2.1487419931    0.7683408442
  -3.6828329867   -0.0287696209   -0.2699562569
  -1.1764012609   -2.6143586662    0.4193466838
  -2.2804365964   -3.0589238096   -0.4206533162
  -1.2040984148   -3.2487112714   -0.4206533162
  -0.2575825029   -2.7022400549   -0.4206533162
  -2.9829664504   -2.2216813321   -1.4589504173
  -2.2804365964   -3.0589238096   -1.4589504173
  -1.2040984148   -3.2487112714   -1.4589504173
  -0.2575825029   -2.7022400549   -1.4589504173
  -2.2804365964   -2.2556358404   -2.2989504173
  -1.1764012609   -2.6143586662   -2.2989504173
  -1.4815491227   -1.6752101156   -2.6198018667
   1.4032088486    0.2216176059    3.1948534643
  -0.0667911514   -0.6270872898    3.1948534643
   0.9132088486   -0.6270872898    3.1948534643
   2.1206186400    0.2216176059    2.4774436728
   1.7964422162    1.2193300484    2.4774436728
  -0.9500245191   -0.7760948366    2.4774436728
  -0.1013196234   -1.3927150370    2.4774436728
   0.9477373205   -1.3927150370    2.4774436728
   1.7964422162   -0.7760948366    2.4774436728
   2.3832088486    0.2216176059    1.4974436728
   2.1206186400    1.2016176059    1.4974436728
   1.4714122120    1.3506563476    2.8840964954
  -0.6060624931    3.1507984267    2.8840964954
  -1.5382058022    2.7251028412    2.8840964954
  -1.5382058022   -0.0237901460    2.8840964954
  -1.5382058022    2.7251028412    0.7840964954
  -0.2182767907    1.4847394665    4.5844155159
   0.7692024331    1.4847394665    4.2635640664
   0.0868710710    2.4238880171    4.2635640664
  -1.0171642644    2.0651651913    4.2635640664
  -1.0171642644    0.9043137418    4.2635640664
   0.0868710710    0.5455909160    4.2635640664
   1.3794981566    1.4847394665    3.4235640664
   1.0056898291    2.5117694058    3.4235640664
   0.0591739172    3.0582406223    3.4235640664
  -1.0171642644    2.8684531605    3.4235640664
  -1.7196941185    2.0312106830    3.4235640664
  -1.7196941185    0.9382682500    3.4235640664
  -1.0171642644    0.1010257726    3.4235640664
   0.0591739172   -0.0887616892    3.4235640664
   1.0056898291    0.4577095273    3.4235640664
  -2.2052517038    1.7867373228    2.9826474808
  -2.2052517038    0.6258858733    2.9826474808
  -2.2052517038    2.5900252920    2.1426474808
  -2.9077815578    1.7527828145    2.1426474808
  -2.9077815578    0.6598403815    2.1426474808
  -2.2052517038   -0.1774020959    2.1426474808
  -2.2052517038    2.5900252920    1.1043503797
  -2.9077815578    1.7527828145    1.1043503797
  -2.2052517038    1.7867373228    0.2643503797
   0.3143710173    3.1852768717    2.6828913646
   1.6069981029    2.2461283211    1.8428913646
   1.2331897753    3.2731582604    1.8428913646
   0.2866738635    3.8196294769    1.8428913646
  -0.7896643182    3.6298420151    1.8428913646
   1.6069981029    2.2461283211    0.8045942635
   1.2331897753    3.2731582604    0.8045942635
   0.2866738635    3.8196294769    0.8045942635
  -0.7896643182    3.6298420151    0.8045942635
  -1.4921941722    2.7925995376    0.8045942635
   0.9967023794    2.2461283211   -0.0354057365
   0.3143710173    3.1852768717   -0.0354057365
   2.3301311781   -1.0871315943    1.7376811275
   0.8601311781   -1.9358364900    1.7376811275
   1.8401311781   -1.9358364900    1.7376811275
   3.0475409695   -1.0871315943    1.0202713360
   2.7233645457   -0.0894191518    1.0202713360
   0.8256027061   -2.7014642372    1.0202713360
   1.8746596500   -2.7014642372    1.0202713360
   2.7233645457   -2.0848440368    1.0202713360
   3.3101311781   -1.0871315943    0.0402713360
   3.0475409695   -0.1071315943    0.0402713360
   0.3701311781   -2.7845413857    0.0402713360
   1.3501311781   -3.0471315943    0.0402713360
   2.3301311781   -2.7845413857    0.0402713360
   3.0475409695   -2.0671315943    0.0402713360
   3.0475409695   -1.0871315943   -0.9397286640
   2.7233645457   -0.0894191518   -0.9397286640
   0.8256027061   -2.7014642372   -0.9397286640
   1.8746596500   -2.7014642372   -0.9397286640
   2.7233645457   -2.0848440368   -0.9397286640
   2.3301311781   -1.0871315943   -1.6571384554
   1.8401311781   -1.9358364900   -1.6571384554
  -0.3101374522    2.4109014630   -2.7332122219
  -1.0182547375   -1.2883463227   -3.6955375049
   1.2518440086    0.1297388215   -4.3614872634
   0.7311835217    1.0315492384   -4.3614872634
   0.7311835217   -0.7720715953   -4.3614872634
  -0.4908543171    2.3953016915   -2.9615685372
  -1.4508543171    2.1380704667   -2.9615685372
  -2.1536230923    1.4353016915   -2.9615685372
   0.0229694922    2.0566887703   -3.9215685372
  -1.0046781263    2.0566887703   -3.9215685372
  -1.8360625140    1.4526526556   -3.9215685372
  -2.1536230923    0.4753016915   -3.9215685372
  -1.8360625140   -0.5020492726   -3.9215685372
  -1.0046781263   -1.1060853873   -3.9215685372
   0.4691456829    0.4753016915   -4.6243373125
  -0.0108543171    1.3066860791   -4.6243373125
  -0.9708543171    1.3066860791   -4.6243373125
  -1.4508543171    0.4753016915   -4.6243373125
  -0.9708543171   -0.3560826961   -4.6243373125
  -0.0108543171   -0.3560826961   -4.6243373125
  -0.4908543171    0.4753016915   -4.8815685372
   2.4161140778   -0.8969207182   -2.4234107636
  -0.4638859222   -2.5596894934   -2.4234107636
   0.4961140778   -2.8169207182   -2.4234107636
   1.4561140778   -2.5596894934   -2.4234107636
   2.1588828531   -1.8569207182   -2.4234107636
   2.1588828531   -0.8969207182   -3.3834107636
  -0.8490941191   -1.8742716822   -3.3834107636
  -0.0177097315   -2.4783077970   -3.3834107636
   1.0099378871   -2.4783077970   -3.3834107636
   1.8413222747   -1.8742716822   -3.3834107636
   1.4561140778   -0.8969207182   -4.0861795388
   0.0161140778   -1.7283051058   -4.0861795388
   0.9761140778   -1.7283051058   -4.0861795388
   2.7718857205    0.7459815916   -1.2984809271
   2.4543251422    1.7233325556   -1.2984809271
   1.6229407545    2.3273686704   -1.2984809271
   3.0291169453    0.7459815916   -2.2584809271
   2.7718857205    1.7059815916   -2.2584809271
   2.0691169453    2.4087503668   -2.2584809271
   1.1091169453    2.6659815916   -2.2584809271
   2.7718857205   -0.2140184084   -2.2584809271
   2.7718857205    0.7459815916   -3.2184809271
   2.4543251422    1.7233325556   -3.2184809271
   1.6229407545    2.3273686704   -3.2184809271
   0.5952931360    2.3273686704   -3.2184809271
   2.4543251422   -0.2313693725   -3.2184809271
   2.0691169453    0.7459815916   -3.9212497023
   1.5891169453    1.5773659792   -3.9212497023
  -1.9797094773   -2.4855495201    0.7611326118
  -3.1715288129    1.2010974403   -0.2011926712
  -3.8207818206    0.3869599195   -0.2011926712
  -4.0524975362   -0.6282529634   -0.2011926712
  -3.8207818206   -1.6434658464   -0.2011926712
  -3.1715288129   -2.4576033672   -0.2011926712
  -3.8207818206   -1.6434658464   -1.2692931542
  -2.9414483192   -2.0463381077   -2.2316184371
   0.9601624839    2.2243600066   -0.6315411924
   0.2573937086    2.9271287818   -0.6315411924
  -0.7026062914    3.1843600066   -0.6315411924
  -1.6626062914    2.9271287818   -0.6315411924
  -2.3653750667    2.2243600066   -0.6315411924
  -0.1887824821    2.8457470854   -1.5915411924
  -1.2164301007    2.8457470854   -1.5915411924
  -2.0478144883    2.2417109706   -1.5915411924
   0.2674806661   -2.1146853906    1.7498529613
   2.6426308700    0.7578240491    0.7875276784
   2.6426308700    0.7578240491   -0.2805728046
   1.9933778623    1.5719615698   -0.2805728046
  -3.7851279590    0.6905716404   -0.5140097437
  -4.1026885373   -0.2867793236   -0.5140097437
  -2.4399197621    1.6332206764   -1.4740097437
  -3.3999197621    1.3759894516   -1.4740097437
  -4.1026885373    0.6732206764   -1.4740097437
  -4.3599197621   -0.2867793236   -1.4740097437
  -4.1026885373   -1.2467793236   -1.4740097437
  -2.9537435713    1.2946077552   -2.4340097437
  -3.7851279590    0.6905716404   -2.4340097437
  -4.1026885373   -0.2867793236   -2.4340097437
  -3.7851279590   -1.2641302877   -2.4340097437
  -2.9537435713   -1.8681664024   -2.4340097437
  -2.9199197621    0.5446050640   -3.1367785190
  -3.3999197621   -0.2867793236   -3.1367785190
  -2.9199197621   -1.1181637113   -3.1367785190
  -1.9599197621   -1.1181637113   -3.1367785190
  -2.4399197621   -0.2867793236   -3.3940097437
  -2.1814156589   -0.5752408374    2.1691922937
  -3.1414156589   -0.5752408374    1.9119610690
  -2.6614156589   -1.4066252250    1.9119610690
  -1.7014156589   -1.4066252250    1.9119610690
  -3.5266238558    0.4021101267    1.2091922937
  -3.8441844342   -0.5752408374    1.2091922937
  -3.5266238558   -1.5525918015    1.2091922937
  -2.6952394682   -2.1566279162    1.2091922937
  -1.6675918497   -2.1566279162    1.2091922937
  -3.1414156589    1.0875279379    0.2491922937
  -3.8441844342    0.3847591626    0.2491922937
  -4.1014156589   -0.5752408374    0.2491922937
  -3.8441844342   -1.5352408374    0.2491922937
  -1.0015491227   -2.5065945033    0.7229669085
  -2.8267573196   -2.6525610797    0.0201981333
  -1.9953729320   -3.2565971944    0.0201981333
  -0.9677253134   -3.2565971944    0.0201981333
  -3.1443178980   -2.6352101156   -0.9398018667
  -2.4415491227   -3.3379788909   -0.9398018667
  -1.4815491227   -3.5952101156   -0.9398018667
  -0.5215491227   -3.3379788909   -0.9398018667
  -2.8267573196   -2.6525610797   -1.8998018667
  -1.9953729320   -3.2565971944   -1.8998018667
  -0.9677253134   -3.2565971944   -1.8998018667
  -0.1363409258   -2.6525610797   -1.8998018667
  -1.9615491227   -2.5065945033   -2.6025706420
  -1.0015491227   -2.5065945033   -2.6025706420
   1.3951084242    0.2216176059    3.5156139369
  -0.0627409392   -0.6200721165    3.5156139369
   0.9091586364   -0.6200721165    3.5156139369
   2.1745113693    0.2216176059    2.8940608290
   1.8400423501    1.2510073999    2.8940608290
  -0.9936246530   -0.8077721880    2.8940608290
  -0.1179733926   -1.4439700684    2.8940608290
   0.9643910898   -1.4439700684    2.8940608290
   1.8400423501   -0.8077721880    2.8940608290
   2.6070473719    0.2216176059    1.9958905649
   2.3569018281    1.2364979717    1.9958905649
  -1.2114177584   -1.2265352008    1.9958905649
  -0.3511909643   -1.8203068847    1.9958905649
   2.3569018281    1.2364979717    0.9989967808
  -2.1476294895    1.8792980658    3.3304720199
  -1.5760189082   -0.0674287966    3.3304720199
   1.7608701376    2.3658692306    2.3681467369
  -0.8679016229    3.6318189891    2.3681467369
  -1.8060994019    3.1800067513    2.3681467369
  -1.8060994019    3.1800067513    1.3000462539
  -1.5760189082    2.7687414918    0.3377209710
  -0.2182767907    1.4847394665    4.8244155159
   0.7417232093    1.4847394665    4.5671842911
   0.2617232093    2.3161238542    4.5671842911
  -0.6982767907    2.3161238542    4.5671842911
  -1.1782767907    1.4847394665    4.5671842911
  -0.6982767907    0.6533550789    4.5671842911
   0.2617232093    0.6533550789    4.5671842911
   1.4444919845    1.4847394665    3.8644155159
   1.1269314062    2.4620904306    3.8644155159
   0.2955470185    3.0661265453    3.8644155159
  -0.7321006000    3.0661265453    3.8644155159
  -1.5634849876    2.4620904306    3.8644155159
  -1.8810455660    1.4847394665    3.8644155159
  -1.5634849876    0.5073885025    3.8644155159
  -0.7321006000   -0.0966476123    3.8644155159
   0.2955470185   -0.0966476123    3.8644155159
   1.1269314062    0.5073885025    3.8644155159
  -2.3663642301    1.2063115980    3.2862677056
  -2.7515724270    2.1836625621    2.5834989303
  -3.0691330054    1.2063115980    2.5834989303
  -2.7515724270    0.2289606340    2.5834989303
  -1.9201880394   -0.3750754808    2.5834989303
  -2.3663642301    2.8690803733    1.6234989303
  -3.0691330054    2.1663115980    1.6234989303
  -3.3263642301    1.2063115980    1.6234989303
  -1.9201880394    2.7876986768    0.6634989303
  -2.7515724270    2.1836625621    0.6634989303
  -3.0691330054    1.2063115980    0.6634989303
   1.3544313524    3.2234792852    2.2837428140
   0.5230469648    3.8275153999    2.2837428140
  -0.5046006538    3.8275153999    2.2837428140
   1.9292231555    2.2461283211    1.3237428140
   1.6719919308    3.2061283211    1.3237428140
   0.9692231555    3.9088970964    1.3237428140
   0.0092231555    4.1661283211    1.3237428140
  -0.9507768445    3.9088970964    1.3237428140
   1.6719919308    2.2461283211    0.3637428140
   1.3544313524    3.2234792852    0.3637428140
   0.5230469648    3.8275153999    0.3637428140
  -0.5046006538    3.8275153999    0.3637428140
  -1.3359850414    3.2234792852    0.3637428140
   0.9692231555    2.2461283211   -0.3390259613
   0.4892231555    3.0775127088   -0.3390259613
   2.3220307537   -1.0871315943    2.0584416002
   0.8641813903   -1.9288213167    2.0584416002
   1.8360809659   -1.9288213167    2.0584416002
   3.1014336988   -1.0871315943    1.4368884922
   2.7669646796   -0.0577418003    1.4368884922
   0.8089489369   -2.7527192686    1.4368884922
   1.8913134193   -2.7527192686    1.4368884922
   2.7669646796   -2.1165213883    1.4368884922
   3.5339697014   -1.0871315943    0.5387182281
   3.2838241576   -0.0722512285    0.5387182281
  -0.2844954289   -2.5352844010    0.5387182281
   0.5757313652   -3.1290560850    0.5387182281
   1.6133638239   -3.2550474760    0.5387182281
   2.5906928557   -2.8843954647    0.5387182281
   3.2838241576   -2.1020119601    0.5387182281
   3.5339697014   -1.0871315943   -0.4581755560
   3.2838241576   -0.0722512285   -0.4581755560
   0.5757313652   -3.1290560850   -0.4581755560
   1.6133638239   -3.2550474760   -0.4581755560
   2.5906928557   -2.8843954647   -0.4581755560
   3.2838241576   -2.1020119601   -0.4581755560
   3.1014336988   -1.0871315943   -1.3563458201
   2.7669646796   -0.0577418003   -1.3563458201
   0.8089489369   -2.7527192686   -1.3563458201
   1.8913134193   -2.7527192686   -1.3563458201
   2.7669646796   -2.1165213883   -1.3563458201
   0.2105230348    2.8297388215   -2.1991619804
   2.7049977725   -0.9035064459   -2.1991619804
  -1.3447565252   -1.8205200607   -3.2324072478
   2.1197113440    0.1297388215   -4.1083502896
   1.0036285210    1.8663975927   -4.1083502896
  -1.0397294226   -1.3131294305   -4.1083502896
   1.2437683021    0.1297388215   -4.6936367182
   0.7271456685    1.0245554714   -4.6936367182
   0.7271456685   -0.7650778284   -4.6936367182
  -1.2568008731    2.4949367757   -2.9615685372
  -2.1076375331    1.9076466333   -2.9615685372
   0.2862271844    2.1768728302   -4.0415685372
  -0.7570705701    2.3268764015   -4.0415685372
  -1.7158465452    1.8890180849   -4.0415685372
  -2.2856961432    1.0023148023   -4.0415685372
  -2.2856961432   -0.0517114193   -4.0415685372
  -1.7158465452   -0.9384147019   -4.0415685372
   0.0491456829    1.4106091276   -4.8321834094
  -1.0308543171    1.4106091276   -4.8321834094
  -1.5708543171    0.4753016915   -4.8321834094
  -1.0308543171   -0.4600057446   -4.8321834094
   0.0491456829   -0.4600057446   -4.8321834094
  -0.4908543171    0.4753016915   -5.1215685372
  -0.2698324782   -2.9165558024   -2.4234107636
   0.7564733072   -3.0411718862   -2.4234107636
   1.7231339307   -2.6745658685   -2.4234107636
   2.4086990932   -1.9007227698   -2.4234107636
   2.3667289500   -0.8969207182   -3.5034107636
  -0.7288781503   -2.3106371116   -3.5034107636
   0.2298978248   -2.7484954281   -3.5034107636
   1.2731955793   -2.5984918569   -3.5034107636
   2.0697754476   -1.9082514718   -3.5034107636
   1.5761140778   -0.8969207182   -4.2940256358
  -0.0438859222   -1.8322281542   -4.2940256358
   1.0361140778   -1.8322281542   -4.2940256358
   2.9797318174    0.7459815916   -1.1784809271
   2.6827783150    1.7573123452   -1.1784809271
   1.8861984467    2.4475527303   -1.1784809271
   3.2691169453    0.7459815916   -2.2584809271
   3.0217019607    1.7497836432   -2.2584809271
   2.3361367982    2.5236267419   -2.2584809271
   1.3694761746    2.8902327596   -2.2584809271
   3.0217019607   -0.2578204601   -2.2584809271
   2.9797318174    0.7459815916   -3.3384809271
   2.6827783150    1.7573123452   -3.3384809271
   1.8861984467    2.4475527303   -3.3384809271
   0.8429006923    2.5975563015   -3.3384809271
   2.6827783150   -0.2653491621   -3.3384809271
   2.1891169453    0.7459815916   -4.1290957993
   1.6491169453    1.6812890276   -4.1290957993
  -1.9843763724   -2.5180084885    1.1739453965
  -0.9195650607   -2.3649117347    1.1739453965
  -3.2679501070    1.3220059188    0.2980023547
  -3.2679501070   -2.5785118457    0.2980023547
  -4.2071452848   -1.6614982308   -0.7352429127
  -3.6218588562   -2.5374412726   -0.7352429127
  -3.2679501070   -2.5785118457   -1.7684881801
  -2.9629230044   -2.0711212155   -2.6444312219
   0.5244135615    3.0420051569   -0.6315411924
  -0.4422470621    3.4086111746   -0.6315411924
  -1.4685528474    3.2839950908   -0.6315411924
  -2.3193895075    2.6967049484   -0.6315411924
   0.0744752100    2.9659311453   -1.7115411924
  -0.9688225444    3.1159347166   -1.7115411924
  -1.9275985195    2.6780764000   -1.7115411924
   2.4437079056    1.6517994753    0.2534774369
   2.7819636769    0.8249231925   -0.7797678305
  -3.2058663181    1.7328557606   -1.4740097437
  -4.0567029781    1.1455656182   -1.4740097437
  -4.5371540877    0.2301425112   -1.4740097437
  -4.5371540877   -0.8037011585   -1.4740097437
  -2.7061360151    1.5647953863   -2.5540097437
  -3.6649119902    1.1269370698   -2.5540097437
  -4.2347615882    0.2402337872   -2.5540097437
  -4.2347615882   -0.8137924344   -2.5540097437
  -3.6649119902   -1.7004957171   -2.5540097437
  -2.9799197621    0.6485281125   -3.3446246159
  -3.5199197621   -0.2867793236   -3.3446246159
  -2.9799197621   -1.2220867597   -3.3446246159
  -2.4399197621   -0.2867793236   -3.6340097437
  -3.2614156589   -0.5752408374    2.1198071659
  -2.7214156589   -1.5105482735    2.1198071659
  -1.6414156589   -1.5105482735    2.1198071659
  -3.9762574851   -0.0482277266    1.3291922937
  -3.9762574851   -1.1022539482    1.3291922937
  -3.4064078870   -1.9889572308    1.3291922937
  -2.4476319119   -2.4268155474    1.3291922937
  -3.7981988750    0.8571041044    0.2491922937
  -4.2786499846   -0.0583190025    0.2491922937
  -4.2786499846   -1.0921626722    0.2491922937
  -0.9415491227   -2.6105175517    0.9308130054
  -2.7065413508   -3.0889265091    0.1401981333
  -1.7477653757   -3.5267848256    0.1401981333
  -0.7044676212   -3.3767812544    0.1401981333
  -3.0983323387   -3.1075550574   -0.9398018667
  -2.2474956787   -3.6948451998   -0.9398018667
  -1.2211898933   -3.8194612837   -0.9398018667
  -0.2545292698   -3.4528552660   -0.9398018667
  -2.7065413508   -3.0889265091   -2.0198018667
  -1.7477653757   -3.5267848256   -2.0198018667
  -0.7044676212   -3.3767812544   -2.0198018667
  -2.0215491227   -2.6105175517   -2.8104167389
  -0.9415491227   -2.6105175517   -2.8104167389
   1.5165958711    0.2216176059    3.7678852199
  -0.1234846627   -0.7252833318    3.7678852199
   0.9699023599   -0.7252833318    3.7678852199
   2.3934241844    0.2216176059    3.0686379735
   2.0806594603    1.2867964357    3.0686379735
  -0.8670078123   -1.2673717955    3.0686379735
   0.1428179717   -1.7285437786    3.0686379735
   1.2416658779   -1.5705533013    3.0686379735
   2.0806594603   -0.8435612238    3.0686379735
   2.8800271873    0.2216176059    2.0581964264
   2.6367256858    1.2875911331    2.0581964264
  -1.1085923306   -1.6992003180    2.0581964264
  -0.1234846627   -2.1736031676    2.0581964264
  -2.1790939040    1.8885368514    3.7432848046
  -2.1790939040    0.8127758438    3.7432848046
  -1.5974935934   -0.0922119044    3.7432848046
  -0.6189469614   -0.5390991774    3.7432848046
   1.9002029445    2.4329683740    2.8673417628
   1.2080384240    3.3009152298    2.8673417628
   0.2078317124    3.7825893957    2.8673417628
  -0.9023139843    3.7825893957    2.8673417628
  -1.9025206960    3.3009152298    2.8673417628
  -1.9025206960   -0.5996025346    2.8673417628
   2.1472336018    2.3839016150    1.8340964954
  -1.3804864033    3.8451310854    1.8340964954
  -2.2564294452    3.2598446568    1.8340964954
  -1.9025206960    3.3009152298    0.8008512280
  -0.2182767907    1.4847394665    5.0644155159
   0.8617232093    1.4847394665    4.7750303880
   0.3217232093    2.4200469026    4.7750303880
  -0.7582767907    2.4200469026    4.7750303880
  -1.2982767907    1.4847394665    4.7750303880
  -0.7582767907    0.5494320304    4.7750303880
   0.3217232093    0.5494320304    4.7750303880
   1.6523380814    1.4847394665    3.9844155159
   1.3553845790    2.4960702202    3.9844155159
   0.5588047107    3.1863106052    3.9844155159
  -0.4844930437    3.3363141765    3.9844155159
  -1.4432690189    2.8984558600    3.9844155159
  -2.0131186169    2.0117525773    3.9844155159
  -2.0131186169    0.9577263557    3.9844155159
  -1.4432690189    0.0710230731    3.9844155159
  -0.4844930437   -0.3668352434    3.9844155159
   0.5588047107   -0.2168316722    3.9844155159
   1.3553845790    0.4734087129    3.9844155159
  -2.4863642301    1.2063115980    3.4941138025
  -2.6313564582    2.6200279915    2.7034989303
  -3.2012060563    1.7333247088    2.7034989303
  -3.2012060563    0.6792984872    2.7034989303
  -2.6313564582   -0.2074047954    2.7034989303
  -3.0231474461    2.6386565398    1.6234989303
  -3.5035985557    1.7232334329    1.6234989303
  -3.5035985557    0.6893897632    1.6234989303
  -2.6313564582    2.6200279915    0.5434989303
  -3.2012060563    1.7333247088    0.5434989303
   1.5828845253    3.2574590748    2.4037428140
   0.7863046570    3.9476994598    2.4037428140
  -0.2569930975    4.0977030311    2.4037428140
   2.1692231555    2.2461283211    1.3237428140
   1.9218081709    3.2499303727    1.3237428140
   1.2362430085    4.0237734715    1.3237428140
   0.2695823849    4.3903794892    1.3237428140
  -0.7567234005    4.2657634053    1.3237428140
   1.8798380277    2.2461283211    0.2437428140
   1.5828845253    3.2574590748    0.2437428140
   0.7863046570    3.9476994598    0.2437428140
  -0.2569930975    4.0977030311    0.2437428140
  -1.2157690726    3.6598447146    0.2437428140
   0.5492231555    3.1814357572   -0.5468720582
   2.4435182006   -1.0871315943    2.3107128832
   1.8968246894   -2.0340325320    2.3107128832
   3.3203465139   -1.0871315943    1.6114656367
   3.0075817898   -0.0219527646    1.6114656367
   0.0599145172   -2.5761209957    1.6114656367
   1.0697403012   -3.0372929788    1.6114656367
   2.1685882074   -2.8793025015    1.6114656367
   3.0075817898   -2.1523104240    1.6114656367
   3.8069495168   -1.0871315943    0.6010240896
   3.5636480153   -0.0211580672    0.6010240896
  -0.1816700011   -3.0079495182    0.6010240896
   0.8034376668   -3.4823523679    0.6010240896
   1.8968246894   -3.4823523679    0.6010240896
   2.8819323573   -3.0079495182    0.6010240896
   3.5636480153   -2.1531051214    0.6010240896
   3.8069495168   -1.0871315943   -0.5204814175
   3.5636480153   -0.0211580672   -0.5204814175
   2.8819323573    0.8336863296   -0.5204814175
   0.8034376668   -3.4823523679   -0.5204814175
   1.8968246894   -3.4823523679   -0.5204814175
   2.8819323573   -3.0079495182   -0.5204814175
   3.5636480153   -2.1531051214   -0.5204814175
   3.3203465139   -1.0871315943   -1.5309229646
   3.0075817898   -0.0219527646   -1.5309229646
   1.0697403012   -3.0372929788   -1.5309229646
   2.1685882074   -2.8793025015   -1.5309229646
   3.0075817898   -2.1523104240   -1.5309229646
   0.4831228220    3.0715590318   -1.6782174474
   0.4831228220    3.0715590318   -2.7201065134
  -0.5979932682    2.9713788729   -2.7201065134
   2.9654406777   -0.9375219592   -2.7201065134
  -1.8913647729   -1.3973720598   -3.6991619804
   2.5839837562   -0.9269939751   -3.6991619804
   2.1388858638    0.1297388215   -4.4972953098
   1.0115939045    1.8838393495   -4.4972953098
  -1.0522860628   -1.3276205657   -4.4972953098
   1.8327650773   -0.9128128347   -4.4972953098
   1.2365834647    0.1297388215   -5.0182398428
   0.7235532497    1.0183332197   -5.0182398428
  -0.3025071802   -0.7588555766   -5.0182398428
   0.7235532497   -0.7588555766   -5.0182398428
  -1.9497125830    2.3046520952   -2.4275182957
  -1.0115148040    2.7564643330   -3.4956187787
  -1.9497125830    2.3046520952   -3.4956187787
  -2.5989655906    1.4905145745   -3.4956187787
   0.2886285680    2.1821311269   -4.4579440617
  -0.7578932474    2.3325982482   -4.4579440617
  -1.7196320893    1.8933868357   -4.4579440617
  -2.2912426706    1.0039434097   -4.4579440617
  -2.2912426706   -0.0533400267   -4.4579440617
  -1.7196320893   -0.9427834527   -4.4579440617
   0.0298061699    1.3771121084   -5.1238938202
  -1.0115148040    1.3771121084   -5.1238938202
  -1.5321752909    0.4753016915   -5.1238938202
  -1.0115148040   -0.4265087254   -5.1238938202
  -0.4908543171    0.4753016915   -5.3615685372
   1.0167745648   -3.1780833596   -1.8893605221
  -0.0245464091   -3.1780833596   -2.9574610051
   1.0167745648   -3.1780833596   -2.9574610051
   1.9549723437   -2.7262711219   -2.9574610051
   2.6042253514   -1.9121336011   -2.9574610051
  -0.7326636944   -2.3150058624   -3.9197862880
   0.2290751474   -2.7542172748   -3.9197862880
   1.2755969629   -2.6037501536   -3.9197862880
   2.0746384699   -1.9113767465   -3.9197862880
  -0.0245464091   -1.7987311350   -4.5857360465
   1.0167745648   -1.7987311350   -4.5857360465
   2.6876413373    1.7604376199   -0.7621054026
   1.8885998303    2.4528110270   -0.7621054026
   3.4489439345    0.7459815916   -1.7244306856
   3.2172282188    1.7611944745   -1.7244306856
   2.5679752112    2.5753319953   -1.7244306856
   1.6297774322    3.0271442330   -1.7244306856
   3.4489439345    0.7459815916   -2.7925311686
   3.2172282188    1.7611944745   -2.7925311686
   2.5679752112    2.5753319953   -2.7925311686
   1.6297774322    3.0271442330   -2.7925311686
   3.2172282188   -0.2692312914   -2.7925311686
   2.9855125032    0.7459815916   -3.7548564515
   2.6876413373    1.7604376199   -3.7548564515
   1.8885998303    2.4528110270   -3.7548564515
   2.1504379191    0.7459815916   -4.4208062100
   1.6297774322    1.6477920084   -4.4208062100
  -3.0117086527   -2.8782529634    0.7647570873
  -3.4931083334    1.7294276939   -0.2142983797
  -4.2245718280    0.9270504629   -0.2142983797
  -4.6167891357   -0.0853791142   -0.2142983797
  -4.6167891357   -1.1711268127   -0.2142983797
  -4.2245718280   -2.1835563898   -0.2142983797
  -3.4931083334   -2.9859336208   -0.2142983797
  -4.2245718280   -2.1835563898   -1.2561874457
  -3.4931083334   -2.9859336208   -1.2561874457
  -3.8145583546   -2.1553638448   -2.2352429127
  -2.9754796445   -2.0856123507   -3.0333762420
  -2.2257007620   -1.5168473616   -3.5543207750
  -2.1614645573    3.0937104103   -0.0974909509
  -2.8107175650    2.2795728895   -0.0974909509
   0.7562519745    3.0937104103   -1.1655914339
  -0.1819458045    3.5455226481   -1.1655914339
  -1.2232667783    3.5455226481   -1.1655914339
  -2.1614645573    3.0937104103   -1.1655914339
  -2.8107175650    2.2795728895   -1.1655914339
  -0.9696452218    3.1216565633   -2.1279167169
  -1.9313840636    2.6824451508   -2.1279167169
  -0.7645185093   -2.5073888339    1.7534774369
   3.2894372394    0.8098719468    0.7744219699
   2.7178647301    1.7329932452    0.7744219699
   2.7178647301    1.7329932452   -0.2674670961
   1.8514193622    2.3873024147   -0.2674670961
  -3.8987780280    1.5425710801   -0.9399595022
  -4.5480310356    0.7284335593   -0.9399595022
  -4.7797467513   -0.2867793236   -0.9399595022
  -2.9605802490    1.9943833179   -2.0080599852
  -3.8987780280    1.5425710801   -2.0080599852
  -4.5480310356    0.7284335593   -2.0080599852
  -4.7797467513   -0.2867793236   -2.0080599852
  -4.5480310356   -1.3019922066   -2.0080599852
  -2.7069586924    1.5705172331   -2.9703852682
  -3.6686975343    1.1313058206   -2.9703852682
  -4.2403081156    0.2418623945   -2.9703852682
  -4.2403081156   -0.8154210418   -2.9703852682
  -3.6686975343   -1.7048644679   -2.9703852682
  -2.9605802490    0.6150310932   -3.6363350267
  -3.4812407359   -0.2867793236   -3.6363350267
  -2.9605802490   -1.1885897405   -3.6363350267
  -3.2227366328   -0.5752408374    2.4115175767
  -2.7020761459   -1.4770512543    2.4115175767
  -1.6607551720   -1.4770512543    2.4115175767
  -3.9818040125   -0.0465991192    1.7455678181
  -3.9818040125   -1.1038825556    1.7455678181
  -3.4101934312   -1.9933259816    1.7455678181
  -2.4484545893   -2.4325373941    1.7455678181
  -4.2895269325    0.4399720456    0.7832425352
  -4.5212426482   -0.5752408374    0.7832425352
  -4.2895269325   -1.5904537204    0.7832425352
  -3.6402739248   -2.4045912411    0.7832425352
  -1.7485880531   -3.5325066723    0.5565736577
  -0.7020662376   -3.3820395511    0.5565736577
  -2.9404073886   -3.5045605194   -0.4057516252
  -2.0022096096   -3.9563727571   -0.4057516252
  -0.9608886358   -3.9563727571   -0.4057516252
  -0.0226908568   -3.5045605194   -0.4057516252
  -2.9404073886   -3.5045605194   -1.4738521082
  -2.0022096096   -3.9563727571   -1.4738521082
  -0.9608886358   -3.9563727571   -1.4738521082
  -0.0226908568   -3.5045605194   -1.4738521082
  -2.7103268949   -3.0932952599   -2.4361773912
  -1.7485880531   -3.5325066723   -2.4361773912
  -0.7020662376   -3.3820395511   -2.4361773912
  -2.0022096096   -2.5770205325   -3.1021271497
   1.4947224592    0.2216176059    4.0843063639
  -0.1125479567   -0.7063404014    4.0843063639
   0.9589656539   -0.7063404014    4.0843063639
   2.4031078359    0.2216176059    3.4773426602
  -0.5667406451   -1.4930252140    3.4773426602
   0.4232088486   -1.7582813814    3.4773426602
   1.4131583422   -1.4930252140    3.4773426602
   2.1378516685   -0.7683318877    3.4773426602
   3.0100715396    0.2216176059    2.5689572835
   2.7864255095    1.2737894530    2.5689572835
  -1.6696070306   -1.2989021336    2.5689572835
  -0.8702224969   -2.0186712006    2.5689572835
   0.1528080668   -2.3510739806    2.5689572835
   2.7864255095   -0.8305542411    2.5689572835
   3.0341310909    1.2330942713    1.4974436728
  -2.1974917210    0.8073737573    4.1322298248
  -1.6100502335   -0.1067030397    4.1322298248
  -0.6216757801   -0.5580785283    4.1322298248
   2.2508350754    1.3506563476    3.3340964954
   2.0262195855    2.4073891443    3.3340964954
   1.3912111747    3.2814032403    3.3340964954
   0.4556085660    3.8215736582    3.3340964954
  -0.6188140498    3.9345000256    3.3340964954
  -1.6462792416    3.6006563476    3.3340964954
  -2.4491289436    2.8777672290    3.3340964954
  -2.4491289436   -0.1764545338    3.3340964954
  -1.6462792416   -0.8993436524    3.3340964954
   2.4076765070    2.4179171283    2.3550410284
  -1.1557574390    4.1922963989    2.3550410284
  -2.1276789224    3.7083370050    2.3550410284
   2.4076765070    2.4179171283    1.3131519624
  -2.1276789224    3.7083370050    1.3131519624
  -0.2182767907    1.4847394665    5.3044155159
   0.8230441831    1.4847394665    5.0667407988
   0.3023836962    2.3865498834    5.0667407988
  -0.7389372777    2.3865498834    5.0667407988
  -1.2595977646    1.4847394665    5.0667407988
  -0.7389372777    0.5829290497    5.0667407988
   0.3023836962    0.5829290497    5.0667407988
   1.6581187672    1.4847394665    4.4007910403
   1.3602476014    2.4991954948    4.4007910403
   0.5612060944    3.1915689020    4.4007910403
  -0.4853157211    3.3420360232    4.4007910403
  -1.4470545630    2.9028246108    4.4007910403
  -2.0186651443    2.0133811847    4.4007910403
  -2.0186651443    0.9560977484    4.4007910403
  -1.4470545630    0.0666543223    4.4007910403
  -0.4853157211   -0.3725570901    4.4007910403
   0.5612060944   -0.2220899689    4.4007910403
   1.3602476014    0.4702834382    4.4007910403
  -3.2067525836    1.7349533162    3.1198744547
  -3.2067525836    0.6776698798    3.1198744547
  -2.6351420023   -0.2117735462    3.1198744547
  -2.8652224960    3.0356620017    2.1575491718
  -3.5144755037    2.2215244810    2.1575491718
  -3.7461912193    1.2063115980    2.1575491718
  -3.5144755037    0.1910987150    2.1575491718
  -2.8652224960    3.0356620017    1.0894486888
  -3.5144755037    2.2215244810    1.0894486888
  -3.7461912193    1.2063115980    1.0894486888
  -2.6351420023    2.6243967422    0.1271234058
   0.7887060406    3.9529577566    2.8201183385
   2.1173344291    3.2613412041    1.8577930555
   1.4680814214    4.0754787248    1.8577930555
   0.5298836425    4.5272909626    1.8577930555
  -0.5114373314    4.5272909626    1.8577930555
   2.3490501448    2.2461283211    0.7896925725
   2.1173344291    3.2613412041    0.7896925725
   1.4680814214    4.0754787248    0.7896925725
   0.5298836425    4.5272909626    0.7896925725
  -0.5114373314    4.5272909626    0.7896925725
  -1.4496351104    4.0754787248    0.7896925725
   1.5877475476    3.2605843494   -0.1726327104
   0.7887060406    3.9529577566   -0.1726327104
  -0.2578157748    4.1034248778   -0.1726327104
  -1.2195546167    3.6642134653   -0.1726327104
   1.8858879834   -2.0150896016    2.6271340271
   3.3300301654   -1.0871315943    2.0201703234
   0.3601816844   -2.8017744142    2.0201703234
   1.3501311781   -3.0670305816    2.0201703234
   2.3400806717   -2.8017744142    2.0201703234
   3.0647739980   -2.0770810880    2.0201703234
   3.9369938691   -1.0871315943    1.1117849467
   3.7133478390   -0.0349597472    1.1117849467
   0.0566998325   -3.3274204008    1.1117849467
   1.0797303963   -3.6598231808    1.1117849467
   2.1495157117   -3.5473842134    1.1117849467
   3.0810801791   -3.0095452174    1.1117849467
   3.7133478390   -2.1393034413    1.1117849467
   4.1501311781   -1.0871315943    0.0402713360
   3.9610534204   -0.0756549290    0.0402713360
   3.4193561463    0.7992162079    0.0402713360
   0.5838748059   -3.7802433952    0.0402713360
   1.6084825846   -3.8751872879    0.0402713360
   2.5981985742   -3.5935888101    0.0402713360
   3.4193561463   -2.9734793965    0.0402713360
   3.9610534204   -2.0986082596    0.0402713360
   3.9369938691   -1.0871315943   -1.0312422746
   3.7133478390   -0.0349597472   -1.0312422746
   1.0797303963   -3.6598231808   -1.0312422746
   2.1495157117   -3.5473842134   -1.0312422746
   3.0810801791   -3.0095452174   -1.0312422746
   3.7133478390   -2.1393034413   -1.0312422746
   3.3300301654   -1.0871315943   -1.9396276513
   2.3400806717   -2.8017744142   -1.9396276513
   3.0647739980   -2.0770810880   -1.9396276513
