    0.0127546797
    0.0155104991
    0.0147711044
    0.0174288944
    0.0188659088
    0.0159668737
    0.0284950903
    0.0138991856
    0.0123307602
    0.0302242977
    0.0127771635
    0.0150376504
    0.0283086354
    0.0270144123
    0.0080116859
    0.0113657369
    0.0178833932
    0.0364887587
    0.0150427928
    0.0241747623
    0.0190887125
    0.0274056752
    0.0186319647
    0.0234128723
    0.0030690278
    0.0122445011
    0.0301367261
    0.0168805397
    0.0198886368
    0.0167557412
    0.0219757915
    0.0181621865
    0.0311534432
    0.0324880810
    0.0328214201
    0.0184031195
    0.0221845061
    0.0374540284
    0.0406036615
    0.0341477176
    0.0241516612
    0.0309023373
    0.0384411361
    0.0280381524
    0.0275424240
   -0.0133389647
   -0.0203761227
   -0.0147523115
   -0.0260174668
   -0.0339385235
   -0.0336492803
   -0.0292803697
   -0.0132012815
   -0.0172863123
   -0.0302378219
   -0.0384393018
   -0.0398649262
   -0.0383378896
   -0.0297096400
   -0.0084655193
    0.0026539176
   -0.0034147071
   -0.0298070162
   -0.0379754241
   -0.0401212665
   -0.0361382707
   -0.0258177081
   -0.0224846861
   -0.0349961016
   -0.0242667193
    0.0011134968
   -0.0144579152
   -0.0299609755
   -0.0354742437
   -0.0287115613
   -0.0144270090
   -0.0309476668
   -0.0380244172
   -0.0385737811
   -0.0336396957
   -0.0150407242
   -0.0048734012
   -0.0263924853
   -0.0367343708
   -0.0381618447
   -0.0347102135
   -0.0260940683
   -0.0056474576
   -0.0073111941
   -0.0285367179
   -0.0303277292
   -0.0221958185
   -0.0014005515
   -0.0110028797
   -0.0015135006
    0.0074377764
    0.0129772967
    0.0205378512
    0.0282587442
    0.0170051653
    0.0132927881
    0.0190361958
    0.0092794777
    0.0143746150
    0.0254994644
    0.0176325562
    0.0170687022
    0.0186307170
    0.0129667994
    0.0097200445
    0.0282610590
    0.0210764077
    0.0260509073
    0.0114230678
    0.0123571546
    0.0101997822
    0.0159160258
   -0.0013537542
    0.0111704999
    0.0282673375
    0.0370819665
    0.0206383353
    0.0223275297
    0.0302785967
    0.0054500170
    0.0158411313
    0.0264498517
    0.0325885918
    0.0047123718
    0.0210802581
    0.0266871587
    0.0287700482
    0.0310485891
    0.0212368551
    0.0342733901
    0.0349944346
    0.0302734720
    0.0362721714
    0.0332211300
    0.0279995084
    0.0026819682
    0.0207860168
    0.0079905573
    0.0000444369
    0.0000588359
    0.0011811543
    0.0038523633
    0.0066415058
    0.0057058353
    0.0004891822
    0.0050559278
   -0.0012567570
   -0.0043038622
   -0.0065510064
   -0.0015753419
    0.0037498593
   -0.0029218243
   -0.0048406825
   -0.0058428806
   -0.0011808069
    0.0018293947
   -0.0022872784
   -0.0023723509
    0.0118244995
   -0.0037492719
   -0.0050092126
   -0.0037409859
    0.0045032739
   -0.0045112497
   -0.0046583209
   -0.0016404783
    0.0008226235
   -0.0026906422
    0.0071464040
    0.0051014893
    0.0112348751
   -0.0023959581
   -0.0021606737
   -0.0013715609
   -0.0057371130
   -0.0045584338
   -0.0026013804
    0.0022685104
   -0.0016421649
   -0.0062790105
   -0.0037700582
   -0.0005762456
    0.0046264744
    0.0063717909
    0.0047178312
    0.0060286508
   -0.0031146695
    0.0006616057
   -0.0022990360
   -0.0049722257
   -0.0045782704
    0.0035442850
   -0.0042554254
   -0.0052177475
   -0.0036397290
    0.0005191876
    0.0037581471
    0.0012093539
    0.0001838729
    0.0001456165
    0.0057933902
    0.0066335036
    0.0028617569
    0.0082454725
    0.0202972195
    0.0269953773
    0.0066348604
    0.0169596152
    0.0242116121
    0.0117338244
    0.0085118561
    0.0053024773
    0.0284094067
    0.0200881912
    0.0248968087
    0.0110738281
    0.0109212915
    0.0259642621
    0.0257584203
    0.0270855619
    0.0079667165
    0.0155993510
    0.0126978312
    0.0167829672
    0.0158756161
    0.0251698599
    0.0143325314
    0.0113634885
    0.0078399049
    0.0130112603
    0.0311537782
    0.0207323887
    0.0181650361
    0.0270641772
    0.0135985584
    0.0165929275
    0.0211032880
    0.0169564824
    0.0244227798
    0.0315509723
    0.0192641191
    0.0205283246
    0.0062463240
    0.0006337718
    0.0177498643
    0.0154901509
    0.0228527918
    0.0315271425
    0.0142899979
    0.0113753766
    0.0294513898
   -0.0186369903
   -0.0141462679
   -0.0258285611
   -0.0239163728
   -0.0030179576
   -0.0275409270
   -0.0361217394
    0.0059671240
   -0.0093120469
   -0.0200648013
    0.0018222632
   -0.0093156782
   -0.0119739355
    0.0053621035
   -0.0248139746
   -0.0134508568
   -0.0131059578
   -0.0236602361
   -0.0220441372
   -0.0123076311
   -0.0127796839
   -0.0333660671
   -0.0267845113
    0.0105062134
    0.0034933922
   -0.0309417857
   -0.0109290529
   -0.0063577142
   -0.0170186181
   -0.0248842599
   -0.0144965217
    0.0013378325
    0.0002430175
   -0.0165928754
    0.0056302071
   -0.0081004320
   -0.0043770391
   -0.0088887875
   -0.0210217990
   -0.0197860985
   -0.0094321036
    0.0151523214
    0.0029014023
    0.0099459118
    0.0166156510
    0.0169090301
   -0.0149279691
    0.0103739521
    0.0183007784
    0.0123374058
    0.0216085520
    0.0087989459
    0.0170207944
    0.0163961443
    0.0115710730
    0.0142922115
    0.0164520077
    0.0163307045
    0.0176274862
    0.0066743206
   -0.0007511463
    0.0033809904
    0.0173741262
    0.0155176090
    0.0089834908
    0.0090022350
    0.0150161600
    0.0231907396
    0.0134571658
    0.0082012918
    0.0363961122
    0.0286272610
    0.0206524974
    0.0070742122
    0.0198305171
    0.0360900001
    0.0328879296
    0.0254507507
    0.0276913569
    0.0293166846
    0.0319180649
    0.0340091560
    0.0407048781
    0.0271311639
    0.0256796811
    0.0333728707
    0.0355509971
    0.0284959972
    0.0102750275
    0.0098545786
    0.0169019105
    0.0157783259
    0.0022457410
    0.0117572251
    0.0114221142
   -0.0342458325
   -0.0409349261
   -0.0426327867
   -0.0383726433
   -0.0285196183
   -0.0169708620
   -0.0458403500
   -0.0452862546
   -0.0427052160
   -0.0394660789
   -0.0304200544
   -0.0170531461
   -0.0016613193
   -0.0353457243
   -0.0383470963
   -0.0375423915
   -0.0356304185
   -0.0264448110
   -0.0200687558
   -0.0225179852
   -0.0138693520
   -0.0070338640
   -0.0263591686
   -0.0037037734
   -0.0265948730
   -0.0387178144
   -0.0445373276
   -0.0077164869
   -0.0284427228
   -0.0381888961
   -0.0434127802
   -0.0433412751
   -0.0276852285
   -0.0054476581
   -0.0169958214
   -0.0353060490
   -0.0405491804
   -0.0394301131
   -0.0285894536
   -0.0131581028
   -0.0001556625
   -0.0298231945
   -0.0359349538
   -0.0245628957
    0.0171933344
    0.0169941384
    0.0104236387
    0.0155195920
    0.0173755604
    0.0113710073
    0.0092875496
    0.0163178867
    0.0168422392
    0.0105005954
    0.0036922152
    0.0142061739
    0.0163848952
    0.0093458260
    0.0144494390
    0.0171484326
    0.0130987360
    0.0050569221
    0.0042395102
    0.0143259423
    0.0166385626
    0.0143751599
    0.0108082600
    0.0155054803
    0.0184977819
    0.0117412952
    0.0099861551
    0.0169261663
   -0.0113147640
    0.0097055316
    0.0147569618
    0.0161081476
    0.0173329655
   -0.0068109084
    0.0026633194
    0.0121573134
    0.0127625082
    0.0110546384
    0.0101372776
    0.0168794341
    0.0165709864
    0.0132825349
    0.0206889064
    0.0122119066
    0.0055430711
    0.0123418935
    0.0143040246
    0.0062843229
    0.0071931161
    0.0182439536
    0.0165395498
    0.0124911989
    0.0222440953
    0.0182556274
    0.0112372717
    0.0155134903
    0.0102888421
    0.0121241442
    0.0241361373
    0.0092350031
    0.0137196125
    0.0141463480
    0.0206336921
    0.0188759558
    0.0223982146
    0.0136646419
    0.0252987110
    0.0292340449
    0.0269424190
    0.0186424606
    0.0233240265
    0.0308060467
    0.0304743722
    0.0251435109
    0.0128721985
    0.0270297411
    0.0271494374
    0.0189974797
   -0.0017902312
   -0.0091901639
   -0.0042948330
   -0.0198786630
   -0.0223014158
   -0.0193799262
   -0.0094789988
    0.0035172992
   -0.0204285052
   -0.0279192038
   -0.0291719462
   -0.0271884524
   -0.0200362703
   -0.0002021093
   -0.0147257026
   -0.0236791580
   -0.0301188405
   -0.0318921487
   -0.0302350919
   -0.0229064496
   -0.0088555134
   -0.0019245257
   -0.0015657200
   -0.0060505888
   -0.0230753039
   -0.0293180716
   -0.0311060244
   -0.0272166803
   -0.0197718168
   -0.0178917619
   -0.0267975232
   -0.0158219030
    0.0014458354
   -0.0103316215
   -0.0218280402
   -0.0255869813
   -0.0182020644
   -0.0114309462
   -0.0232977224
   -0.0289571001
   -0.0293169160
   -0.0237995083
    0.0002381282
   -0.0152438337
   -0.0254990630
   -0.0299319560
   -0.0299225107
   -0.0263776873
   -0.0173791318
    0.0024762394
   -0.0017884903
   -0.0190568421
   -0.0264574255
   -0.0269735115
   -0.0229531208
   -0.0137285863
    0.0038766243
   -0.0144158177
   -0.0186715175
   -0.0124405710
   -0.0011137038
    0.0039370109
    0.0060208700
    0.0067584455
    0.0192116662
    0.0141253086
    0.0229688564
    0.0127719926
    0.0160972457
    0.0085462670
    0.0106401149
    0.0086314012
    0.0168206478
    0.0194183517
    0.0156780182
    0.0194538376
    0.0081845263
    0.0232059191
    0.0220888907
    0.0062506732
    0.0009636134
    0.0057036980
    0.0102351104
    0.0008108010
    0.0120386771
    0.0051834232
    0.0233788808
    0.0306410899
    0.0186233299
    0.0170201997
    0.0201773466
    0.0258519264
    0.0080427297
    0.0078349585
    0.0164895919
    0.0235601013
    0.0293583951
    0.0022032188
    0.0159934228
    0.0225738295
    0.0279979602
    0.0053143425
    0.0171227874
    0.0236331105
    0.0252155889
    0.0230647760
    0.0294550765
    0.0285816781
    0.0306911130
    0.0286507493
    0.0277104137
    0.0254385591
    0.0022543531
    0.0016019798
    0.0056832737
    0.0127486183
    0.0171659987
    0.0146566964
    0.0067828117
    0.0012527428
    0.0004344879
    0.0010094168
    0.0029996873
    0.0058093550
    0.0053489676
    0.0013140675
    0.0011874259
   -0.0028686256
   -0.0051262723
   -0.0008067468
   -0.0030761928
   -0.0046786478
   -0.0047209679
    0.0026074430
   -0.0015888279
   -0.0033803663
   -0.0037609932
   -0.0012807437
    0.0022226873
   -0.0003724522
   -0.0002537517
   -0.0016542833
   -0.0036661165
   -0.0047914405
   -0.0027783010
   -0.0042706325
   -0.0040754723
   -0.0026750407
    0.0021540853
   -0.0020853743
   -0.0037384239
   -0.0026496333
    0.0023319072
    0.0014310105
   -0.0012895384
    0.0053610011
    0.0038257714
   -0.0002719036
   -0.0002738184
   -0.0029687723
   -0.0036542774
   -0.0024159197
    0.0001912448
    0.0057584095
   -0.0036789071
   -0.0047908009
   -0.0035805517
   -0.0015453050
    0.0012412542
    0.0059243676
   -0.0050073679
   -0.0036786891
   -0.0002298994
    0.0035316861
    0.0044367028
   -0.0017049329
    0.0012592658
   -0.0018406881
   -0.0038140696
   -0.0035439530
    0.0002991142
   -0.0018567220
   -0.0039504156
   -0.0045504292
   -0.0036736061
   -0.0044998836
   -0.0027650405
    0.0013815514
    0.0029541895
    0.0010133296
    0.0005249905
    0.0013533785
    0.0054532988
    0.0058734644
    0.0092934663
    0.0071492055
    0.0033512670
    0.0014710518
    0.0042200128
    0.0107030923
    0.0172425604
    0.0147342805
    0.0122351982
    0.0079346726
    0.0141600942
    0.0216322068
    0.0055814611
    0.0059225081
    0.0197151441
    0.0284915895
    0.0170493827
    0.0078501914
    0.0231217962
    0.0076136245
    0.0165491090
    0.0142571794
    0.0186468195
    0.0155559545
    0.0065090680
    0.0100891135
    0.0096620413
    0.0074924152
    0.0125776598
    0.0186040871
    0.0127791395
    0.0173416525
    0.0103793553
    0.0171658154
    0.0002067210
    0.0084357582
    0.0156913037
    0.0215431747
    0.0119574452
    0.0174659508
    0.0019381314
    0.0169369493
    0.0135134359
    0.0217266445
   -0.0029709944
    0.0137094064
    0.0115980691
   -0.0279512002
   -0.0111156132
   -0.0171551273
   -0.0290962383
    0.0027509916
   -0.0073281304
   -0.0014671885
   -0.0142834913
    0.0037973627
   -0.0044063210
   -0.0067475594
   -0.0001509306
   -0.0171558287
   -0.0030457068
   -0.0060806954
   -0.0045384717
   -0.0239734038
   -0.0162409941
   -0.0170366210
   -0.0264777033
   -0.0037928685
   -0.0056011843
   -0.0014260823
   -0.0338861614
   -0.0085527983
    0.0053877891
   -0.0061393232
   -0.0154560970
   -0.0006278053
   -0.0089545453
   -0.0195795249
   -0.0087874231
    0.0037197956
   -0.0135352408
   -0.0046226653
   -0.0043725761
   -0.0144011185
   -0.0110467097
   -0.0026330210
    0.0070930332
   -0.0172533375
   -0.0081979652
    0.0031746034
    0.0120911567
    0.0041171814
    0.0044179894
    0.0113311765
    0.0130614760
   -0.0135286443
    0.0005083843
    0.0122680495
    0.0135320340
    0.0092463569
    0.0163348026
    0.0154425118
    0.0079406974
    0.0132184237
    0.0130446154
    0.0100308231
    0.0101025273
    0.0129493372
    0.0130673871
    0.0134023119
    0.0136086666
    0.0075385566
    0.0020988170
    0.0021498758
    0.0090167883
    0.0140387311
    0.0112925235
    0.0089108433
    0.0098472414
    0.0131928336
    0.0159128468
    0.0031831401
    0.0271873733
    0.0216193356
    0.0145847398
   -0.0000868075
    0.0073278494
    0.0285622491
    0.0226543721
    0.0152970297
    0.0065375874
    0.0165162641
    0.0182500148
    0.0299444033
    0.0251456000
    0.0194412559
    0.0228514402
    0.0255723929
    0.0275522295
    0.0284786493
    0.0303583186
    0.0226679903
    0.0250279930
    0.0282309786
    0.0290655036
    0.0233608384
    0.0044136303
   -0.0000298886
    0.0097463070
    0.0116160354
    0.0048703761
   -0.0003615479
    0.0052537716
   -0.0256585741
   -0.0304873626
   -0.0330948367
   -0.0294814318
   -0.0215054815
   -0.0122010689
   -0.0365261733
   -0.0364831611
   -0.0345118343
   -0.0310364189
   -0.0236942017
   -0.0139762606
   -0.0031678899
   -0.0346481436
   -0.0330910542
   -0.0311376494
   -0.0260807883
   -0.0133417744
   -0.0250373951
   -0.0255627279
   -0.0238495946
   -0.0154380371
   -0.0087242087
   -0.0110630683
   -0.0022730797
   -0.0175812494
   -0.0288088164
   -0.0352109087
   -0.0083126380
   -0.0223244226
   -0.0304706703
   -0.0351985150
   -0.0356749952
   -0.0111565045
   -0.0249416716
   -0.0314510533
   -0.0339688138
   -0.0314572882
   -0.0200102062
   -0.0047461520
   -0.0252392782
   -0.0307261923
   -0.0294525787
   -0.0205323501
   -0.0090704923
    0.0008615349
   -0.0191404810
   -0.0258586071
   -0.0159407831
    0.0144725561
    0.0134129753
    0.0099634168
    0.0142041480
    0.0133348825
    0.0136867247
    0.0098973698
    0.0026150688
    0.0098436162
    0.0134523040
    0.0135778501
    0.0100633583
    0.0020793587
    0.0012369005
    0.0087820702
    0.0130253908
    0.0143453071
    0.0102976577
    0.0117617939
    0.0139671907
    0.0075230488
    0.0137505308
    0.0132813437
    0.0102446480
    0.0038388523
    0.0068131657
    0.0123219916
    0.0133943835
    0.0113912611
    0.0071774127
    0.0052143958
    0.0114696387
    0.0127331542
    0.0122543785
    0.0055531781
    0.0094397305
    0.0123583458
    0.0134488262
    0.0110186054
    0.0097553649
    0.0131910843
   -0.0066199858
    0.0076909760
    0.0107546416
    0.0122988171
    0.0132924948
    0.0047833056
   -0.0078816694
    0.0030613903
    0.0081619146
    0.0119166604
    0.0081732005
    0.0091479574
    0.0114237323
    0.0129972190
    0.0073788978
    0.0087705656
    0.0143034994
    0.0117028226
    0.0155589944
    0.0158682525
    0.0097268890
    0.0126784484
    0.0000448937
    0.0019659615
    0.0208747341
    0.0120625583
    0.0100701669
    0.0097990035
    0.0103380665
    0.0193782025
    0.0195011187
    0.0168641368
    0.0075612049
    0.0102990010
    0.0064891389
    0.0108614091
    0.0047351682
    0.0113453574
    0.0200366332
    0.0104293164
    0.0149126143
    0.0191779293
    0.0190238470
    0.0172044427
    0.0141163779
    0.0165343810
    0.0218983703
    0.0223058564
    0.0177169644
    0.0087613104
    0.0111249828
    0.0218481323
    0.0245927272
    0.0224131421
    0.0178344459
    0.0059808697
    0.0204294507
    0.0211567116
    0.0130983241
   -0.0056938272
   -0.0045633688
   -0.0128426288
   -0.0170877681
   -0.0160297686
   -0.0104323589
   -0.0120984090
   -0.0206505129
   -0.0231470087
   -0.0222984323
   -0.0180260816
   -0.0067417047
   -0.0097142171
   -0.0166963952
   -0.0228066471
   -0.0254246414
   -0.0248433010
   -0.0205755402
   -0.0106978303
   -0.0001306506
    0.0011693016
    0.0005169130
   -0.0033115346
   -0.0175036365
   -0.0231202339
   -0.0247305596
   -0.0207710983
   -0.0142153934
   -0.0129844203
   -0.0208321593
   -0.0100892204
   -0.0063887139
   -0.0163110595
   -0.0192055132
   -0.0113148992
   -0.0028548559
   -0.0138076483
   -0.0206620837
   -0.0233191539
   -0.0219219869
   -0.0148412906
   -0.0052922991
   -0.0153512095
   -0.0216031336
   -0.0238877874
   -0.0229543856
   -0.0187562614
   -0.0093553991
   -0.0061151647
   -0.0167264983
   -0.0207622699
   -0.0202156082
   -0.0159753715
   -0.0071712686
    0.0005713128
   -0.0117255004
   -0.0126929453
   -0.0063597808
    0.0022412978
    0.0038948596
    0.0029996749
    0.0175799209
    0.0113771434
    0.0032126842
    0.0195479419
    0.0121318205
    0.0139991773
    0.0082340899
    0.0090105158
    0.0214050986
    0.0134497055
    0.0174176244
    0.0156953034
    0.0209680584
    0.0152980275
    0.0071974673
    0.0226656451
   -0.0004891488
    0.0032222576
   -0.0067155589
    0.0062729947
   -0.0036822732
    0.0012622813
    0.0198302279
    0.0270543213
    0.0136093559
    0.0162409707
    0.0219332686
    0.0019531969
    0.0064416361
    0.0146333064
    0.0206934059
    0.0264580194
    0.0032890309
    0.0142797179
    0.0201415899
    0.0064100091
    0.0199389418
    0.0213248979
    0.0256549293
    0.0245805501
    0.0306774339
    0.0263334900
    0.0248576696
    0.0241005232
    0.0036101584
    0.0024855815
    0.0013096606
    0.0027163629
    0.0028309600
    0.0030734062
    0.0102021019
    0.0134278965
    0.0119336078
    0.0064132144
    0.0018894095
    0.0007636010
    0.0009024940
    0.0023186928
    0.0050668243
    0.0049899848
    0.0017182264
   -0.0017794758
    0.0006935633
   -0.0021920559
   -0.0038306426
   -0.0043059249
   -0.0030642165
   -0.0002048324
   -0.0022954308
   -0.0034836421
   -0.0036031038
   -0.0026488730
    0.0029921675
   -0.0004653745
   -0.0020834168
   -0.0021811612
   -0.0002391130
    0.0026677824
    0.0005469777
    0.0006321872
   -0.0029434371
   -0.0033397565
   -0.0037284061
   -0.0034510236
   -0.0017341052
   -0.0021271376
   -0.0032509312
   -0.0035549730
   -0.0029223461
   -0.0008090472
   -0.0011061658
   -0.0027232876
   -0.0023399613
    0.0009310279
    0.0013275230
   -0.0006734883
    0.0034272483
    0.0006295383
    0.0006282053
   -0.0014982870
   -0.0022461299
   -0.0012881316
    0.0010653073
   -0.0026659689
   -0.0034964657
   -0.0032298282
   -0.0019449753
    0.0001659652
    0.0033527799
   -0.0030161441
   -0.0040833848
   -0.0033974722
   -0.0015624496
    0.0014536358
   -0.0026015406
    0.0014213862
    0.0026743423
   -0.0010585217
    0.0011643746
   -0.0020615327
   -0.0031124966
   -0.0023963346
    0.0006464907
   -0.0016786036
   -0.0034111108
   -0.0038111501
   -0.0033396247
   -0.0021382367
   -0.0024428920
   -0.0038610980
   -0.0039143711
   -0.0033509623
    0.0018166982
    0.0023310045
    0.0009152211
    0.0008444235
    0.0019949950
    0.0051198223
    0.0051960922
    0.0045369829
    0.0023607935
    0.0032464901
    0.0019237853
    0.0016241373
    0.0042644718
    0.0093593175
    0.0135629628
    0.0120072893
    0.0087312644
    0.0038456728
    0.0083092722
    0.0026630886
    0.0115238672
    0.0188064338
    0.0017289332
    0.0028971036
    0.0048341039
    0.0183981912
    0.0193433074
    0.0090756149
    0.0131000653
    0.0064144953
    0.0221683668
    0.0077214839
    0.0150797830
    0.0172727578
    0.0168709513
    0.0123806952
    0.0207806119
    0.0081861236
    0.0085701336
    0.0088127343
    0.0076612122
    0.0138086567
    0.0119915475
    0.0193185785
    0.0185163935
    0.0153252383
    0.0145951967
    0.0122783635
    0.0086757730
    0.0145019765
    0.0016285832
    0.0090929488
    0.0102507448
    0.0151749798
    0.0083153033
    0.0013315794
    0.0157272285
    0.0082409729
    0.0160333756
    0.0219723911
   -0.0010148407
   -0.0012704260
    0.0131349795
    0.0104541774
   -0.0138053813
   -0.0217750554
   -0.0118746276
   -0.0230362789
    0.0046180931
   -0.0028236634
   -0.0255046786
    0.0039284047
   -0.0057860482
   -0.0128348796
   -0.0160874302
   -0.0216513093
   -0.0013040966
   -0.0032989802
    0.0011696685
   -0.0064532742
   -0.0116550134
   -0.0150974879
    0.0015152977
   -0.0011206652
    0.0001974211
   -0.0169263185
   -0.0223296105
   -0.0086807371
   -0.0089690723
   -0.0169520956
   -0.0185009712
   -0.0095246006
   -0.0101073254
   -0.0230534821
    0.0008288245
   -0.0007054992
    0.0031601592
   -0.0169779455
   -0.0071067717
   -0.0145183277
   -0.0218382943
   -0.0005699961
   -0.0076998319
   -0.0139424501
   -0.0203001237
   -0.0128453767
   -0.0040163754
    0.0053592103
    0.0019456907
   -0.0041419839
   -0.0172876554
   -0.0068544136
    0.0056825851
   -0.0112369276
   -0.0019401066
   -0.0023507840
   -0.0105874045
    0.0003980355
   -0.0017528808
   -0.0102294977
   -0.0177895600
   -0.0143556700
   -0.0083478915
   -0.0011873915
   -0.0166741674
   -0.0080922125
    0.0100493508
    0.0023335103
    0.0089020870
    0.0109076188
   -0.0167732876
   -0.0079557099
    0.0058462302
    0.0115394201
    0.0102678936
    0.0153870191
    0.0114287787
    0.0106506132
    0.0106757079
    0.0078355271
    0.0077897209
    0.0105156172
    0.0106607765
    0.0109720212
    0.0117141407
    0.0065708677
    0.0013902886
   -0.0001939546
    0.0037882322
    0.0107693877
    0.0113072511
    0.0083386281
    0.0071108720
    0.0085180150
    0.0115090541
    0.0108296956
    0.0219629821
    0.0165364499
    0.0082725167
    0.0037329151
    0.0300980134
    0.0226166004
    0.0170020767
    0.0095226757
    0.0017867563
    0.0131984085
    0.0263979465
    0.0212739238
    0.0155682919
    0.0193482896
    0.0251538239
    0.0236874126
    0.0252977380
    0.0275204288
    0.0210990492
    0.0242185684
    0.0252818649
    0.0196597440
    0.0006436934
   -0.0044063645
    0.0058608590
   -0.0007134767
    0.0011497578
   -0.0194146600
   -0.0236566628
   -0.0265094555
   -0.0231628227
   -0.0158175655
   -0.0069228539
   -0.0298840448
   -0.0284367100
   -0.0257527605
   -0.0203067750
   -0.0127236292
   -0.0048791013
    0.0040667616
   -0.0287199693
   -0.0272231348
   -0.0255273262
   -0.0217112859
   -0.0122983374
   -0.0204924495
   -0.0205710398
   -0.0192708824
   -0.0137300915
   -0.0082638708
   -0.0037236526
   -0.0035358868
   -0.0165320611
   -0.0248582879
   -0.0094880016
   -0.0194509026
   -0.0255589796
   -0.0289682743
   -0.0111759570
   -0.0209541337
   -0.0258249661
   -0.0273200805
   -0.0241725829
   -0.0141966540
   -0.0018049494
   -0.0088318489
   -0.0207192850
   -0.0244037551
   -0.0226112340
   -0.0149099507
   -0.0049804005
   -0.0121739390
   -0.0193970624
   -0.0100829100
    0.0125935759
    0.0110864919
    0.0081593316
    0.0111864013
    0.0111737465
    0.0083495906
    0.0028251972
    0.0049331629
    0.0086953714
    0.0111481183
    0.0112085664
    0.0085480240
    0.0021213622
    0.0077589161
    0.0108489610
    0.0123950504
    0.0103581164
    0.0121302443
    0.0109403182
    0.0085953839
    0.0036896571
    0.0062672052
    0.0103171265
    0.0108202380
    0.0094354123
    0.0063237046
    0.0047701553
    0.0094042884
    0.0102498122
    0.0101350544
    0.0071865647
    0.0101340929
    0.0114207396
    0.0092428077
    0.0076898735
    0.0097212671
    0.0169504599
   -0.0050258361
    0.0068713211
    0.0083229991
    0.0097775981
    0.0108844517
    0.0008819681
    0.0056300754
    0.0103790283
    0.0088569015
    0.0082079552
    0.0081524050
    0.0046602760
    0.0097536731
    0.0106129600
    0.0083018478
    0.0092226864
    0.0142175691
    0.0120032443
    0.0100904779
    0.0112939281
    0.0073166617
    0.0109928398
    0.0032458663
    0.0034873898
    0.0064363463
    0.0004324126
    0.0155540669
    0.0080597695
    0.0060678054
    0.0080644108
    0.0063567419
    0.0187805069
    0.0163619176
    0.0147285709
    0.0057024410
    0.0070716061
    0.0120535991
    0.0067911371
    0.0029106233
    0.0118818486
    0.0104883065
    0.0169340130
    0.0084180217
    0.0094694850
    0.0163722404
    0.0174621034
    0.0151303364
    0.0161855837
    0.0129311798
    0.0076724163
    0.0158908355
    0.0189104919
    0.0181980806
    0.0144036440
    0.0091866759
    0.0057793410
    0.0162673659
    0.0192962962
    0.0181817651
    0.0151890586
    0.0148604616
    0.0162482998
   -0.0040988332
   -0.0099755368
   -0.0102945098
   -0.0070277916
    0.0009344910
   -0.0083375768
   -0.0147860242
   -0.0165787110
   -0.0157771403
   -0.0124622310
   -0.0049075065
   -0.0108517992
   -0.0169838171
   -0.0195838001
   -0.0196202101
   -0.0173911238
   -0.0117395543
   -0.0003217407
   -0.0086343857
   -0.0135178324
   -0.0179808732
   -0.0205009530
   -0.0207177563
   -0.0185683518
   -0.0133744037
   -0.0058670344
   -0.0011259876
   -0.0007952445
   -0.0015550586
   -0.0042828374
   -0.0140350591
   -0.0184449993
   -0.0197085023
   -0.0163825361
   -0.0114318446
   -0.0105997615
   -0.0164570713
   -0.0061960079
   -0.0042854519
   -0.0119016294
   -0.0138083825
   -0.0065631590
   -0.0076477857
   -0.0137435928
   -0.0172362095
   -0.0179020121
   -0.0153015832
   -0.0075239807
   -0.0019210906
   -0.0096370192
   -0.0153539168
   -0.0185463051
   -0.0192656324
   -0.0175986598
   -0.0128924458
   -0.0029978073
   -0.0038861069
   -0.0115506069
   -0.0162597181
   -0.0181359088
   -0.0176726309
   -0.0150234622
   -0.0096934416
   -0.0006944640
   -0.0035490959
   -0.0115600645
   -0.0142896455
   -0.0133175436
   -0.0091215974
   -0.0012559536
    0.0006825447
   -0.0063677808
   -0.0060912975
   -0.0004473263
    0.0052666471
    0.0021606118
    0.0154157390
    0.0087883504
    0.0167571881
    0.0112318273
    0.0122535374
    0.0078060863
    0.0079829642
    0.0066208799
    0.0081765303
    0.0218444170
    0.0105050148
    0.0153930636
    0.0190705170
    0.0130725598
    0.0175995073
    0.0136647922
    0.0222300684
    0.0198799126
   -0.0040544434
    0.0003358609
    0.0031646646
   -0.0062482753
   -0.0012898761
    0.0170902513
    0.0228886032
    0.0120314036
    0.0140076016
    0.0187968639
    0.0038022797
    0.0068051346
    0.0128986135
    0.0181173284
    0.0233333126
    0.0072106307
    0.0143360881
    0.0192866220
    0.0021779572
    0.0121084517
    0.0171186392
    0.0181482862
    0.0216609835
    0.0210265085
    0.0260397583
    0.0231296517
    0.0220404681
    0.0241729281
    0.0222307270
    0.0026469320
    0.0033184822
    0.0073625671
    0.0026605764
    0.0013002045
    0.0015803240
    0.0014765915
    0.0014654464
    0.0026662018
    0.0043954974
    0.0080677317
    0.0108596533
    0.0099535510
    0.0059465539
    0.0021818738
    0.0009461624
    0.0007584154
    0.0017543407
    0.0043941693
    0.0046079099
    0.0018509616
    0.0017481501
   -0.0017671208
   -0.0033868006
   -0.0039335567
    0.0008867824
   -0.0015775487
   -0.0029265667
   -0.0034836889
   -0.0032485432
    0.0044224209
    0.0003368230
   -0.0016023368
   -0.0025610331
   -0.0025670581
    0.0032823991
    0.0003034264
   -0.0011036227
   -0.0011759014
    0.0002132019
    0.0027903663
    0.0009560892
    0.0009033672
   -0.0029556538
   -0.0033363822
   -0.0035510465
   -0.0029076002
   -0.0032543089
   -0.0032465483
   -0.0027566378
   -0.0010054499
   -0.0014327919
   -0.0025212293
   -0.0029958839
   -0.0027985134
   -0.0017036354
   -0.0006376141
   -0.0020829975
   -0.0022144062
   -0.0006762872
    0.0009811980
   -0.0005606042
    0.0017111093
    0.0009135697
    0.0010245208
   -0.0006766907
   -0.0012447091
   -0.0004398332
    0.0015494804
   -0.0024982395
   -0.0023709929
   -0.0013424721
    0.0005854792
    0.0034981571
   -0.0031577863
   -0.0032478489
   -0.0025384855
   -0.0010608763
    0.0014545594
    0.0049197437
   -0.0036589727
   -0.0028661336
   -0.0009765759
    0.0011004953
   -0.0009057828
    0.0008337299
   -0.0024475704
   -0.0026471830
   -0.0017300218
    0.0006234458
   -0.0025676326
   -0.0032941588
   -0.0032611348
   -0.0026296363
   -0.0014562951
   -0.0018857273
   -0.0032914572
   -0.0035481193
   -0.0033847711
   -0.0029164965
   -0.0039162380
   -0.0034872364
   -0.0029527494
    0.0019778081
    0.0018257753
    0.0007925042
    0.0010289052
    0.0022958637
    0.0047652126
    0.0045822676
    0.0030457888
    0.0018244850
    0.0011909743
    0.0017208537
    0.0014055887
    0.0018160278
    0.0042069599
    0.0082004039
    0.0111068662
    0.0098982657
    0.0062237305
    0.0034748871
    0.0075921234
    0.0090852650
    0.0160536832
    0.0019473498
    0.0007318459
    0.0163619282
    0.0207933637
    0.0181906118
    0.0078470217
    0.0054868811
    0.0219393762
    0.0075201536
    0.0134892939
    0.0177732480
    0.0146174953
    0.0097262652
    0.0166731328
    0.0123257212
    0.0040278238
    0.0195518876
    0.0074323198
    0.0077086804
    0.0081050085
    0.0075401843
    0.0121040477
    0.0111254302
    0.0165317367
    0.0177881516
    0.0184338032
    0.0141386001
    0.0113822300
    0.0093915983
    0.0127385476
    0.0053117691
    0.0046513705
    0.0069859901
    0.0111564456
    0.0064549423
    0.0174464077
    0.0093250445
    0.0139440542
    0.0125410866
    0.0163634744
    0.0175128316
    0.0023341808
    0.0015291627
   -0.0195546533
    0.0039160537
   -0.0081370329
    0.0035477669
    0.0021045133
   -0.0043402342
   -0.0009511030
   -0.0096224947
   -0.0147243281
    0.0004202243
   -0.0012578469
   -0.0024996886
   -0.0070587165
   -0.0100332384
    0.0027721006
    0.0017437229
    0.0033338588
   -0.0112569362
   -0.0159763103
   -0.0042228729
   -0.0038555779
   -0.0208866491
   -0.0105681697
   -0.0134690084
   -0.0043806694
   -0.0050903656
   -0.0189489820
    0.0035555648
    0.0020096904
    0.0040495199
   -0.0120542496
   -0.0062619107
    0.0058794080
   -0.0005946043
   -0.0068414331
   -0.0126949619
    0.0019606258
   -0.0034728661
   -0.0081556403
   -0.0167318698
   -0.0091097165
   -0.0017724429
   -0.0001467445
   -0.0126518096
   -0.0038944113
   -0.0000220820
    0.0040136557
   -0.0001441777
   -0.0000371867
   -0.0062796181
    0.0033409618
    0.0000221748
   -0.0065696947
   -0.0130824713
   -0.0036092169
    0.0018880484
    0.0067708140
   -0.0127510148
   -0.0072017757
   -0.0008940733
    0.0085526470
    0.0022854262
    0.0072374503
    0.0094395594
   -0.0110461657
   -0.0049885884
    0.0045722783
    0.0092475147
    0.0089690607
    0.0102556932
    0.0115279202
    0.0081790202
    0.0154144719
    0.0087962100
    0.0089146740
    0.0067784754
    0.0066623808
    0.0087150768
    0.0090566280
    0.0092768519
    0.0095807452
    0.0061167626
    0.0024153578
    0.0011198792
    0.0036940108
    0.0083565907
    0.0094404436
    0.0078842490
    0.0070999227
    0.0080077866
    0.0097617842
    0.0109713479
    0.0002655681
    0.0186095960
    0.0133916822
    0.0058385394
    0.0048283059
    0.0198977335
    0.0148581296
    0.0089247162
    0.0036822484
    0.0116933232
    0.0223028014
    0.0182004008
    0.0134357654
    0.0166497014
    0.0222068439
    0.0239383087
    0.0222303617
    0.0238929224
    0.0178574656
    0.0206425064
    0.0212992209
    0.0168263716
   -0.0017461615
   -0.0068546686
    0.0028217313
   -0.0042869501
   -0.0049807385
   -0.0148556091
   -0.0179389247
   -0.0209702316
   -0.0182810027
   -0.0122337934
   -0.0243285250
   -0.0236024747
   -0.0218011871
   -0.0183345381
   -0.0131977797
   -0.0075159261
   -0.0014574513
   -0.0253300348
   -0.0238531936
   -0.0224462141
   -0.0199383812
   -0.0148507391
   -0.0068240609
    0.0041145256
   -0.0219052710
   -0.0206719884
   -0.0197401532
   -0.0178511086
   -0.0132062331
   -0.0129137650
   -0.0134831434
   -0.0128543550
   -0.0091227458
   -0.0047481085
   -0.0140380487
   -0.0210309332
   -0.0085715012
   -0.0161224415
   -0.0212083417
   -0.0246508509
   -0.0076369359
   -0.0152637072
   -0.0200197453
   -0.0226729896
   -0.0231676500
   -0.0104336844
   -0.0175477384
   -0.0208608633
   -0.0212111032
   -0.0176734040
   -0.0107325915
   -0.0026337166
    0.0037939119
   -0.0087592044
   -0.0163730835
   -0.0186331905
   -0.0167809666
   -0.0106659670
   -0.0030425678
   -0.0072554170
   -0.0138738622
   -0.0061054500
    0.0094451372
    0.0074748510
    0.0098535061
    0.0093329534
    0.0071651351
    0.0031912999
    0.0079520383
    0.0094681942
    0.0093944695
    0.0074016495
    0.0032104615
    0.0041604507
    0.0075583802
    0.0093801155
    0.0097423445
    0.0077502877
    0.0063926466
    0.0091998735
    0.0095235256
    0.0071022111
    0.0063752177
    0.0094419190
    0.0091105622
    0.0077561657
    0.0047812944
    0.0056055922
    0.0084933654
    0.0088437696
    0.0081030769
    0.0063408828
    0.0038176516
    0.0075444451
    0.0083569731
    0.0088043526
    0.0058159998
    0.0084099834
    0.0086492843
    0.0079845885
    0.0072622124
    0.0089418362
   -0.0046266113
    0.0047635218
    0.0062772884
    0.0078288913
    0.0084692493
    0.0000736448
    0.0039703463
