  -7.6238942142    0.2749466838   -1.2814676374
  -8.1779146568   -0.5871259521   -1.2814676374
  -8.1779146568   -1.6118736675   -1.2814676374
  -8.0048021191    0.2930577725   -2.3314676374
  -6.6917509051   -2.8996418890   -3.3814676374
  -5.6774336438   -2.7538050836   -3.3814676374
  -4.9029809940   -2.0827380425   -3.3814676374
  -5.9079295480   -2.0088264838   -4.1501209853
  -6.4329295480   -1.0994998098   -4.4314676374
  -6.1412824056    0.8688761192   -0.8762876656
  -5.8751037627    1.7596915244   -1.6449410135
  -6.8072470718    1.3339959389   -1.6449410135
  -4.8607865014   -1.6947558285   -3.7449410135
  -4.0863338516   -1.0236887875   -3.7449410135
  -5.0912824056   -0.9497772287   -4.5135943615
  -4.9822606260    0.7984190446    0.0659424181
  -5.6482252922    1.2635388642   -0.7027109299
  -6.2022457348    0.4014662283   -0.7027109299
  -5.2019308887    1.8526264803   -1.7527109299
  -3.7017647218   -1.7652129031   -2.8027109299
  -2.9273120720   -1.0941458621   -2.8027109299
  -3.9322606260   -1.0202343034   -3.5713642778
  -6.4678986517   -0.9335077811    0.5475195341
  -7.1338633179   -0.4683879615   -0.2211338139
  -7.6878837605   -1.3304605974   -0.2211338139
  -5.1874027475   -3.4971397289   -2.3211338139
  -4.4129500978   -2.8260726878   -2.3211338139
  -5.7013003619   -1.1810567669    0.9125044540
  -5.8422650282    0.1933897267    0.1438511060
  -4.3981733334   -3.2657454025   -0.9061488940
  -3.8958044578   -2.8353620406   -1.9561488940
  -3.1213518080   -2.1642949996   -1.9561488940
  -4.1263003619   -2.0903834409   -2.7248022419
  -8.7975828779   -0.7594747144   -2.2718776348
  -8.7975828779   -1.8524171474   -2.2718776348
  -8.0950530238   -2.6896596248   -2.2718776348
  -8.0950530238    0.0777677631   -3.3101747359
  -8.7975828779   -0.7594747144   -3.3101747359
  -8.7975828779   -1.8524171474   -3.3101747359
  -8.0950530238   -2.6896596248   -3.3101747359
  -7.0187148422   -2.8794470866   -3.3101747359
  -8.0950530238   -0.7255202062   -4.1501747359
  -8.0950530238   -1.8863716556   -4.1501747359
  -6.9910176884   -2.2450944814   -4.1501747359
  -7.2961655501   -1.3059459309   -4.4710261854
  -5.2935091590    2.3474725505   -2.5877552641
  -6.3425661030    2.3474725505   -2.5877552641
  -7.1912709987    1.7308523501   -2.5877552641
  -4.8380376310    2.4305496990   -3.5677552641
  -5.8180376310    2.6931399076   -3.5677552641
  -6.7980376310    2.4305496990   -3.5677552641
  -7.5154474224    1.7131399076   -3.5677552641
  -7.7780376310    0.7331399076   -3.5677552641
  -4.1206278396    0.7331399076   -4.5477552641
  -4.4448042633    1.7308523501   -4.5477552641
  -5.2935091590    2.3474725505   -4.5477552641
  -6.3425661030    2.3474725505   -4.5477552641
  -7.1912709987    1.7308523501   -4.5477552641
  -7.5154474224    0.7331399076   -4.5477552641
  -7.1912709987   -0.2645725349   -4.5477552641
  -6.3425661030   -0.8811927354   -4.5477552641
  -4.4448042633   -0.2645725349   -4.5477552641
  -4.8380376310    0.7331399076   -5.2651650555
  -5.3280376310    1.5818448033   -5.2651650555
  -6.3080376310    1.5818448033   -5.2651650555
  -6.7980376310    0.7331399076   -5.2651650555
  -6.3080376310   -0.1155649881   -5.2651650555
  -5.3280376310   -0.1155649881   -5.2651650555
  -5.8180376310    0.7331399076   -5.5277552641
  -6.4543365340   -2.7911556184    1.1790207839
  -5.9643365340   -1.9424507227    0.9164305753
  -6.9443365340   -1.9424507227    0.9164305753
  -7.4343365340   -2.7911556184    0.9164305753
  -6.9443365340   -3.6398605141    0.9164305753
  -5.9643365340   -3.6398605141    0.9164305753
  -7.8275699017   -1.7934431759    0.1990207839
  -8.1517463254   -2.7911556184    0.1990207839
  -7.8275699017   -3.7888680609    0.1990207839
  -6.9788650060   -4.4054882613    0.1990207839
  -5.9298080620   -4.4054882613    0.1990207839
  -5.0811031663   -3.7888680609    0.1990207839
  -8.1517463254   -1.8111556184   -0.7809792161
  -8.4143365340   -2.7911556184   -0.7809792161
  -8.1517463254   -3.7711556184   -0.7809792161
  -7.4343365340   -4.4885654098   -0.7809792161
  -6.4543365340   -4.7511556184   -0.7809792161
  -5.4743365340   -4.4885654098   -0.7809792161
  -4.7569267426   -3.7711556184   -0.7809792161
  -8.1517463254   -2.7911556184   -1.7609792161
  -7.8275699017   -3.7888680609   -1.7609792161
  -6.9788650060   -4.4054882613   -1.7609792161
  -5.9298080620   -4.4054882613   -1.7609792161
  -5.0811031663   -3.7888680609   -1.7609792161
  -6.9443365340   -3.6398605141   -2.4783890075
  -5.9643365340   -3.6398605141   -2.4783890075
  -4.5405008255    2.0820850101   -0.6151418693
  -4.9214087304    2.1001960988   -1.6651418693
  -2.5940402551   -0.9466667572   -2.7151418693
  -1.8195876053   -0.2755997162   -2.7151418693
  -2.8245361593   -0.2016881575   -3.4837952173
  -4.2580982340   -0.5743335838    1.8957023398
  -4.7830982340   -1.4836602578    1.8957023398
  -4.9240629002   -0.1092137642    1.1270489919
  -5.4780833427   -0.9712864001    1.1270489919
  -2.5401622658   -3.2119263762    0.0770489919
  -3.9919195910   -3.2838023369   -0.9729510081
  -2.9776023298   -3.1379655315   -0.9729510081
  -2.2031496800   -2.4668984905   -0.9729510081
  -3.1337105825    0.2348562876    1.9880398104
  -3.7996752488    0.6999761073    1.2193864624
  -1.4157746144   -2.4027365047    0.1693864624
  -1.8532146783   -2.3287756601   -0.8806135376
  -2.0837105825   -1.5837970603   -1.6492668855
  -4.1420084520    0.9253387184    0.3606708236
  -4.0553599122    2.9217878098   -1.8243426632
  -4.0553599122    2.9217878098   -2.8626397643
  -2.9513245767    2.4772226664   -3.7026397643
  -4.0553599122    2.1184998406   -3.7026397643
  -3.2564724385    1.5380741159   -4.0234912137
  -3.8788784145   -2.3163798940    2.4290826495
  -2.8913991906   -2.3163798940    2.1082312000
  -4.6777658882   -1.7359541693    2.1082312000
  -4.6777658882   -2.8968056187    2.1082312000
  -3.5737305527   -3.2555284445    2.1082312000
  -5.3802957422   -2.8628511105    1.2682312000
  -4.6777658882   -3.7000935880    1.2682312000
  -3.6014277066   -3.8898810497    1.2682312000
  -2.6549117947   -3.3434098332    1.2682312000
  -4.6777658882   -3.7000935880    0.2299340989
  -3.6014277066   -3.8898810497    0.2299340989
  -2.6549117947   -3.3434098332    0.2299340989
  -1.8770416254   -0.8978302141    2.6101514748
  -0.8895624016   -0.8978302141    2.2893000253
  -2.6759290991   -0.3174044894    2.2893000253
  -2.6759290991   -1.4782559388    2.2893000253
  -1.5718937636   -1.8369787646    2.2893000253
  -0.2792666780   -0.8978302141    1.4493000253
  -1.5995909175   -2.4713313698    1.4493000253
  -0.6530750056   -1.9248601533    1.4493000253
  -0.6530750056   -1.9248601533    0.4110029242
   1.0148026126    1.5020277046   -3.3745534116
  -1.3381512666   -0.2074933551   -3.3745534116
   0.6715112681    0.4454855852   -3.3745534116
   0.3282199236    1.5020277046   -4.3195534116
  -0.2272371398    2.4641075599   -4.3195534116
  -1.3381512666    2.4641075599   -4.3195534116
  -1.8936083300    1.5020277046   -4.3195534116
  -1.3381512666    0.5399478493   -4.3195534116
  -0.2272371398    0.5399478493   -4.3195534116
  -0.7826942032    1.5020277046   -4.6805112922
   1.4709234577    2.7741570418   -0.0069749330
   2.1575061467    2.7741570418   -0.9519749330
   1.8142148022    3.8306991612   -0.9519749330
   0.9154663943    4.4836781015   -0.9519749330
  -0.1954477325    4.4836781015   -0.9519749330
   1.8142148022    1.7176149225   -0.9519749330
   2.1575061467    2.7741570418   -2.1200591718
   1.8142148022    3.8306991612   -2.1200591718
   0.9154663943    4.4836781015   -2.1200591718
  -0.1954477325    4.4836781015   -2.1200591718
   1.8142148022    1.7176149225   -2.1200591718
   1.4709234577    2.7741570418   -3.0650591718
   0.9154663943    3.7362368971   -3.0650591718
  -0.1954477325    3.7362368971   -3.0650591718
  -1.1478603759    4.8677310624   -1.2400832526
  -2.2587745027    4.8677310624   -1.2400832526
  -3.1575229106    4.2147521221   -1.2400832526
  -3.5008142551    3.1582100027   -1.2400832526
  -1.1478603759    4.8677310624   -2.4081674914
  -2.2587745027    4.8677310624   -2.4081674914
  -3.1575229106    4.2147521221   -2.4081674914
  -1.1478603759    4.1202898580   -3.3531674914
  -2.2587745027    4.1202898580   -3.3531674914
  -2.8142315661    3.1582100027   -3.3531674914
  -1.7033174393    3.1582100027   -3.7141253720
  -2.0545822546    3.7390602726    2.1603536785
  -3.1654963815    3.7390602726    2.1603536785
  -3.7209534449    2.7769804174    2.1603536785
  -2.0545822546    4.4865014771    1.2153536785
  -3.1654963815    4.4865014771    1.2153536785
  -4.0642447894    3.8335225368    1.2153536785
  -4.4075361338    2.7769804174    1.2153536785
  -4.0642447894    1.7204382980    1.2153536785
  -2.0545822546    4.4865014771    0.0472694398
  -3.1654963815    4.4865014771    0.0472694398
  -4.0642447894    3.8335225368    0.0472694398
  -4.4075361338    2.7769804174    0.0472694398
  -4.0642447894    1.7204382980    0.0472694398
  -3.7209534449    2.7769804174   -0.8977305602
  -0.5429754614    3.1348516926    2.8160174151
   0.5679386655    3.1348516926    2.4550595345
   0.0124816020    4.0969315479    2.4550595345
  -1.0984325248    4.0969315479    2.4550595345
   0.9112300099    4.1913938120    1.5100595345
   0.0124816020    4.8443727523    1.5100595345
  -1.0984325248    4.8443727523    1.5100595345
   1.2545213544    3.1348516926    0.3419752958
   0.9112300099    4.1913938120    0.3419752958
   0.0124816020    4.8443727523    0.3419752958
  -1.0984325248    4.8443727523    0.3419752958
  -1.4825845005    1.4771153749    3.7612659993
  -0.3716703737    1.4771153749    3.4003081186
  -0.9271274371    2.4391952302    3.4003081186
  -2.0380415640    2.4391952302    3.4003081186
  -2.5934986274    1.4771153749    3.4003081186
  -2.0380415640    0.5150355196    3.4003081186
  -0.9271274371    0.5150355196    3.4003081186
  -3.2800813163    1.4771153749    2.4553081186
  -2.9367899719    0.4205732555    2.4553081186
  -0.9271274371   -0.2324056848    2.4553081186
  -0.1362100492   -1.4024597977    0.8072435147
   1.6525598619    1.3809205141   -1.2927564853
   0.5490792832   -0.2421237013    2.5590728367
  -0.1168853830   -0.7072435210    1.7904194888
   2.2670152513    2.3954690910    0.7404194888
   2.6040278372    1.6504412053   -0.3095805112
   1.8295751874    2.3215082464   -0.3095805112
   1.6484588762   -1.0739987493    2.6351979873
   0.9824942100   -1.5391185689    1.8665446394
   3.7034074301    0.8185661574   -0.2334553606
   2.9289547804    1.4896331985   -0.2334553606
   2.6984588762    0.7446545987   -1.0021087086
  -0.1986513478   -1.5878206634    0.6999160264
  -0.8646160141   -2.0529404830   -0.0687373216
  -0.4183216106   -2.6420280991   -1.1187373216
   1.8562972061    0.3047442433   -2.1687373216
   1.0818445563    0.9758112843   -2.1687373216
   0.8513486522    0.2308326845   -2.9373906695
   0.2514973882   -2.8735834749    0.0135470935
   1.1836406974   -3.2992790604    0.0135470935
  -0.1294105167   -2.8916945636   -1.0364529065
   3.2611154024   -1.4991369813   -2.0864529065
   2.9724106084   -0.5158987486   -2.0864529065
   2.1979579586    0.1551682925   -2.0864529065
   1.9674620544   -0.5898103073   -2.8551062545
   1.8349013200   -2.1287001528    1.7737781985
   0.6149162112   -1.7317473365    1.0051248505
   1.1689366538   -2.5938199724    1.0051248505
   3.8898498739   -0.2361352461   -1.0948751495
   3.1153972242    0.4349317949   -1.0948751495
   3.4099013200   -1.2193734788   -1.8635284974
   2.4519136936   -3.2704715204    1.3597866350
   2.0710057887   -3.2885826091    0.3097866350
   5.1728269138   -0.9127867941   -0.7402133650
   4.3983742641   -0.2417197531   -0.7402133650
   4.1678783599   -0.9866983528   -1.5088667129
   2.9650127316   -2.5584664662    2.4454576599
   3.8971560407   -2.9841620518    2.4454576599
   5.3489133660    0.5442461458    1.3954576599
   4.9114733020    0.4702853011    0.3454576599
   2.8005871097   -1.0315187450    3.5825351829
   1.5806020009   -0.6345659287    2.8138818350
   2.1346224434   -1.4966385646    2.8138818350
   4.8555356636    0.8610461617    0.7138818350
   4.0810830138    1.5321132028    0.7138818350
   3.8505871097    0.7871346030   -0.0547715130
   5.6385282972    0.5827417379    2.0511223604
   4.6407310059   -3.4654810074    2.0511223604
   5.6385282972   -3.5866355333    2.0511223604
   5.1419812010    0.0869625968    4.4722300068
   5.1419812010   -3.5133215615    4.4722300068
   6.5937385262    0.0150866360    3.4222300068
   5.6539295866    0.3715091532    3.4222300068
   3.8289299869   -3.1057370647    3.4222300068
   4.6561322953   -3.6767135920    3.4222300068
   5.6539295866   -3.7978681180    3.4222300068
   8.1264205654   -1.0320495373    5.1062314430
   7.3519679156   -0.3609824963    5.1062314430
   6.3376506544   -0.2151456909    5.1062314430
   5.4055073452   -3.3897342636    5.1062314430
   6.8495990400    0.0694008656    4.0562314430
   5.8518017487   -3.9788218797    4.0562314430
   6.8495990400   -4.0999764056    4.0562314430
   6.3376506544   -3.8154298492    3.0062314430
   6.2968896370   -3.3990372306    2.3622098313
   7.7486469622    0.1293709669    1.3122098313
   6.8088380226    0.4857934842    1.3122098313
   5.8110407313   -3.5624292611    1.3122098313
   6.8088380226   -3.6835837870    1.3122098313
   8.0856595480   -0.6156569187    0.2622098313
   7.3112068982    0.0554101223    0.2622098313
   6.2968896370   -3.3990372306    0.2622098313
   7.3112068982   -3.2532004252    0.2622098313
   8.9382453622   -0.1872444166    1.9505108929
   7.9984364226    0.1691781006    1.9505108929
   7.0006391312   -3.8790446447    1.9505108929
   7.9984364226   -4.0001991706    1.9505108929
   8.9382453622   -3.6437766534    1.9505108929
   8.5008052982   -0.2612052613    0.9005108929
   7.4864880369   -3.7156526142    0.9005108929
   8.2944904982   -1.2113332829    5.1412573890
   8.5249864024   -0.4663546831    4.3726040411
   7.5106691411   -3.9208020360    4.3726040411
   8.9624264663   -0.3923938385    3.3226040411
   8.0226175267   -0.0359713213    3.3226040411
   7.0248202354   -4.0841940665    3.3226040411
   8.0226175267   -4.2053485925    3.3226040411
   4.4871485160   -1.6301997366    5.6714995111
   4.7922963777   -0.6910511861    5.3506480617
   3.6882610423   -1.0497740119    5.3506480617
   3.6882610423   -2.2106254614    5.3506480617
   4.7922963777   -2.5693482872    5.3506480617
   3.6882610423   -0.2464860427    4.5106480617
   2.9857311882   -1.0837285201    4.5106480617
   2.9857311882   -2.1766709532    4.5106480617
   3.6882610423   -3.0139134306    4.5106480617
   2.9857311882   -2.1766709532    3.4723509606
   3.6882610423   -3.0139134306    3.4723509606
   6.6076209927   -2.1725821888    6.8061480412
   7.5951002165   -2.1725821888    6.4852965918
   6.9127688544   -1.2334336382    6.4852965918
   5.8087335190   -1.5921564641    6.4852965918
   5.8087335190   -2.7530079135    6.4852965918
   6.9127688544   -3.1117307393    6.4852965918
   8.2053959401   -2.1725821888    5.6452965918
   7.8315876125   -1.1455522496    5.6452965918
   6.8850717006   -0.5990810331    5.6452965918
   5.8087335190   -0.7888684948    5.6452965918
   5.1062036650   -1.6261109723    5.6452965918
   5.1062036650   -2.7190534053    5.6452965918
   5.8087335190   -3.5562958828    5.6452965918
   6.8850717006   -3.7460833445    5.6452965918
   7.8315876125   -3.1996121280    5.6452965918
   0.7847980305   -3.7061272219   -1.2017117755
   1.8611362121   -3.8959146837   -1.2017117755
   3.1814604516   -2.3224135279   -2.2400088766
   0.0822681765   -2.8688847444   -2.2400088766
   0.7847980305   -3.7061272219   -2.2400088766
   1.8611362121   -3.8959146837   -2.2400088766
   2.8076521240   -3.3494434672   -2.2400088766
   2.5711647281   -2.3224135279   -3.0800088766
   0.7847980305   -1.7419878032   -3.0800088766
   0.7847980305   -2.9028392527   -3.0800088766
   1.8888333660   -3.2615620785   -3.0800088766
   1.5836855042   -2.3224135279   -3.4008603260
  -1.2041354661   -2.2661837968   -1.3658599483
  -1.9066653202   -1.4289413193   -2.4041570494
  -1.2041354661   -2.2661837968   -2.4041570494
  -0.1277972845   -2.4559712586   -2.4041570494
   0.5822312314   -0.8824701028   -3.2441570494
  -1.2041354661   -0.3020443781   -3.2441570494
  -1.2041354661   -1.4628958276   -3.2441570494
  -0.1001001307   -1.8216186534   -3.2441570494
  -0.4052479925   -0.8824701028   -3.5650084988
   0.9876848768    1.4866410116    3.1128079121
   1.2928327386    2.4257895622    2.7919564626
   0.1887974031    2.0670667364    2.7919564626
   0.1887974031    0.9062152869    2.7919564626
   2.2116514966    2.5136709509    1.9519564626
   1.2651355847    3.0601421674    1.9519564626
   2.2116514966    2.5136709509    0.9136593615
   3.5105611324    0.6376204213    4.6115647544
   4.4905611324    0.6376204213    4.3489745459
   4.0005611324    1.4863253170    4.3489745459
   3.0205611324    1.4863253170    4.3489745459
   2.5305611324    0.6376204213    4.3489745459
   3.0205611324   -0.2110844745    4.3489745459
   5.2079709238    0.6376204213    3.6315647544
   4.8837945000    1.6353328637    3.6315647544
   4.0350896043    2.2519530642    3.6315647544
   2.9860326604    2.2519530642    3.6315647544
   2.1373277647    1.6353328637    3.6315647544
   1.8131513409    0.6376204213    3.6315647544
   2.1373277647   -0.3600920212    3.6315647544
   5.4705611324    0.6376204213    2.6515647544
   5.2079709238    1.6176204213    2.6515647544
   4.4905611324    2.3350302127    2.6515647544
   3.5105611324    2.5976204213    2.6515647544
   2.5305611324    2.3350302127    2.6515647544
   4.8837945000    1.6353328637    1.6715647544
   4.0350896043    2.2519530642    1.6715647544
   2.9860326604    2.2519530642    1.6715647544
   3.6474961656   -3.6837418158    1.4843323498
   4.6274961656   -3.6837418158    1.4843323498
   2.7642627979   -3.8327493626    0.7669225583
   3.6129676936   -4.4493695630    0.7669225583
   4.6620246375   -4.4493695630    0.7669225583
   5.5107295332   -3.8327493626    0.7669225583
   2.4400863742   -3.8150369201   -0.2130774417
   3.1574961656   -4.5324467115   -0.2130774417
   4.1374961656   -4.7950369201   -0.2130774417
   5.1174961656   -4.5324467115   -0.2130774417
   5.8349059570   -3.8150369201   -0.2130774417
   5.8349059570   -2.8350369201   -1.1930774417
   5.5107295332   -1.8373244776   -1.1930774417
   2.7642627979   -3.8327493626   -1.1930774417
   3.6129676936   -4.4493695630   -1.1930774417
   4.6620246375   -4.4493695630   -1.1930774417
   5.5107295332   -3.8327493626   -1.1930774417
   5.1174961656   -2.8350369201   -1.9104872331
   4.6274961656   -1.9863320244   -1.9104872331
   3.6474961656   -1.9863320244   -1.9104872331
   3.6474961656   -3.6837418158   -1.9104872331
   4.6274961656   -3.6837418158   -1.9104872331
   4.1374961656   -2.8350369201   -2.1730774417
   8.6998559415   -2.3618438087    5.4988070057
   9.6873351653   -2.3618438087    5.1779555563
   9.0050038032   -1.4226952581    5.1779555563
   9.0050038032   -3.3009923592    5.1779555563
  10.2976308889   -2.3618438087    4.3379555563
   9.9238225613   -1.3348138694    4.3379555563
   8.9773066494   -3.9353449644    4.3379555563
   9.9238225613   -3.3888737479    4.3379555563
  10.2976308889   -2.3618438087    3.2996584552
   9.9238225613   -1.3348138694    3.2996584552
   8.9773066494   -3.9353449644    3.2996584552
   9.9238225613   -3.3888737479    3.2996584552
  10.2531278444   -1.9966542673    1.8910680468
   9.8793195168   -0.9696243281    1.8910680468
   9.8793195168   -3.0236842066    1.8910680468
  10.2531278444   -1.9966542673    0.8527709457
   9.8793195168   -0.9696243281    0.8527709457
   8.9328036050   -0.4231531116    0.8527709457
   8.9328036050   -3.5701554231    0.8527709457
   9.8793195168   -3.0236842066    0.8527709457
   9.6428321209   -1.9966542673    0.0127709457
   8.9605007588   -1.0575057168    0.0127709457
   8.9605007588   -2.9358028179    0.0127709457
   8.6553528971   -1.9966542673   -0.3080805037
   8.1327586158   -1.4387409251   -0.2744835980
   7.7589502882   -0.4117109859   -0.2744835980
   6.8124343763    0.1347602306   -0.2744835980
   5.7360961947   -0.0550272312   -0.2744835980
   6.8124343763   -3.0122420809   -0.2744835980
   7.7589502882   -2.4657708644   -0.2744835980
   7.5224628923   -1.4387409251   -1.1144835980
   6.8401315302   -0.4995923746   -1.1144835980
   5.7360961947   -0.8583152004   -1.1144835980
   5.7360961947   -2.0191666499   -1.1144835980
   6.8401315302   -2.3778894757   -1.1144835980
   6.5349836684   -1.4387409251   -1.4353350475
  -7.6617073202    0.3185853344   -0.8350921129
  -8.2333179015   -0.5708580916   -0.8350921129
  -7.8917878139    0.7298505939   -1.7974173959
  -8.5410408215   -0.0842869268   -1.7974173959
  -6.6999684783   -2.9567963665   -3.8278431618
  -5.6534466629   -2.8063292452   -3.8278431618
  -4.8544051559   -2.1139558381   -3.8278431618
  -5.9122690610   -2.0013102267   -4.4937929203
  -6.4329295480   -1.0994998098   -4.7314676374
  -5.8833213359    1.8168460019   -1.1985654891
  -6.8450601778    1.3776345895   -1.1985654891
  -7.7243936792    0.9747623282   -2.1608907720
  -3.7398868477   -0.0404505548   -4.1913165380
  -4.8367995205   -1.7472799902   -4.1913165380
  -4.0377580135   -1.0549065831   -4.1913165380
  -5.6860383982    1.3071775148   -0.2563354054
  -3.6777777409   -1.8177370648   -3.2490864543
  -2.8787362339   -1.1253636577   -3.2490864543
  -6.4635591386   -0.9410240382    0.8911914691
  -7.1716764239   -0.4247493109    0.2252417106
  -4.4840403858   -3.6721848588   -1.8051840554
  -5.1634157666   -3.5496638905   -2.7675093383
  -4.3643742596   -2.8572904834   -2.7675093383
  -4.9183392923    0.6762397898    0.5902266305
  -5.8800781342    0.2370283773    0.5902266305
  -4.1306398750   -3.4622194084   -1.4401991355
  -3.8718174768   -2.8878862023   -2.4025244184
  -3.0727759698   -2.1955127952   -2.4025244184
  -8.9589343254   -1.3059459309   -1.8310261854
  -8.6413737470   -2.2832968950   -1.8310261854
  -8.9589343254   -0.3459459309   -2.7910261854
  -9.2161655501   -1.3059459309   -2.7910261854
  -8.9589343254   -2.2659459309   -2.7910261854
  -8.2561655501   -2.9687147061   -2.7910261854
  -8.6413737470   -0.3285949668   -3.7510261854
  -8.9589343254   -1.3059459309   -3.7510261854
  -8.6413737470   -2.2832968950   -3.7510261854
  -7.8099893594   -2.8873330097   -3.7510261854
  -7.7761655501   -0.4745615432   -4.4537949606
  -8.2561655501   -1.3059459309   -4.4537949606
  -7.7761655501   -2.1373303185   -4.4537949606
  -7.2961655501   -1.3059459309   -4.7110261854
  -5.2768553898    2.3987275819   -2.1711381079
  -6.3592198722    2.3987275819   -2.1711381079
  -7.2348711326    1.7625297016   -2.1711381079
  -5.5548049852    2.9010557892   -3.0693083720
  -6.5924374439    2.7750643982   -3.0693083720
  -7.4526642379    2.1812927143   -3.0693083720
  -7.9384177758    1.2557666745   -3.0693083720
  -3.6341991077    0.7331399076   -4.0662021561
  -4.5774759534    2.5304037780   -4.0662021561
  -5.5548049852    2.9010557892   -4.0662021561
  -6.5924374439    2.7750643982   -4.0662021561
  -7.4526642379    2.1812927143   -4.0662021561
  -7.9384177758    1.2557666745   -4.0662021561
  -7.9384177758    0.2105131407   -4.0662021561
  -4.0667351103    0.7331399076   -4.9643724202
  -4.4012041294    1.7625297016   -4.9643724202
  -5.2768553898    2.3987275819   -4.9643724202
  -6.3592198722    2.3987275819   -4.9643724202
  -7.2348711326    1.7625297016   -4.9643724202
  -7.5693401517    0.7331399076   -4.9643724202
  -7.2348711326   -0.2962498864   -4.9643724202
  -6.3592198722   -0.9324477668   -4.9643724202
  -5.2768553898   -0.9324477668   -4.9643724202
  -4.4012041294   -0.2962498864   -4.9643724202
  -4.8461380554    0.7331399076   -5.5859255282
  -5.3320878432    1.5748296300   -5.5859255282
  -6.3039874188    1.5748296300   -5.5859255282
  -6.7899372066    0.7331399076   -5.5859255282
  -6.3039874188   -0.1085498148   -5.5859255282
  -5.3320878432   -0.1085498148   -5.5859255282
  -5.8180376310    0.7331399076   -5.8077552641
  -6.4543365340   -2.7911556184    1.4590207839
  -5.9683867462   -1.9494658959    1.2371910480
  -6.9402863218   -1.9494658959    1.2371910480
  -7.4262361096   -2.7911556184    1.2371910480
  -6.9402863218   -3.6328453408    1.2371910480
  -5.9683867462   -3.6328453408    1.2371910480
  -7.8711700356   -1.7617658244    0.6156379400
  -8.2056390547   -2.7911556184    0.6156379400
  -7.8711700356   -3.8205454123    0.6156379400
  -6.9955187752   -4.4567432927    0.6156379400
  -5.9131542928   -4.4567432927    0.6156379400
  -8.0889631409   -1.3430028116   -0.2825323241
  -8.5747166788   -2.2685288515   -0.2825323241
  -8.5747166788   -3.3137823853   -0.2825323241
  -8.0889631409   -4.2393084251   -0.2825323241
  -7.2287363469   -4.8330801090   -0.2825323241
  -6.1911038882   -4.9590715000   -0.2825323241
  -5.2137748564   -4.5884194887   -0.2825323241
  -4.5206435545   -3.8060359841   -0.2825323241
  -8.5747166788   -2.2685288515   -1.2794261082
  -8.5747166788   -3.3137823853   -1.2794261082
  -8.0889631409   -4.2393084251   -1.2794261082
  -7.2287363469   -4.8330801090   -1.2794261082
  -6.1911038882   -4.9590715000   -1.2794261082
  -5.2137748564   -4.5884194887   -1.2794261082
  -4.5206435545   -3.8060359841   -1.2794261082
  -7.8711700356   -3.8205454123   -2.1775963723
  -6.9955187752   -4.4567432927   -2.1775963723
  -5.9131542928   -4.4567432927   -2.1775963723
  -6.9402863218   -3.6328453408   -2.7991494802
  -4.5783139315    2.1257236607   -0.1687663449
  -3.8701966462    2.9888011580   -1.1310916278
  -4.8083944252    2.5369889202   -1.1310916278
  -2.5700532742   -0.9991909189   -3.1615173938
  -2.8288756723   -0.1941719004   -3.8274671523
  -3.7330982340   -1.4836602578    2.4770489919
  -4.2537587209   -0.5818498409    2.2393742748
  -4.7744192078   -1.4836602578    2.2393742748
  -4.9618760062   -0.0655751136    1.5734245163
  -5.5334865875   -0.9550185396    1.5734245163
  -4.2537587209   -3.7648228993   -0.4570012496
  -3.2124377470   -3.7648228993   -0.4570012496
  -2.2742399680   -3.3130106615   -0.4570012496
  -2.9536153489   -3.1904896932   -1.4193265326
  -2.1545738419   -2.4981162861   -1.4193265326
  -3.8374883548    0.7436147579    1.6657619869
  -1.1498523166   -2.5038207900   -0.3646637791
  -1.8292276974   -2.3812998218   -1.3269890620
  -4.2164724385    3.2008428911   -2.3434912137
  -4.9192412137    2.4980741159   -2.3434912137
  -3.7702962477    3.1194611947   -3.3034912137
  -2.7764724385    2.3694585035   -4.0062599890
  -3.7364724385    2.3694585035   -4.0062599890
  -2.7764724385    0.7066897282   -4.0062599890
  -3.2564724385    1.5380741159   -4.2634912137
  -3.8788784145   -2.3163798940    2.6690826495
  -2.9188784145   -2.3163798940    2.4118514247
  -4.3588784145   -1.4849955064    2.4118514247
  -4.8388784145   -2.3163798940    2.4118514247
  -4.3588784145   -3.1477642816    2.4118514247
  -3.3988784145   -3.1477642816    2.4118514247
  -5.5416471898   -2.3163798940    1.7090826495
  -5.2240866114   -3.2937308581    1.7090826495
  -4.3927022238   -3.8977669728    1.7090826495
  -3.3650546052   -3.8977669728    1.7090826495
  -2.5336702176   -3.2937308581    1.7090826495
  -4.8388784145   -3.9791486693    0.7490826495
  -3.8788784145   -4.2363798940    0.7490826495
  -2.9188784145   -3.9791486693    0.7490826495
  -2.2161096392   -3.2763798940    0.7490826495
  -4.3927022238   -3.8977669728   -0.2109173505
  -3.3650546052   -3.8977669728   -0.2109173505
  -1.8770416254   -0.8978302141    2.8501514748
  -0.9170416254   -0.8978302141    2.5929202500
  -2.8370416254   -0.8978302141    2.5929202500
  -2.3570416254   -1.7292146017    2.5929202500
  -1.3970416254   -1.7292146017    2.5929202500
  -1.3632178161   -2.4792172929    1.8901514748
  -0.5318334285   -1.8751811782    1.8901514748
  -0.9170416254   -2.5605989893    0.9301514748
  -0.2142728501   -1.8578302141    0.9301514748
   1.0879206690    1.5020277046   -3.8705112922
   0.7909671666    2.5133584582   -3.8705112922
  -0.0056127018    3.2035988433   -3.8705112922
  -2.0076864313    0.0883113112   -3.8705112922
  -1.0489104562   -0.3495470054   -3.8705112922
  -0.0056127018   -0.1995434341   -3.8705112922
   0.7909671666    0.4906969510   -3.8705112922
   0.2973057968    1.5020277046   -4.6611261644
  -0.2426942032    2.4373351407   -4.6611261644
  -1.3226942032    2.4373351407   -4.6611261644
  -1.8626942032    1.5020277046   -4.6611261644
  -1.3226942032    0.5667202685   -4.6611261644
  -0.2426942032    0.5667202685   -4.6611261644
  -0.7826942032    1.5020277046   -4.9505112922
   2.2306242031    2.7741570418   -0.4560170524
   1.9336707007    3.7854877955   -0.4560170524
   1.1370908323    4.4757281806   -0.4560170524
   2.5200093309    2.7741570418   -1.5360170524
   2.2725943463    3.7779590935   -1.5360170524
   1.5870291838    4.5518021922   -1.5360170524
   0.6203685602    4.9184082099   -1.5360170524
   2.2725943463    1.7703549902   -1.5360170524
   2.2306242031    2.7741570418   -2.6160170524
   1.9336707007    3.7854877955   -2.6160170524
   1.1370908323    4.4757281806   -2.6160170524
   0.0937930779    4.6257317518   -2.6160170524
   1.9336707007    1.7628262882   -2.6160170524
   1.4400093309    2.7741570418   -3.4066319246
   0.9000093309    3.7094644779   -3.4066319246
  -0.9262359378    4.8597811414   -0.7441253720
  -1.9695336923    5.0097847127   -0.7441253720
  -2.9283096674    4.5719263961   -0.7441253720
  -0.4762975863    4.9358551530   -1.8241253720
  -1.4429582099    5.3024611708   -1.8241253720
  -2.4692639953    5.1778450869   -1.8241253720
  -3.3201006553    4.5905549445   -1.8241253720
  -3.8005517649    3.6751318376   -1.8241253720
  -0.9262359378    4.8597811414   -2.9041253720
  -1.9695336923    5.0097847127   -2.9041253720
  -2.9283096674    4.5719263961   -2.9041253720
  -3.4981592655    3.6852231135   -2.9041253720
  -1.1633174393    4.0935174388   -3.6947402442
  -2.2433174393    4.0935174388   -3.6947402442
  -2.7833174393    3.1582100027   -3.6947402442
  -1.7033174393    3.1582100027   -3.9841253720
  -3.1500393181    3.7122878535    2.5019264313
  -3.6900393181    2.7769804174    2.5019264313
  -2.8762555711    4.6285551274    1.7113115591
  -3.8350315462    4.1906968108    1.7113115591
  -4.4048811442    3.3039935282    1.7113115591
  -4.4048811442    2.2499673066    1.7113115591
  -3.8350315462    1.3632640240    1.7113115591
  -2.3496800887    4.9212315854    0.6313115591
  -3.3759858741    4.7966155016    0.6313115591
  -4.2268225341    4.2093253592    0.6313115591
  -4.7072736437    3.2939022522    0.6313115591
  -4.7072736437    2.2600585825    0.6313115591
  -4.2268225341    1.3446354756    0.6313115591
  -2.8762555711    4.6285551274   -0.4486884409
  -3.8350315462    4.1906968108   -0.4486884409
  -4.4048811442    3.3039935282   -0.4486884409
  -0.5429754614    3.1348516926    3.0860174151
   0.5370245386    3.1348516926    2.7966322873
  -0.0029754614    4.0701591287    2.7966322873
  -1.0829754614    4.0701591287    2.7966322873
   1.0306859084    4.1461824463    2.0060174151
   0.2341060401    4.8364228314    2.0060174151
  -0.8091917144    4.9864264026    2.0060174151
  -1.7679676895    4.5485680861    2.0060174151
   1.3696095540    4.1386537443    0.9260174151
   0.6840443916    4.9124968430    0.9260174151
  -0.2826162320    5.2791028607    0.9260174151
  -1.3089220174    5.1544867768    0.9260174151
   0.2341060401    4.8364228314   -0.1539825849
  -0.8091917144    4.9864264026   -0.1539825849
  -1.4825845005    1.4771153749    4.0312659993
  -0.4025845005    1.4771153749    3.7418808714
  -0.9425845005    2.4124228110    3.7418808714
  -2.0225845005    2.4124228110    3.7418808714
  -2.5625845005    1.4771153749    3.7418808714
  -2.0225845005    0.5418079388    3.7418808714
  -0.9425845005    0.5418079388    3.7418808714
   0.0910768692    2.4884461285    2.9512659993
  -1.7488007535    3.3286900849    2.9512659993
  -2.7075767287    2.8908317683    2.9512659993
  -3.2774263267    2.0041284857    2.9512659993
  -3.2774263267    0.9501022641    2.9512659993
  -2.7075767287    0.0633989815    2.9512659993
  -1.7488007535   -0.3744593351    2.9512659993
  -0.7055029991   -0.2244557638    2.9512659993
   0.0910768692    0.4657846213    2.9512659993
  -3.5798188262    0.9601935400    1.8712659993
   0.5534187963   -0.2346074442    2.9027447717
  -0.1546984890   -0.7508821716    2.2367950132
   2.5329375491    2.4965533763    0.2063692473
   2.6526036753    1.6816590009   -0.7559560357
   0.9446811040   -1.5827572195    2.3129201638
   1.9064199458   -2.0219686320    2.3129201638
   3.7519832683    0.8497839530   -0.6798308851
   2.9529417613    1.5421573601   -0.6798308851
  -1.1325096137   -2.5078443932   -0.5846870801
   1.9048730443    0.3359620389   -2.6151128460
   0.2136842822   -2.9172221255    0.4599226179
   1.1754231241   -3.3564335380    0.4599226179
  -0.0163962115   -3.3284873850   -0.5024026650
   0.9218015675   -3.7802996228   -0.5024026650
   1.9631225414   -3.7802996228   -0.5024026650
   3.3188576124   -1.4991369813   -2.5328284310
   3.0209864465   -0.4846809530   -2.5328284310
   2.2219449395    0.2076924541   -2.5328284310
   1.9631225414   -0.5973265644   -3.1987781895
   1.1311235478   -2.6374586230    1.4515003750
   1.8392408331   -3.5005361203    0.4891750920
   3.9384257121   -0.2049174505   -1.5412506739
   3.1393842051    0.4874559566   -1.5412506739
   2.4141005876   -3.3141101710    1.8061621595
   3.3758394295   -3.7533215835    1.8061621595
   2.1840200940   -3.7253754305    0.8438368765
   5.2214027520   -0.8815689985   -1.1865888895
   4.4223612450   -0.1891955914   -1.1865888895
   4.1635388468   -0.9942146099   -1.8525386480
   2.9271996256   -2.6021051168    2.8918331844
   5.6148356637    0.6453304311    0.8614074184
   4.9354602829    0.5228094628   -0.1009178645
   1.5251987561   -0.6508337892    3.2602573595
   2.0968093374   -1.5402772152    3.2602573595
   5.4336983832    0.8930208120    1.2298315935
   4.9041115018    0.8922639573    0.2675063105
   4.1050699948    1.5846373644    0.2675063105
   5.9060617556    0.7792157438    2.5851726019
   5.9060617556    0.7792157438    1.5170721189
   5.1337636277    0.1441170743    4.9186055312
   5.9214630450    0.5679831591    3.9562802483
   3.9419442921   -3.5425298861    3.9562802483
   4.8801420711   -3.9943421238    3.9562802483
   3.9419442921   -3.5425298861    2.8881797653
   4.8801420711   -3.9943421238    2.8881797653
   8.1749964035   -1.0008317417    5.5526069675
   7.3759548965   -0.3084583346    5.5526069675
   6.3294330811   -0.1579912133    5.5526069675
   5.3676942392   -0.5972026258    5.5526069675
   7.1171324984    0.2658748715    4.5902816845
   5.1376137456   -3.8446381737    4.5902816845
   6.0758115245   -4.2964504115    4.5902816845
   7.1171324984   -4.2964504115    4.5902816845
   7.1171324984    0.2658748715    3.5221812015
   6.0758115245   -4.2964504115    3.5221812015
   7.0763714810    0.6822674900    1.8462600728
   6.0350505071   -3.8800577929    1.8462600728
   8.0145692600    0.2304552523    0.7781595898
   7.0763714810    0.6822674900    0.7781595898
   6.0350505071    0.6822674900    0.7781595898
   6.0350505071   -3.8800577929    0.7781595898
   7.3351938791   -3.3057245869   -0.1841656932
   9.8534206676   -0.9002976520    2.4845611344
   9.2041676599   -0.0861601313    2.4845611344
   8.2659698810    0.3656521065    2.4845611344
   9.2041676599   -0.0861601313    1.4164606514
   8.2659698810    0.3656521065    1.4164606514
   7.2246489071   -4.1966731765    1.4164606514
   8.2659698810   -4.1966731765    1.4164606514
   8.5247922791   -0.2086810996    0.4541353684
   7.4782704637   -3.7728070917    0.4541353684
   8.5489733833   -0.4138305215    4.8189795655
   9.2283487641   -0.2913095532    3.8566542826
   8.2901509851    0.1605026846    3.8566542826
   7.2488300112   -4.4018225984    3.8566542826
   8.2901509851   -4.4018225984    3.8566542826
   9.8776017718   -1.1054470739    2.7885537996
   7.2488300112   -4.4018225984    2.7885537996
   8.2901509851   -4.4018225984    2.7885537996
   9.2283487641   -3.9500103606    2.7885537996
   4.4871485160   -1.6301997366    5.9114995111
   4.9671485160   -0.7988153490    5.6542682864
   4.0071485160   -0.7988153490    5.6542682864
   3.5271485160   -1.6301997366    5.6542682864
   4.0071485160   -2.4615841243    5.6542682864
   3.9733247067   -0.0488126578    4.9514995111
   3.1419403190   -0.6528487726    4.9514995111
   2.8243797407   -1.6301997366    4.9514995111
   3.1419403190   -2.6075507007    4.9514995111
   3.9733247067   -3.2115868155    4.9514995111
   2.5671485160   -1.6301997366    3.9914995111
   2.8243797407   -2.5901997366    3.9914995111
   3.5271485160   -3.2929685119    3.9914995111
   6.6076209927   -2.1725821888    7.0461480412
   7.5676209927   -2.1725821888    6.7889168165
   7.0876209927   -1.3411978012    6.7889168165
   6.1276209927   -1.3411978012    6.7889168165
   5.6476209927   -2.1725821888    6.7889168165
   6.1276209927   -3.0039665764    6.7889168165
   7.0876209927   -3.0039665764    6.7889168165
   8.2703897679   -2.1725821888    6.0861480412
   7.9528291896   -1.1952312247    6.0861480412
   7.1214448020   -0.5911951100    6.0861480412
   6.0937971834   -0.5911951100    6.0861480412
   5.2624127958   -1.1952312247    6.0861480412
   4.9448522174   -2.1725821888    6.0861480412
   5.2624127958   -3.1499331529    6.0861480412
   6.0937971834   -3.7539692676    6.0861480412
   7.1214448020   -3.7539692676    6.0861480412
   7.9528291896   -3.1499331529    6.0861480412
   1.0698616949   -3.9038006067   -0.7608603260
   2.0975093135   -3.9038006067   -0.7608603260
  -0.0790832711   -3.2824135279   -1.7208603260
   0.6236855042   -3.9851823032   -1.7208603260
   1.5836855042   -4.2424135279   -1.7208603260
   2.5436855042   -3.9851823032   -1.7208603260
   3.2464542795   -2.3224135279   -2.6808603260
   0.2384773073   -3.2997644920   -2.6808603260
   1.0698616949   -3.9038006067   -2.6808603260
   2.0975093135   -3.9038006067   -2.6808603260
   2.9288937011   -3.2997644920   -2.6808603260
   2.5436855042   -2.3224135279   -3.3836291013
   2.0636855042   -1.4910291403   -3.3836291013
   0.6236855042   -2.3224135279   -3.3836291013
   1.1036855042   -3.1537979156   -3.3836291013
   2.0636855042   -3.1537979156   -3.3836291013
   1.5836855042   -2.3224135279   -3.6408603260
  -2.0680167677   -1.8424701028   -1.8850084988
  -1.3652479925   -2.5452388781   -1.8850084988
  -1.7504561894   -1.8598210669   -2.8450084988
  -0.9190718017   -2.4638571816   -2.8450084988
   0.5547520075   -0.8824701028   -3.5477772741
  -1.3652479925   -0.8824701028   -3.5477772741
  -0.8852479925   -1.7138544905   -3.5477772741
   0.0747520075   -1.7138544905   -3.5477772741
  -0.4052479925   -0.8824701028   -3.8050084988
   0.9876848768    1.4866410116    3.3528079121
   1.4676848768    2.3180253993    3.0955766873
   0.5076848768    2.3180253993    3.0955766873
   0.5076848768    0.6552566240    3.0955766873
   1.5015086861    3.0680280904    2.3928079121
   2.6504536521    2.4466410116    1.4328079121
   1.9476848768    3.1494097869    1.4328079121
   3.5105611324    0.6376204213    4.8915647544
   4.4824607080    0.6376204213    4.6697350185
   3.9965109202    1.4793101437    4.6697350185
   3.0246113445    1.4793101437    4.6697350185
   2.5386615567    0.6376204213    4.6697350185
   3.0246113445   -0.2040693012    4.6697350185
   5.2618636531    0.6376204213    4.0481819106
   4.9273946339    1.6670102152    4.0481819106
   4.0517433736    2.3032080956    4.0481819106
   2.9693788912    2.3032080956    4.0481819106
   2.0937276308    1.6670102152    4.0481819106
   1.7592586116    0.6376204213    4.0481819106
   2.0937276308   -0.3917693727    4.0481819106
   5.4442541119    1.6525007870    3.1500116465
   4.7511228100    2.4348842916    3.1500116465
   3.7737937782    2.8055363029    3.1500116465
   2.7361613195    2.6795449119    3.1500116465
   1.8759345254    2.0857732280    3.1500116465
   5.4442541119    1.6525007870    2.1531178624
   4.7511228100    2.4348842916    2.1531178624
   3.7737937782    2.8055363029    2.1531178624
   2.7361613195    2.6795449119    2.1531178624
   4.9273946339    1.6670102152    1.2549475983
   4.0517433736    2.3032080956    1.2549475983
   2.9693788912    2.3032080956    1.2549475983
   3.5963139244   -4.5006245944    1.1835397145
   4.6786784068   -4.5006245944    1.1835397145
   5.5543296671   -3.8644267141    1.1835397145
   2.5028695586   -4.2831897268    0.2853694504
   3.3630963527   -4.8769614108    0.2853694504
   4.4007288114   -5.0029528018    0.2853694504
   5.3780578432   -4.6323007905    0.2853694504
   6.0711891451   -3.8499172859    0.2853694504
   2.5028695586   -4.2831897268   -0.7115243337
   3.3630963527   -4.8769614108   -0.7115243337
   4.4007288114   -5.0029528018   -0.7115243337
   5.3780578432   -4.6323007905   -0.7115243337
   6.0711891451   -3.8499172859   -0.7115243337
   5.8887986863   -2.8350369201   -1.6096945978
   5.5543296671   -1.8056471261   -1.6096945978
   3.5963139244   -4.5006245944   -1.6096945978
   4.6786784068   -4.5006245944   -1.6096945978
   5.5543296671   -3.8644267141   -1.6096945978
   5.1093957412   -2.8350369201   -2.2312477058
   4.6234459534   -1.9933471977   -2.2312477058
   3.6515463778   -1.9933471977   -2.2312477058
   3.6515463778   -3.6767266425   -2.2312477058
   4.6234459534   -3.6767266425   -2.2312477058
   4.1374961656   -2.8350369201   -2.4530774417
   8.6998559415   -2.3618438087    5.7388070057
   9.6598559415   -2.3618438087    5.4815757810
   9.1798559415   -1.5304594211    5.4815757810
   8.2198559415   -3.1932281963    5.4815757810
   9.1798559415   -3.1932281963    5.4815757810
  10.3626247167   -2.3618438087    4.7788070057
  10.0450641384   -1.3844928446    4.7788070057
   9.2136797507   -0.7804567299    4.7788070057
   9.2136797507   -3.9432308875    4.7788070057
  10.0450641384   -3.3391947728    4.7788070057
  10.6198559415   -2.3618438087    3.8188070057
  10.3626247167   -1.4018438087    3.8188070057
   9.6598559415   -0.6990750334    3.8188070057
   8.6998559415   -4.2818438087    3.8188070057
   9.6598559415   -4.0246125840    3.8188070057
  10.3626247167   -3.3218438087    3.8188070057
  10.3626247167   -2.3618438087    2.8588070057
  10.0450641384   -1.3844928446    2.8588070057
  10.0450641384   -3.3391947728    2.8588070057
  10.3181216723   -1.9966542673    2.3319194963
  10.0005610940   -1.0193033032    2.3319194963
  10.0005610940   -2.9740052314    2.3319194963
  10.5753528971   -1.9966542673    1.3719194963
  10.3181216723   -1.0366542673    1.3719194963
   9.6153528971   -0.3338854920    1.3719194963
   9.6153528971   -3.6594230426    1.3719194963
  10.3181216723   -2.9566542673    1.3719194963
  10.3181216723   -1.9966542673    0.4119194963
  10.0005610940   -1.0193033032    0.4119194963
   9.1691767063   -0.4152671885    0.4119194963
   9.1691767063   -3.5780413461    0.4119194963
  10.0005610940   -2.9740052314    0.4119194963
   9.6153528971   -1.9966542673   -0.2908492790
   9.1353528971   -1.1652698797   -0.2908492790
   8.1753528971   -2.8280386549   -0.2908492790
   9.1353528971   -2.8280386549   -0.2908492790
   8.6553528971   -1.9966542673   -0.5480805037
   8.1977524437   -1.4387409251   -0.7153350475
   7.8801918653   -0.4613899611   -0.7153350475
   7.0488074777    0.1426461537   -0.7153350475
   6.0211598591    0.1426461537   -0.7153350475
   7.0488074777   -3.0201280039   -0.7153350475
   7.8801918653   -2.4160918892   -0.7153350475
   7.4949836684   -1.4387409251   -1.4181038227
   7.0149836684   -0.6073565375   -1.4181038227
   6.0549836684   -0.6073565375   -1.4181038227
   5.5749836684   -1.4387409251   -1.4181038227
   6.0549836684   -2.2701253128   -1.4181038227
   7.0149836684   -2.2701253128   -1.4181038227
   6.5349836684   -1.4387409251   -1.6753350475
  -7.6831820054    0.3433684422   -0.4222793282
  -8.2647823160   -0.5616193060   -0.4222793282
  -7.9882091080    0.8507590724   -1.2982223700
  -8.6803736285   -0.0171877835   -1.2982223700
  -8.9274042857   -1.0994998098   -1.2982223700
  -8.3421178572    0.8096884994   -2.3314676374
  -6.9880023964   -3.5314328579   -3.3647129048
  -6.7046353734   -2.9892553349   -4.2406559466
  -5.6398240617   -2.8361585810   -4.2406559466
  -4.8268181380   -2.1316849380   -4.2406559466
  -6.9495521817   -1.9943164597   -4.8259423752
  -5.9163069143   -1.9943164597   -4.8259423752
  -6.8665348630    1.4024176973   -0.7857527043
  -6.1713552540    2.3914824933   -1.6616957462
  -7.1715619656    1.9098083275   -1.6616957462
  -4.0610028456   -1.9907094370   -3.7281862809
  -4.8231769193   -1.7771093260   -4.6041293227
  -4.0101709956   -1.0726356829   -4.6041293227
  -5.7075130834    1.3319606227    0.1564773793
  -6.0125401860    1.8393512528   -0.7194656625
  -2.9019810660   -2.0611665116   -2.7859561973
  -3.6641551397   -1.8475664006   -3.6618992391
  -2.8511492160   -1.1430927575   -3.6618992391
  -6.4595212854   -0.9480178052    1.2233409239
  -7.1931511091   -0.3999662031    0.6380544953
  -8.1903427322   -0.7605224288   -0.2378885465
  -4.3876190917   -3.7930933373   -2.3043790812
  -6.2146044772   -3.7325899802   -3.1803221231
  -5.1497931654   -3.5794932263   -3.1803221231
  -4.3367872417   -2.8750195833   -3.1803221231
  -5.9015528193    0.2618114852    1.0030394152
  -6.2065799219    0.7692021153    0.1270963734
  -3.8581948756   -2.9177155381   -2.8153372032
  -3.0451889520   -2.2132418950   -2.8153372032
  -9.0910073763   -0.7789328201   -1.7110261854
  -9.0910073763   -1.8329590417   -1.7110261854
  -8.9129487662    0.1263990109   -2.7910261854
  -9.3933998758   -0.7890240960   -2.7910261854
  -9.3933998758   -1.8228677657   -2.7910261854
  -8.9129487662   -2.7382908727   -2.7910261854
  -8.0621121061   -3.3255810151   -2.7910261854
  -8.5211577783    0.1077704625   -3.8710261854
  -9.0910073763   -0.7789328201   -3.8710261854
  -9.0910073763   -1.8329590417   -3.8710261854
  -8.5211577783   -2.7196623243   -3.8710261854
  -7.5623818031   -3.1575206409   -3.8710261854
  -7.8361655501   -0.3706384948   -4.6616410576
  -8.3761655501   -1.3059459309   -4.6616410576
  -7.8361655501   -2.2412533670   -4.6616410576
  -7.2961655501   -1.3059459309   -4.9510261854
  -6.0984285079    2.6833012921   -1.9965609634
  -7.1082542918    2.2221293090   -1.9965609634
  -5.2713441197    3.1283606811   -3.0070025105
  -6.3647311423    3.1283606811   -3.0070025105
  -7.3498388102    2.6539578315   -3.0070025105
  -8.0315544683    1.7991134347   -3.0070025105
  -4.2862364518    2.6539578315   -4.1285080176
  -5.2713441197    3.1283606811   -4.1285080176
  -6.3647311423    3.1283606811   -4.1285080176
  -7.3498388102    2.6539578315   -4.1285080176
  -8.0315544683    1.7991134347   -4.1285080176
  -8.2748559697    0.7331399076   -4.1285080176
  -3.8478222952    0.7331399076   -5.1389495647
  -4.1605870193    1.7983187373   -5.1389495647
  -4.9995806017    2.5253108148   -5.1389495647
  -6.0984285079    2.6833012921   -5.1389495647
  -7.1082542918    2.2221293090   -5.1389495647
  -7.7084454022    1.2882137117   -5.1389495647
  -7.7084454022    0.1780661035   -5.1389495647
  -7.1082542918   -0.7558494939   -5.1389495647
  -6.0984285079   -1.2170214769   -5.1389495647
  -4.9995806017   -1.0590309996   -5.1389495647
  -4.1605870193   -0.3320389222   -5.1389495647
  -4.7246506084    0.7331399076   -5.8381968112
  -5.2713441197    1.6800408453   -5.8381968112
  -6.3647311423    1.6800408453   -5.8381968112
  -6.9114246536    0.7331399076   -5.8381968112
  -6.3647311423   -0.2137610301   -5.8381968112
  -5.2713441197   -0.2137610301   -5.8381968112
  -5.8180376310    0.7331399076   -6.0877552641
  -6.4543365340   -2.7911556184    1.7390207839
  -7.0010300453   -1.8442546806    1.4894623310
  -7.5477235566   -2.7911556184    1.4894623310
  -7.0010300453   -3.7380565561    1.4894623310
  -5.9076430227   -3.7380565561    1.4894623310
  -7.7445531948   -1.3021662169    0.7902150846
  -8.3447443052   -2.2360818143    0.7902150846
  -8.3447443052   -3.3462294224    0.7902150846
  -7.7445531948   -4.2801450198    0.7902150846
  -6.7347274109   -4.7413170029    0.7902150846
  -5.6358795046   -4.5833265256    0.7902150846
  -8.6678533713   -1.7251820912   -0.2202264626
  -8.9111548727   -2.7911556184   -0.2202264626
  -8.6678533713   -3.8571291455   -0.2202264626
  -7.9861377132   -4.7119735423   -0.2202264626
  -7.0010300453   -5.1863763919   -0.2202264626
  -5.9076430227   -5.1863763919   -0.2202264626
  -4.9225353548   -4.7119735423   -0.2202264626
  -8.9111548727   -2.7911556184   -1.3417319697
  -8.6678533713   -3.8571291455   -1.3417319697
  -7.9861377132   -4.7119735423   -1.3417319697
  -7.0010300453   -5.1863763919   -1.3417319697
  -5.9076430227   -5.1863763919   -1.3417319697
  -4.9225353548   -4.7119735423   -1.3417319697
  -8.3447443052   -3.3462294224   -2.3521735168
  -7.7445531948   -4.2801450198   -2.3521735168
  -6.7347274109   -4.7413170029   -2.3521735168
  -5.6358795046   -4.5833265256   -2.3521735168
  -7.0010300453   -3.7380565561   -3.0514207632
  -4.9048157193    2.6578973987   -0.6318966019
  -5.2587244685    2.6168268257   -1.6651418693
  -2.5564306730   -1.0290202547   -3.5743301785
  -2.8329135256   -0.1871781334   -4.1596166071
  -3.3495361593    0.7076385165   -4.3651418693
  -3.7330982340   -1.4836602578    2.7770489919
  -4.2497208676   -0.5888436079    2.5715237296
  -4.7663435013   -1.4836602578    2.5715237296
  -4.9833506914   -0.0407920057    1.9862373011
  -5.5649510019   -0.9457797539    1.9862373011
  -1.8239099247   -3.3928485670    0.0770489919
  -3.1780253856   -3.9155933059   -0.9561962755
  -2.1778186740   -3.4339191400   -0.9561962755
  -2.9399927477   -3.2203190290   -1.8321393173
  -2.1269868240   -2.5158453860   -1.8321393173
  -3.6419558499   -0.6744703863    2.6638612002
  -3.8589630399    0.7683978657    2.0785747716
  -1.5754653151   -3.1689451241    0.1693864624
  -4.8732556545    2.9704190577   -2.3434912137
  -3.5226886915    3.3896488259   -3.4234912137
  -4.4814646666    2.9517905093   -3.4234912137
  -2.7164724385    2.4733815520   -4.2141060859
  -3.7964724385    2.4733815520   -4.2141060859
  -3.2564724385    1.5380741159   -4.5034912137
  -3.8788784145   -2.3163798940    2.9090826495
  -2.7988784145   -2.3163798940    2.6196975217
  -4.9588784145   -2.3163798940    2.6196975217
  -4.4188784145   -3.2516873301    2.6196975217
  -3.3388784145   -3.2516873301    2.6196975217
  -5.6737202407   -2.8433930048    1.8290826495
  -5.1038706426   -3.7300962874    1.8290826495
  -4.1450946675   -4.1679546040    1.8290826495
  -3.1017969130   -4.0179510327    1.8290826495
  -2.3052170447   -3.3277106476    1.8290826495
  -4.6448249705   -4.3360149782    0.7490826495
  -3.6185191851   -4.4606310620    0.7490826495
  -2.6518585616   -4.0940250443    0.7490826495
  -4.1450946675   -4.1679546040   -0.3309173505
  -1.8770416254   -0.8978302141    3.0901514748
  -0.7970416254   -0.8978302141    2.8007663469
  -2.4170416254   -1.8331376502    2.8007663469
  -1.3370416254   -1.8331376502    2.8007663469
  -2.1432578784   -2.7494049241    2.0101514748
  -1.0999601240   -2.5994013528    2.0101514748
  -0.3033802556   -1.9091609677    2.0101514748
  -0.6500217725   -2.6754753644    0.9301514748
   1.5863806234    1.5020277046   -3.3312371618
   1.1171562992    1.5020277046   -4.3055915108
   0.8155617438    2.5291644333   -4.3055915108
   0.0065322180    3.2301925080   -4.3055915108
  -1.0530711202    3.3825404682   -4.3055915108
  -2.0268316976    2.9378389131   -4.3055915108
  -2.0268316976    0.0662164961   -4.3055915108
  -1.0530711202   -0.3784850590   -4.3055915108
   0.0065322180   -0.2261370988   -4.3055915108
   0.8155617438    0.4748909759   -4.3055915108
   0.2716432829    1.5020277046   -4.9798656412
  -0.2555254602    2.4151107517   -4.9798656412
  -1.3098629462    2.4151107517   -4.9798656412
  -1.8370316893    1.5020277046   -4.9798656412
  -1.3098629462    0.5889446575   -4.9798656412
  -0.2555254602    0.5889446575   -4.9798656412
  -0.7826942032    1.5020277046   -5.2205112922
   1.9582652779    3.8012937705   -0.0209368339
   2.7290841575    2.7741570418   -0.9952911829
   2.4944719954    3.8020600859   -0.9952911829
   1.8371033251    4.6263743256   -0.9952911829
   0.8871780739    5.0838342164   -0.9952911829
  -0.1671594121    5.0838342164   -0.9952911829
   2.7290841575    2.7741570418   -2.0767429219
   2.4944719954    3.8020600859   -2.0767429219
   1.8371033251    4.6263743256   -2.0767429219
   0.8871780739    5.0838342164   -2.0767429219
  -0.1671594121    5.0838342164   -2.0767429219
   2.4944719954    1.7462539978   -2.0767429219
   2.2598598333    2.7741570418   -3.0510972709
   1.9582652779    3.8012937705   -3.0510972709
   1.1492357520    4.5023218452   -3.0510972709
   0.0896324139    4.6546698055   -3.0510972709
   1.9582652779    1.7470203132   -3.0510972709
   1.4143468169    2.7741570418   -3.7253714014
   0.8871780739    3.6872400889   -3.7253714014
  -1.9736943563    5.0387227664   -0.3090451535
  -1.1761486962    5.4678871772   -1.2833995025
  -2.2304861823    5.4678871772   -1.2833995025
  -3.1804114335    5.0104272865   -1.2833995025
  -3.8377801038    4.1861130467   -1.2833995025
  -0.2262234450    5.0104272865   -2.3648512415
  -1.1761486962    5.4678871772   -2.3648512415
  -2.2304861823    5.4678871772   -2.3648512415
  -3.1804114335    5.0104272865   -2.3648512415
  -3.8377801038    4.1861130467   -2.3648512415
  -0.9140910181    4.8863748061   -3.3392055905
  -1.9736943563    5.0387227664   -3.3392055905
  -2.9474549337    4.5940212112   -3.3392055905
  -3.5262106472    3.6934597424   -3.3392055905
  -1.1761486962    4.0712930498   -4.0134797210
  -2.2304861823    4.0712930498   -4.0134797210
  -2.7576549253    3.1582100027   -4.0134797210
  -3.1372080611    3.6900634645    2.8206659081
  -3.6643768041    2.7769804174    2.8206659081
  -2.8804162350    4.6574931810    2.1463917777
  -3.8541768124    4.2127916259    2.1463917777
  -4.4329325260    3.3122301570    2.1463917777
  -4.4329325260    2.2417306777    2.1463917777
  -2.0828705750    5.0866575919    1.1720374287
  -3.1372080611    5.0866575919    1.1720374287
  -4.0871333123    4.6291977011    1.1720374287
  -4.7445019825    3.8048834614    1.1720374287
  -4.9791141447    2.7769804174    1.1720374287
  -4.7445019825    1.7490773734    1.1720374287
  -2.0828705750    5.0866575919    0.0905856896
  -3.1372080611    5.0866575919    0.0905856896
  -4.0871333123    4.6291977011    0.0905856896
  -4.7445019825    3.8048834614    0.0905856896
  -4.9791141447    2.7769804174    0.0905856896
  -3.8541768124    4.2127916259   -0.8837686594
  -4.4329325260    3.3122301570   -0.8837686594
   0.5113620247    3.1348516926    3.1153717641
  -0.0158067183    4.0479347397    3.1153717641
  -1.0701442044    4.0479347397    3.1153717641
   1.0552804856    4.1619884213    2.4410976336
   0.2462509598    4.8630164960    2.4410976336
  -0.8133523784    5.0153644563    2.4410976336
  -1.7871129558    4.5706629012    2.4410976336
   1.5914872031    4.1627547367    1.4667432846
   0.9341185329    4.9870689764    1.4667432846
  -0.0158067183    5.4445288671    1.4667432846
  -1.0701442044    5.4445288671    1.4667432846
  -2.0200694556    4.9870689764    1.4667432846
   1.5914872031    4.1627547367    0.3852915456
   0.9341185329    4.9870689764    0.3852915456
  -0.0158067183    5.4445288671    0.3852915456
  -1.0701442044    5.4445288671    0.3852915456
  -1.4825845005    1.4771153749    4.3012659993
  -0.4282470145    1.4771153749    4.0606203483
  -0.9554157575    2.3901984220    4.0606203483
  -2.0097532436    2.3901984220    4.0606203483
  -2.5369219866    1.4771153749    4.0606203483
  -2.0097532436    0.5640323278    4.0606203483
  -0.9554157575    0.5640323278    4.0606203483
   0.1156714465    2.5042521036    3.3863462178
  -0.6933580794    3.2052801783    3.3863462178
  -1.7529614175    3.3576281385    3.3863462178
  -2.7267219949    2.9129265834    3.3863462178
  -3.3054777085    2.0123651146    3.3863462178
  -3.3054777085    0.9418656352    3.3863462178
  -2.7267219949    0.0413041664    3.3863462178
  -1.7529614175   -0.4033973887    3.3863462178
  -0.6933580794   -0.2510494285    3.3863462178
   0.1156714465    0.4499786462    3.3863462178
  -3.8516593271    1.4771153749    2.4119918688
  -3.6170471650    0.4492123309    2.4119918688
   1.0740792832    0.6672029726    3.4404194888
   0.5574566495   -0.2276136773    3.2348942266
  -0.1761731742   -0.7756652794    2.6496077980
   2.9832675924    2.5763912818    0.7404194888
   2.6293588432    2.6174618549   -0.2928257786
   2.6801906932    1.6993881008   -1.1687688204
   0.9232064188   -1.6075403273    2.7257329486
   0.6181793162   -2.1149309575    1.8497899067
   3.7287384362    1.7855868069   -0.2167006280
   3.7795702861    0.8675130529   -1.0926436698
   2.9665643625    1.5719866959   -1.0926436698
  -0.7068966152   -3.1729687272   -1.1187373216
   1.9324600621    0.3536911387   -3.0279256308
   1.3595939196   -0.6784939894   -3.6132120593
   0.1922095970   -2.9420052333    0.8727354027
  -0.1128175056   -3.4493958635   -0.0032076391
   0.8873892061   -3.9310700294   -0.0032076391
  -0.4667262548   -3.4083252905   -1.0364529065
   2.9977416144    0.4511219009   -2.0696981739
   3.3516503636   -1.4991369813   -2.9456412157
   3.0485734644   -0.4669518531   -2.9456412157
   2.2355675407    0.2375217899   -2.9456412157
   2.4757073218   -1.4991369813   -3.5309276443
   1.9590846881   -0.6043203314   -3.5309276443
   1.4424620544   -1.4991369813   -3.7364529065
   1.1096488626   -2.6622417309    1.8643131598
   0.8046217600   -3.1696323610    0.9883701179
   3.9151808800    0.7308854034   -1.0781204168
   3.9660127299   -0.1871883507   -1.9540634587
   3.1530068063    0.5172852924   -1.9540634587
   2.3926259025   -3.3388932789    2.2189749442
   3.3711725344   -3.7857805519    2.2189749442
   2.0875987999   -3.8462839090    1.3430319024
   5.2489897698   -0.8638398987   -1.5994016742
   4.4359838462   -0.1593662556   -1.5994016742
   4.1595009936   -1.0012083769   -2.1846881028
   3.6009045495   -3.6159530207    2.4287029273
   4.9490828841    0.5526387986   -0.5137306493
   1.4937343417   -0.6600725748    3.6730701442
   2.0753346523   -1.5650603230    3.6730701442
   1.7703075497   -2.0724509532    2.7971271024
   4.8808666697    1.8280668112    0.7306365676
   3.8806599580    2.3097409771    0.7306365676
   4.9316985196    0.9099930572   -0.1453064742
   4.1186925960    1.6144667002   -0.1453064742
   4.3521560013   -3.9964216355    2.0511223604
   5.3854012687   -4.2019468977    2.0511223604
   5.1290967326    0.1765760427    5.3314183160
   5.9558754064    0.7187535657    4.4554752742
   3.8455229981   -3.6634383646    4.4554752742
   4.8457297097   -4.1451125305    4.4554752742
   6.4340478254    0.7812952554    3.4222300068
   3.4916142488   -3.6223677916    3.4222300068
   4.3675572907   -4.2076542201    3.4222300068
   5.4008025581   -4.4131794824    3.4222300068
   4.8457297097   -4.1451125305    2.3889847394
   5.9558754064   -4.1451125305    2.3889847394
   7.3895774977   -0.2786289988    5.9654197522
   6.3247661860   -0.1255322450    5.9654197522
   5.3462195541   -0.5724195180    5.9654197522
   8.1517515715   -0.0650288878    5.0894767104
   7.1515448598    0.4166452781    5.0894767104
   6.0413991631    0.4166452781    5.0894767104
   5.0411924515   -3.9655466522    5.0894767104
   6.0413991631   -4.4472208181    5.0894767104
   7.1515448598   -4.4472208181    5.0894767104
   7.6297172788    0.4791869677    4.0562314430
   6.5964720115    0.6847122300    4.0562314430
   5.5632267441   -4.5097625078    4.0562314430
   6.5964720115   -4.7152877700    4.0562314430
   6.0413991631   -4.4472208181    3.0229861756
   7.1107838424    0.8330378967    2.3454550987
   7.5889562614    0.8955795863    1.3122098313
   6.5557109941    1.1011048486    1.3122098313
   6.5557109941   -4.2988951514    1.3122098313
   8.1109905541    0.3513637308    0.2789645639
   7.1107838424    0.8330378967    0.2789645639
   6.0006381457    0.8330378967    0.2789645639
   7.1107838424   -4.0308281995    0.2789645639
   7.3488164803   -3.3355539226   -0.5969784779
   8.3003822424    0.5164225131    2.9837561602
   7.1902365456    0.5164225131    2.9837561602
   9.6544977032   -0.0063222258    1.9505108929
   8.7785546614    0.5789642028    1.9505108929
   7.7453093940    0.7844894650    1.9505108929
   6.7120641266   -4.4099852728    1.9505108929
   7.7453093940   -4.6155105350    1.9505108929
   8.7785546614   -4.4099852728    1.9505108929
   9.6544977032   -3.8246988442    1.9505108929
   9.3005889540    0.0347483472    0.9172656255
   8.3003822424    0.5164225131    0.9172656255
   7.1902365456   -4.3474435831    0.9172656255
   8.3003822424   -4.3474435831    0.9172656255
   8.5384148803   -0.1788517638    0.0413225837
   7.4736035686   -3.8052660601    0.0413225837
   8.5625959845   -0.3840011857    5.2317923503
   9.3247700582   -0.1704010747    4.3558493085
   8.3245633466    0.3112730912    4.3558493085
   8.3245633466   -4.5525930050    4.3558493085
   9.6786788074   -0.2114716477    3.3226040411
   8.8027357656    0.3738147809    3.3226040411
   7.7694904982    0.5793400431    3.3226040411
   6.7362452308   -4.6151346947    3.3226040411
   7.7694904982   -4.8206599569    3.3226040411
   8.8027357656   -4.6151346947    3.3226040411
   7.2144176498   -4.5525930050    2.2893587737
   8.3245633466   -4.5525930050    2.2893587737
   4.4871485160   -1.6301997366    6.1514995111
   3.9471485160   -0.6948923006    5.8621143833
   3.4071485160   -1.6301997366    5.8621143833
   3.9471485160   -2.5655071727    5.8621143833
   4.2209322629    0.2213749733    5.0714995111
   3.2621562878   -0.2164833432    5.0714995111
   2.6923066898   -1.1031866258    5.0714995111
   2.6923066898   -2.1572128475    5.0714995111
   3.2621562878   -3.0439161301    5.0714995111
   2.3899141903   -2.1471215715    3.9914995111
   2.8703652999   -3.0625446784    3.9914995111
   6.6076209927   -2.1725821888    7.2861480412
   7.6876209927   -2.1725821888    6.9967629134
   7.1476209927   -1.2372747527    6.9967629134
   6.0676209927   -1.2372747527    6.9967629134
   5.5276209927   -2.1725821888    6.9967629134
   6.0676209927   -3.1078896249    6.9967629134
   7.1476209927   -3.1078896249    6.9967629134
   8.4782358649   -2.1725821888    6.2061480412
   8.1812823625   -1.1612514352    6.2061480412
   7.3847024941   -0.4710110501    6.2061480412
   6.3414047397   -0.3210074788    6.2061480412
   5.3826287646   -0.7588657954    6.2061480412
   4.8127791665   -1.6455690780    6.2061480412
   4.8127791665   -2.6995952996    6.2061480412
   5.3826287646   -3.5862985822    6.2061480412
   6.3414047397   -4.0241568988    6.2061480412
   7.3847024941   -3.8741533275    6.2061480412
   8.1812823625   -3.1839129424    6.2061480412
   1.3174692512   -4.1739882379   -0.6408603260
  -0.0330977118   -3.7547584697   -1.7208603260
   0.8177389482   -4.3420486121   -1.7208603260
   1.8440447336   -4.4666646960   -1.7208603260
   3.4543003764   -2.3224135279   -2.8008603260
  -0.2111563220   -2.8494266387   -2.8008603260
   0.3586932761   -3.7361299214   -2.8008603260
   1.3174692512   -4.1739882379   -2.8008603260
   2.3607670057   -4.0239846666   -2.8008603260
   3.1573468740   -3.3337442816   -2.8008603260
   2.6636855042   -2.3224135279   -3.5914751982
   0.5036855042   -2.3224135279   -3.5914751982
   1.0436855042   -3.2577209640   -3.5914751982
   2.1236855042   -3.2577209640   -3.5914751982
   1.5836855042   -2.3224135279   -3.8808603260
  -1.1711945485   -2.9021051870   -1.8850084988
  -2.2000898186   -1.4094832136   -2.9650084988
  -1.6302402206   -2.2961864963   -2.9650084988
  -0.6714642455   -2.7340448128   -2.9650084988
  -1.4852479925   -0.8824701028   -3.7556233710
  -0.9452479925   -1.8177775389   -3.7556233710
   0.1347520075   -1.8177775389   -3.7556233710
  -0.4052479925   -0.8824701028   -4.0450084988
   0.9876848768    1.4866410116    3.5928079121
   1.5276848768    2.4219484477    3.3034227842
   0.4476848768    2.4219484477    3.3034227842
   1.7647663782    3.1882121504    2.5128079121
   2.2147047297    3.2642861620    1.4328079121
   3.5105611324    0.6376204213    5.1715647544
   4.6039481549    0.6376204213    4.9220063016
   4.0572546436    1.5845213590    4.9220063016
   2.9638676211    1.5845213590    4.9220063016
   2.4171741098    0.6376204213    4.9220063016
   2.9638676211   -0.3092805165    4.9220063016
   5.1680117440    1.7027992510    4.2227590551
   4.3290181617    2.4297913285    4.2227590551
   3.2301702555    2.5877818058    4.2227590551
   2.2203444715    2.1266098227    4.2227590551
   1.6201533611    1.1926942253    4.2227590551
   1.6201533611    0.0825466172    4.2227590551
   2.2203444715   -0.8513689802    4.2227590551
   5.7240779696    1.7035939484    3.2123175080
   5.0423623116    2.5584383452    3.2123175080
   4.0572546436    3.0328411948    3.2123175080
   2.9638676211    3.0328411948    3.2123175080
   1.9787599532    2.5584383452    3.2123175080
   5.7240779696    1.7035939484    2.0908120009
   5.0423623116    2.5584383452    2.0908120009
   4.0572546436    3.0328411948    2.0908120009
   2.9638676211    3.0328411948    2.0908120009
   4.3290181617    2.4297913285    1.0803704538
   3.2301702555    2.5877818058    1.0803704538
   2.8472795047   -4.3240263215    1.3581168590
   3.8571052887   -4.7851983046    1.3581168590
   4.9559531949   -4.6272078273    1.3581168590
   2.6056949864   -4.7558548440    0.3476753119
   3.5908026543   -5.2302576936    0.3476753119
   4.6841896769   -5.2302576936    0.3476753119
   5.6692973448   -4.7558548440    0.3476753119
   2.6056949864   -4.7558548440   -0.7738301952
   3.5908026543   -5.2302576936   -0.7738301952
   4.6841896769   -5.2302576936   -0.7738301952
   5.6692973448   -4.7558548440   -0.7738301952
   6.3510130028   -3.9010104472   -0.7738301952
   6.1077115014   -2.8350369201   -1.7842717423
   5.7949467773   -1.7698580904   -1.7842717423
   2.8472795047   -4.3240263215   -1.7842717423
   3.8571052887   -4.7851983046   -1.7842717423
   4.9559531949   -4.6272078273   -1.7842717423
   5.7949467773   -3.9002157498   -1.7842717423
   5.2308831881   -2.8350369201   -2.4835189888
   4.6841896769   -1.8881359824   -2.4835189888
   3.5908026543   -3.7819378578   -2.4835189888
   4.6841896769   -3.7819378578   -2.4835189888
   4.1374961656   -2.8350369201   -2.7330774417
   8.6998559415   -2.3618438087    5.9788070057
   9.7798559415   -2.3618438087    5.6894218779
   9.2398559415   -1.4265363726    5.6894218779
   9.2398559415   -3.2971512448    5.6894218779
  10.5704708137   -2.3618438087    4.8988070057
  10.2735173113   -1.3505130551    4.8988070057
   9.4769374429   -0.6602726700    4.8988070057
   8.4336396885   -4.2134185187    4.8988070057
   9.4769374429   -4.0634149474    4.8988070057
  10.2735173113   -3.3731745623    4.8988070057
  10.8598559415   -2.3618438087    3.8188070057
  10.6124409569   -1.3580417571    3.8188070057
   8.9602151708   -4.5060949767    3.8188070057
   9.9268757944   -4.1394889590    3.8188070057
  10.6124409569   -3.3656458603    3.8188070057
  10.5704708137   -2.3618438087    2.7388070057
  10.2735173113   -3.3731745623    2.7388070057
  10.5259677692   -1.9966542673    2.4519194963
  10.8153528971   -1.9966542673    1.3719194963
  10.5679379125   -0.9928522157    1.3719194963
   9.8823727500   -0.2190091170    1.3719194963
   9.8823727500   -3.7742994176    1.3719194963
  10.5679379125   -3.0004563189    1.3719194963
  10.5259677692   -1.9966542673    0.2919194963
  10.2290142668   -0.9853235137    0.2919194963
   9.4324343985   -0.2950831286    0.2919194963
   9.4324343985   -3.6982254060    0.2919194963
  10.2290142668   -3.0079850209    0.2919194963
   9.7353528971   -1.9966542673   -0.4986953759
   9.1953528971   -1.0613468312   -0.4986953759
   9.1953528971   -2.9319617034   -0.4986953759
   8.6553528971   -1.9966542673   -0.7880805037
   8.4055985406   -1.4387409251   -0.8353350475
   8.1086450382   -0.4274101715   -0.8353350475
   7.3120651698    0.2628302136   -0.8353350475
   6.2687674154    0.4128337848   -0.8353350475
   5.3099914403   -0.0250245317   -0.8353350475
   7.3120651698   -3.1403120638   -0.8353350475
   8.1086450382   -2.4500716788   -0.8353350475
   7.6149836684   -1.4387409251   -1.6259499196
   7.0749836684   -0.5034334890   -1.6259499196
   5.9949836684   -0.5034334890   -1.6259499196
   7.0749836684   -2.3740483612   -1.6259499196
   6.5349836684   -1.4387409251   -1.9153350475
  -7.6957386455    0.3578595774   -0.0333343080
  -7.7319676536    1.1505001902   -0.8314676374
  -8.5348173556    0.4276110715   -0.8314676374
  -8.9742315606   -0.5593293918   -0.8314676374
  -8.2133673344    1.2581808476   -1.8105231044
  -8.9448308290    0.4558036165   -1.8105231044
  -8.9448308290    0.4558036165   -2.8524121704
  -6.7045024618   -3.6833434878   -3.8314676374
  -5.6300798460   -3.5704171205   -3.8314676374
  -4.6944772373   -3.0302467025   -3.8314676374
  -6.7073641921   -3.0082346857   -4.6296009667
  -5.6318586783   -2.8536003378   -4.6296009667
  -6.9459597630   -1.9880942080   -5.1505454997
  -5.9198993330   -1.9880942080   -5.1505454997
  -6.8790915031    1.4169088325   -0.3968076842
  -5.8878553194    2.5433931233   -1.1949410135
  -6.9153205113    2.2095494452   -1.1949410135
  -7.7181702133    1.4866603266   -1.1949410135
  -8.1281836866    1.5148528716   -2.1739964805
  -3.8778300949   -1.9711974474   -4.1949410135
  -4.8152115359   -1.7945510827   -4.9930743429
  -3.9940403631   -1.0830022110   -4.9930743429
  -5.7200697235    1.3464517579    0.5454223995
  -5.7562987316    2.1390923706   -0.2527109299
  -2.7188083153   -2.0416545220   -3.2527109299
  -3.6561897562   -1.8650081573   -4.0508442592
  -2.8350185834   -1.1534592856   -4.0508442592
  -6.4559288667   -0.9542400569    1.5479440485
  -7.2057077493   -0.3854750679    1.0269995155
  -7.2419367574    0.4071655449    0.2288661861
  -8.0447864594   -0.3157235737    0.2288661861
  -5.1400489497   -4.3137517658   -2.7711338139
  -4.2044463410   -3.7735813478   -2.7711338139
  -5.1418277820   -3.5969349831   -3.5692671432
  -4.3206566092   -2.8853861114   -3.5692671432
  -5.9141094595    0.2763026204    1.3919844354
  -5.9503384676    1.0689432331    0.5938511060
  -2.9128480513   -3.1118036595   -2.4061488940
  -3.8502294922   -2.9351572948   -3.2042822233
  -9.4042768237   -0.2907330479   -2.2569759439
  -9.6359925394   -1.3059459309   -2.2569759439
  -9.4042768237   -2.3211588139   -2.2569759439
  -8.7550238160    0.5234044728   -3.3250764269
  -9.4042768237   -0.2907330479   -3.3250764269
  -9.6359925394   -1.3059459309   -3.3250764269
  -9.4042768237   -2.3211588139   -3.3250764269
  -8.7550238160   -3.1352963346   -3.3250764269
  -7.8168260371   -3.5871085724   -3.3250764269
  -8.5249433224    0.1121392133   -4.2874017098
  -9.0965539037   -0.7773042127   -4.2874017098
  -9.0965539037   -1.8345876491   -4.2874017098
  -8.5249433224   -2.7240310751   -4.2874017098
  -7.5632044805   -3.1632424876   -4.2874017098
  -8.3374865240   -1.3059459309   -4.9533514683
  -7.8168260371   -2.2077563478   -4.9533514683
  -5.0186530974    3.1933925266   -2.4962416534
  -6.0884384128    3.3058314941   -2.4962416534
  -7.1114689765    2.9734287141   -2.4962416534
  -7.9108535102    2.2536596471   -2.4962416534
  -8.3483711657    1.2709789036   -2.4962416534
  -4.5699702348    3.2395971234   -3.5677552641
  -5.5596862245    3.5211956012   -3.5677552641
  -6.5842940032    3.4262517085   -3.5677552641
  -7.5054146129    2.9675881440   -3.5677552641
  -8.1986456110    2.2071499636   -3.5677552641
  -8.5703623101    1.2476385575   -3.5677552641
  -4.0870886300    2.6555535306   -4.6392688747
  -5.0186530974    3.1933925266   -4.6392688747
  -6.0884384128    3.3058314941   -4.6392688747
  -7.1114689765    2.9734287141   -4.6392688747
  -7.9108535102    2.2536596471   -4.6392688747
  -8.3483711657    1.2709789036   -4.6392688747
  -8.3483711657    0.1953009116   -4.6392688747
  -3.8381386437    0.7331399076   -5.5476542514
  -4.1033948110    1.7230894012   -5.5476542514
  -4.8280881373    2.4477827275   -5.5476542514
  -5.8180376310    2.7130388949   -5.5476542514
  -6.8079871247    2.4477827275   -5.5476542514
  -7.5326804509    1.7230894012   -5.5476542514
  -7.7979366183    0.7331399076   -5.5476542514
  -7.5326804509   -0.2568095861   -5.5476542514
  -6.8079871247   -0.9815029124   -5.5476542514
  -5.8180376310   -1.2467590798   -5.5476542514
  -4.8280881373   -0.9815029124   -5.5476542514
  -4.1033948110   -0.2568095861   -5.5476542514
  -4.7465240204    0.7331399076   -6.1546179551
  -5.2822808257    1.6610979149   -6.1546179551
  -6.3537944363    1.6610979149   -6.1546179551
  -6.8895512416    0.7331399076   -6.1546179551
  -6.3537944363   -0.1948180997   -6.1546179551
  -5.2822808257   -0.1948180997   -6.1546179551
  -5.8180376310    0.7331399076   -6.3677552641
  -6.4543365340   -2.7911556184    2.0190207839
  -6.9900933393   -1.8631976111    1.8058834749
  -7.5258501446   -2.7911556184    1.8058834749
  -6.9900933393   -3.7191136257    1.8058834749
  -5.9185797287   -3.7191136257    1.8058834749
  -8.1689793539   -1.8012061247    1.1989197712
  -8.4342355213   -2.7911556184    1.1989197712
  -8.1689793539   -3.7811051120    1.1989197712
  -7.4442860277   -4.5057984383    1.1989197712
  -6.4543365340   -4.7710546057    1.1989197712
  -5.4643870403   -4.5057984383    1.1989197712
  -8.5471524132   -1.2706358789    0.2905343945
  -8.9846700687   -2.2533166224    0.2905343945
  -8.9846700687   -3.3289946144    0.2905343945
  -8.5471524132   -4.3116753579    0.2905343945
  -7.7477678795   -5.0314444249    0.2905343945
  -6.7247373158   -5.3638472049    0.2905343945
  -5.6549520003   -5.2514082374    0.2905343945
  -4.7233875330   -4.7135692414    0.2905343945
  -9.2066612131   -2.2766569685   -0.7809792161
  -9.2066612131   -3.3056542682   -0.7809792161
  -8.8349445140   -4.2651656744   -0.7809792161
  -8.1417135159   -5.0256038547   -0.7809792161
  -7.2205929062   -5.4842674192   -0.7809792161
  -6.1959851275   -5.5792113120   -0.7809792161
  -5.2062691378   -5.2976128342   -0.7809792161
  -4.3851115658   -4.6775034206   -0.7809792161
  -8.9846700687   -3.3289946144   -1.8524928267
  -8.5471524132   -4.3116753579   -1.8524928267
  -7.7477678795   -5.0314444249   -1.8524928267
  -6.7247373158   -5.3638472049   -1.8524928267
  -5.6549520003   -5.2514082374   -1.8524928267
  -4.7233875330   -4.7135692414   -1.8524928267
  -8.1689793539   -3.7811051120   -2.7608782034
  -7.4442860277   -4.5057984383   -2.7608782034
  -6.4543365340   -4.7710546057   -2.7608782034
  -5.4643870403   -4.5057984383   -2.7608782034
  -5.4514239669    2.2347493979   -0.1651418693
  -5.1299739457    3.0653191739   -1.1441973363
  -2.5484652895   -1.0464620114   -3.9632751987
  -2.8365059443   -0.1809558817   -4.4842197317
  -3.7330982340   -1.4836602578    3.0770489919
  -4.2461284489   -0.5950658596    2.8961268542
  -4.7591586639   -1.4836602578    2.8961268542
  -4.9959073315   -0.0263008705    2.3751823212
  -5.5833488190   -0.9403776674    2.3751823212
  -5.0321363396    0.7663397422    1.5770489919
  -5.8349860416    0.0434506236    1.5770489919
  -1.5497531003   -3.4740423369    0.5979935249
  -3.4604984467   -4.4254804681   -0.4438955411
  -2.4161984682   -4.1283515064   -0.4438955411
  -1.5497531003   -3.4740423369   -0.4438955411
  -2.9302485320   -3.9545775684   -1.4229510081
  -1.9946459233   -3.4144071505   -1.4229510081
  -3.6347710125   -0.6744703863    2.9884643248
  -1.2918108168   -3.3191616349    0.6903309954
  -1.2918108168   -3.3191616349   -0.3515580706
  -4.7153307044    3.3674245196   -2.8775414552
  -3.5235113688    3.3953706726   -3.8398667382
  -2.7358119515    2.4398845328   -4.5058164967
  -3.7771329254    2.4398845328   -4.5058164967
  -3.2564724385    1.5380741159   -4.7434912137
  -3.8788784145   -2.3163798940    3.1490826495
  -2.8375574406   -2.3163798940    2.9114079324
  -4.9201993884   -2.3163798940    2.9114079324
  -4.3995389014   -3.2181903109    2.9114079324
  -3.3582179276   -3.2181903109    2.9114079324
  -5.6792667680   -2.8450216122    2.2454581739
  -5.1076561867   -3.7344650382    2.2454581739
  -4.1459173449   -4.1736764507    2.2454581739
  -3.0993955294   -4.0232093294    2.2454581739
  -2.3003540224   -3.3308359223    2.2454581739
  -4.3995389014   -4.5975425355    1.2831328910
  -3.3582179276   -4.5975425355    1.2831328910
  -2.4200201486   -4.1457302977    1.2831328910
  -4.3995389014   -4.5975425355    0.2150324080
  -3.3582179276   -4.5975425355    0.2150324080
  -1.8770416254   -0.8978302141    3.3301514748
  -0.8357206515   -0.8978302141    3.0924767577
  -2.3977021123   -1.7996406310    3.0924767577
  -1.3563811385   -1.7996406310    3.0924767577
  -2.1440805558   -2.7551267708    2.4265269992
  -1.0975587403   -2.6046596495    2.4265269992
  -0.2985172333   -1.9122862424    2.4265269992
  -1.3563811385   -3.1789928556    1.4642017163
  -0.4181833595   -2.7271806178    1.4642017163
  -0.0112677637    3.9518700443   -3.9676422299
   1.7117805346    1.5020277046   -3.8237565596
   1.4647498773    0.4197156782   -3.8237565596
   1.1264941060    1.5020277046   -4.6996996014
   0.8234172068    2.5342128328   -4.6996996014
   0.0104112831    3.2386864758   -4.6996996014
  -1.0544000287    3.3917832296   -4.6996996014
  -2.0329466606    2.9448959567   -4.6996996014
  -2.6145469712    2.0399082085   -4.6996996014
  -2.6145469712    0.9641472008   -4.6996996014
  -2.0329466606    0.0591594526   -4.6996996014
  -1.0544000287   -0.3877278204   -4.6996996014
   0.0104112831   -0.2346310666   -4.6996996014
   0.8234172068    0.4698425764   -4.6996996014
   0.2505510642    1.5020277046   -5.2849860300
  -0.2660715695    2.3968443545   -5.2849860300
  -1.2993168369    2.3968443545   -5.2849860300
  -1.8159394706    1.5020277046   -5.2849860300
  -1.2993168369    0.6072110547   -5.2849860300
  -0.2660715695    0.6072110547   -5.2849860300
  -0.7826942032    1.5020277046   -5.4905112922
   2.8544840687    2.7741570418   -0.5027717850
   2.6074534114    3.8564690682   -0.5027717850
   1.9152888909    4.7244159241   -0.5027717850
   0.9150821793    5.2060900899   -0.5027717850
   3.0600093309    2.7741570418   -1.5360170524
   2.8544840687    3.8074023092   -1.5360170524
   2.2691976401    4.6833453511   -1.5360170524
   1.3932545983    5.2686317796   -1.5360170524
   0.3600093309    5.4741570418   -1.5360170524
   2.8544840687    1.7409117745   -1.5360170524
   2.8544840687    2.7741570418   -2.5692623198
   2.6074534114    3.8564690682   -2.5692623198
   1.9152888909    4.7244159241   -2.5692623198
   0.9150821793    5.2060900899   -2.5692623198
   2.6074534114    1.6918450155   -2.5692623198
   2.2691976401    2.7741570418   -3.4452053616
   1.9661207408    3.8063421700   -3.4452053616
   1.1531148172    4.5108158131   -3.4452053616
   0.0883035054    4.6639125669   -3.4452053616
   1.9661207408    1.7419719137   -3.4452053616
   1.3932545983    2.7741570418   -4.0304917902
   0.8766319646    3.6689736917   -4.0304917902
  -1.1482445909    5.5901430508   -0.7908801046
  -2.2583902877    5.5901430508   -0.7908801046
  -3.2585969993    5.1084688849   -0.7908801046
  -0.6700721719    5.6526847405   -1.8241253720
  -1.7033174393    5.8582100027   -1.8241253720
  -2.7365627067    5.6526847405   -1.8241253720
  -3.6125057485    5.0673983119   -1.8241253720
  -4.1977921771    4.1914552701   -1.8241253720
  -0.1480378793    5.1084688849   -2.8573706394
  -1.1482445909    5.5901430508   -2.8573706394
  -2.2583902877    5.5901430508   -2.8573706394
  -3.2585969993    5.1084688849   -2.8573706394
  -3.9507615198    4.2405220291   -2.8573706394
  -0.9102119530    4.8948687739   -3.7333136812
  -1.9750232647    5.0479655277   -3.7333136812
  -2.9535698967    4.6010782548   -3.7333136812
  -3.5351702073    3.6960905066   -3.7333136812
  -1.1866948056    4.0530266526   -4.3186001098
  -2.2199400730    4.0530266526   -4.3186001098
  -2.7365627067    3.1582100027   -4.3186001098
  -3.1266619517    3.6717970673    3.1257862969
  -3.6432845854    2.7769804174    3.1257862969
  -2.8817451435    4.6667359424    2.5404998683
  -3.8602917755    4.2198486694    2.5404998683
  -4.4418920860    3.3148609212    2.5404998683
  -4.4418920860    2.2390999135    2.5404998683
  -3.1651121664    5.2089134655    1.6645568265
  -4.1653188781    4.7272392996    1.6645568265
  -4.8574833986    3.8592924437    1.6645568265
  -5.1045140558    2.7769804174    1.6645568265
  -4.8574833986    1.6946683910    1.6645568265
  -2.6100393181    5.4769804174    0.6313115591
  -3.6432845854    5.2714551552    0.6313115591
  -4.5192276273    4.6861687266    0.6313115591
  -5.1045140558    3.8102256848    0.6313115591
  -5.3100393181    2.7769804174    0.6313115591
  -5.1045140558    1.7437351500    0.6313115591
  -3.1651121664    5.2089134655   -0.4019337082
  -4.1653188781    4.7272392996   -0.4019337082
  -4.8574833986    3.8592924437   -0.4019337082
   0.4902698060    3.1348516926    3.4204921529
  -0.0263528277    4.0296683425    3.4204921529
  -1.0595980951    4.0296683425    3.4204921529
   1.0631359486    4.1670368208    2.8352057243
   0.2501300249    4.8715104639    2.8352057243
  -0.8146812868    5.0246072177    2.8352057243
  -1.7932279188    4.5777199447    2.8352057243
   1.7044686191    4.2171637190    1.9592626825
   1.0123040986    5.0851105749    1.9592626825
   0.0120973870    5.5667847407    1.9592626825
  -1.0980483098    5.5667847407    1.9592626825
  -2.0982550214    5.0851105749    1.9592626825
   1.9514992764    4.1680969600    0.9260174151
   1.3662128478    5.0440400018    0.9260174151
   0.4902698060    5.6293264304    0.9260174151
  -0.5429754614    5.8348516926    0.9260174151
  -1.5762207288    5.6293264304    0.9260174151
   1.0123040986    5.0851105749   -0.1072278523
   0.0120973870    5.5667847407   -0.1072278523
  -1.0980483098    5.5667847407   -0.1072278523
  -1.4825845005    1.4771153749    4.5712659993
  -0.4493392332    1.4771153749    4.3657407370
  -0.9659618668    2.3719320248    4.3657407370
  -1.9992071342    2.3719320248    4.3657407370
  -2.5158297679    1.4771153749    4.3657407370
  -1.9992071342    0.5822987250    4.3657407370
  -0.9659618668    0.5822987250    4.3657407370
   0.4266038087    1.4771153749    3.7804543085
   0.1235269094    2.5093005031    3.7804543085
  -0.6894790143    3.2137741461    3.7804543085
  -1.7542903260    3.3668708999    3.7804543085
  -2.7328369579    2.9199836269    3.7804543085
  -3.3144372685    2.0149958787    3.7804543085
  -3.3144372685    0.9392348711    3.7804543085
  -2.7328369579    0.0342471229    3.7804543085
  -1.7542903260   -0.4126401501    3.7804543085
  -0.6894790143   -0.2595433963    3.7804543085
   0.1235269094    0.4449302467    3.7804543085
  -3.9770592383    1.4771153749    2.9045112666
  -3.7300285811    0.3948033485    2.9045112666
   0.5610490682   -0.2213914255    3.5594973511
  -0.1887298143   -0.7901564146    3.0385528181
   3.2574244169    2.6575850517    0.2194749558
   2.3909790490    3.3118942212    0.2194749558
   0.9106497786   -1.6220314626    3.1146779687
   0.0715710685   -1.6917829567    2.3165446394
   0.8744207705   -2.4146720753    2.3165446394
   3.9119111869    1.7660748174   -0.6834553606
   2.9745297459    1.5894284527   -1.4815886900
  -1.4540891343   -3.0361746468   -1.6396818546
   1.9485906947    0.3640576668   -3.4168706509
   1.3524090821   -0.6784939894   -3.9378151839
   0.1796529569   -2.9564963686    1.2616804228
   0.1434239488   -3.7491369813    0.4635470935
   1.1708891406   -4.0829806593    0.4635470935
  -0.3379757320   -3.8568176387   -0.5155083735
   0.6339457514   -4.3407770326   -0.5155083735
   1.7150618417   -4.4409571916   -0.5155083735
  -0.3379757320   -3.8568176387   -1.5573974395
   3.1809143651    0.4316099114   -2.5364529065
   3.3708248835   -1.4991369813   -3.3345862359
   3.0647040970   -0.4565853250   -3.3345862359
   2.2435329241    0.2549635467   -3.3345862359
   2.4685224844   -1.4991369813   -3.8555307689
   1.9554922694   -0.6105425831   -3.8555307689
   1.4424620544   -1.4991369813   -4.0364529065
   1.0970922224   -2.6767328661    2.2532581799
   0.2580135123   -2.7464843602    1.4551248505
   1.0608632143   -3.4693734788    1.4551248505
   4.0983536307    0.7113734138   -1.5448751495
   3.9821433625   -0.1768218226   -2.3430084788
   2.3800692623   -3.3533844141    2.6079199644
   2.3438402542   -4.1460250268    1.8097866350
   1.8624405735   -4.2537056842    0.8307311680
   5.2651204024   -0.8534733706   -1.9883466944
   4.4439492296   -0.1419244989   -1.9883466944
   4.1559085749   -1.0074306286   -2.5092912274
   2.0540895902   -2.7111308540    2.8954576599
   2.8569392922   -3.4340199726    2.8954576599
   4.9570482675    0.5700805553   -0.9026756694
   2.0627780121   -1.5795514582    4.0620151644
   1.2236993020   -1.6493029523    3.2638818350
   2.0265490040   -2.3721920710    3.2638818350
   5.0640394203    1.8085548217    0.2638818350
   4.1284368116    2.3487252397    0.2638818350
   6.7023010345    1.1427443509    2.5720668934
   4.8877723431   -0.8245850842    6.2413078691
   5.1263679139    0.1955553936    5.7203633361
   4.1017644524   -3.9631794824    4.9222300068
   3.6203647716   -4.0708601397    3.9431745398
   4.5922862550   -4.5548195337    3.9431745398
   3.6203647716   -4.0708601397    2.9012854738
   4.5922862550   -4.5548195337    2.9012854738
   5.6734023453   -4.6549996926    2.9012854738
   7.3975428812   -0.2611872421    6.3543647724
   6.3220373673   -0.1065528941    6.3543647724
   8.3349243221   -0.0845408774    5.5562314430
   7.3993217134    0.4556295406    5.5562314430
   6.3248990976    0.5685559080    5.5562314430
   5.2974339058   -4.2652877700    5.5562314430
   6.3248990976   -4.5991314481    5.5562314430
   7.3993217134   -4.4862050807    5.5562314430
   7.9133717772    0.6294034786    4.5771759760
   6.8690717987    0.9265324402    4.5771759760
   5.7879557084   -4.8569278214    4.5771759760
   6.8690717987   -4.9571079803    4.5771759760
   6.8690717987    0.9265324402    3.5352869100
   5.7879557084   -4.8569278214    3.5352869100
   6.8283107813    1.3429250588    1.8331543643
   7.8726107598    1.0457960972    0.7912652983
   6.8283107813    1.3429250588    0.7912652983
   6.8283107813   -4.5407153617    0.7912652983
   8.2941633047    0.3318517412   -0.1877901687
   7.3585606960    0.8720221592   -0.1877901687
   6.2841380802    0.9849485266   -0.1877901687
   7.3585606960   -4.0698124621   -0.1877901687
   7.3567818638   -3.3529956794   -0.9859234981
  10.5002270370   -0.8482497543    2.4714554259
   9.9286545277    0.0748715441    2.4714554259
   9.0622091598    0.7291807136    2.4714554259
   8.0179091813    1.0263096752    2.4714554259
   9.9286545277    0.0748715441    1.4295663599
   9.0622091598    0.7291807136    1.4295663599
   8.0179091813    1.0263096752    1.4295663599
   6.9367930910   -4.7571505864    1.4295663599
   8.0179091813   -4.8573307453    1.4295663599
   9.0622091598   -4.5602017836    1.4295663599
   8.5481590960    0.5554067756    0.4505108929
   7.4737364802   -4.4993542131    0.4505108929
   8.5481590960   -4.3864278457    0.4505108929
   8.5463802637   -3.6696110630   -0.3476224365
   8.2583396090   -2.8041049332   -0.8685669695
   8.5705613679   -0.3665594289    5.6207373704
   9.5079428088   -0.1899130642    4.8226040411
   8.5723402002    0.3502573537    4.8226040411
   8.5723402002   -4.5915772675    4.8226040411
   9.9528356318   -0.1302778778    3.8435485741
   9.0863902639    0.5240312917    3.8435485741
   8.0420902854    0.8211602534    3.8435485741
   8.0420902854   -5.0624801672    3.8435485741
   9.0863902639   -4.7653512055    3.8435485741
  10.5244081411   -1.0533991762    2.8016595081
   6.9609741952   -4.9623000082    2.8016595081
   8.0420902854   -5.0624801672    2.8016595081
   9.0863902639   -4.7653512055    2.8016595081
   4.4871485160   -1.6301997366    6.3914995111
   3.9664880290   -0.7283893198    6.1538247941
   3.4458275421   -1.6301997366    6.1538247941
   3.9664880290   -2.5320101535    6.1538247941
   4.2201095856    0.2270968200    5.4878750356
   3.2583707437   -0.2121145924    5.4878750356
   2.6867601624   -1.1015580185    5.4878750356
   2.6867601624   -2.1588414548    5.4878750356
   3.2583707437   -3.0482848809    5.4878750356
   2.1473215267   -1.6301997366    4.5255497526
   2.3790372424   -2.6454126196    4.5255497526
   3.0282902500   -3.4595501404    4.5255497526
   2.3790372424   -2.6454126196    3.4574492696
   6.6076209927   -2.1725821888    7.5261480412
   7.6489419666   -2.1725821888    7.2884733242
   7.1282814796   -1.2707717719    7.2884733242
   6.0869605057   -1.2707717719    7.2884733242
   5.5663000188   -2.1725821888    7.2884733242
   6.0869605057   -3.0743926057    7.2884733242
   7.1282814796   -3.0743926057    7.2884733242
   8.4840165506   -2.1725821888    6.6225235657
   8.1861453848   -1.1581261605    6.6225235657
   7.3871038778   -0.4657527534    6.6225235657
   6.3405820623   -0.3152856321    6.6225235657
   5.3788432204   -0.7544970446    6.6225235657
   4.8072326391   -1.6439404706    6.6225235657
   4.8072326391   -2.7012239070    6.6225235657
   5.3788432204   -3.5906673330    6.6225235657
   6.3405820623   -4.0298787455    6.6225235657
   7.3871038778   -3.8794116242    6.6225235657
   8.1861453848   -3.1870382171    6.6225235657
   1.0630250173   -4.6035761694   -1.1868100845
   2.1043459911   -4.6035761694   -1.1868100845
   0.1248272383   -4.1517639316   -2.2549105675
   1.0630250173   -4.6035761694   -2.2549105675
   2.1043459911   -4.6035761694   -2.2549105675
   3.4600810621   -2.3224135279   -3.2172358505
   0.3549077320   -3.7404986721   -3.2172358505
   1.3166465738   -4.1797100846   -3.2172358505
   2.3631683893   -4.0292429634   -3.2172358505
   3.1622098963   -3.3368695562   -3.2172358505
   2.6250064781   -2.3224135279   -3.8831856090
   0.5423645303   -2.3224135279   -3.8831856090
   1.0630250173   -3.2242239448   -3.8831856090
   2.1043459911   -3.2242239448   -3.8831856090
   1.5836855042   -2.3224135279   -4.1208603260
  -1.8641062584   -2.7118205066   -2.4190587403
  -0.9259084794   -3.1636327443   -2.4190587403
  -1.6340257647   -2.3005552471   -3.3813840233
  -0.6722869228   -2.7397666595   -3.3813840233
  -1.4465689663   -0.8824701028   -4.0473337818
  -0.9259084794   -1.7842805197   -4.0473337818
   0.1154124945   -1.7842805197   -4.0473337818
  -0.4052479925   -0.8824701028   -4.2850084988
   0.9876848768    1.4866410116    3.8328079121
   1.5083453637    2.3884514285    3.5951331950
   0.4670243899    2.3884514285    3.5951331950
   1.7671677619    3.1934704471    2.9291834365
   2.4465431427    3.3159914153    1.9668581536
   3.5105611324    0.6376204213    5.4515647544
   4.5820747430    0.6376204213    5.2384274455
   4.0463179377    1.5655784286    5.2384274455
   2.9748043270    1.5655784286    5.2384274455
   2.4390475217    0.6376204213    5.2384274455
   5.2252039523    1.6275699149    4.6314637418
   4.5005106260    2.3522632412    4.6314637418
   3.5105611324    2.6175194086    4.6314637418
   2.5206116387    2.3522632412    4.6314637418
   1.7959183124    1.6275699149    4.6314637418
   1.5306621450    0.6376204213    4.6314637418
   1.7959183124   -0.3523290724    4.6314637418
   5.8737777933    1.6897922683    3.7230783651
   5.2415101334    2.5600340443    3.7230783651
   4.3099456660    3.0978730403    3.7230783651
   3.2401603506    3.2103120078    3.7230783651
   2.2171297868    2.8779092278    3.7230783651
   1.4177452532    2.1581401607    3.7230783651
   0.9802275977    0.0997814252    3.7230783651
   6.1214833747    1.6490970866    2.6515647544
   5.5797861006    2.5239682235    2.6515647544
   4.7586285285    3.1440776370    2.6515647544
   3.7689125389    3.4256761149    2.6515647544
   2.7443047602    3.3307322221    2.6515647544
   5.8737777933    1.6897922683    1.5800511438
   5.2415101334    2.5600340443    1.5800511438
   4.3099456660    3.0978730403    1.5800511438
   3.2401603506    3.2103120078    1.5800511438
   3.1475466719   -4.5496797400    1.7668215457
   4.1374961656   -4.8149359074    1.7668215457
   5.1274456592   -4.5496797400    1.7668215457
   2.8440648201   -5.0753257266    0.8584361690
   3.8670953838   -5.4077285066    0.8584361690
   4.9368806992   -5.2952895392    0.8584361690
   5.8684451666   -4.7574505432    0.8584361690
   2.4501191837   -5.0694851565   -0.2130774417
   3.3712397934   -5.5281487210   -0.2130774417
   4.3958475721   -5.6230926137   -0.2130774417
   5.3855635617   -5.3414941359   -0.2130774417
   6.2067211338   -4.7213847223   -0.2130774417
   2.8440648201   -5.0753257266   -1.2845910523
   3.8670953838   -5.4077285066   -1.2845910523
   4.9368806992   -5.2952895392   -1.2845910523
   5.8684451666   -4.7574505432   -1.2845910523
   6.5007128265   -3.8872087671   -1.2845910523
   6.1173951529   -2.8350369201   -2.1929764290
   5.8521389855   -1.8450874264   -2.1929764290
   5.1274456592   -1.1203941001   -2.1929764290
   3.1475466719   -4.5496797400   -2.1929764290
   4.1374961656   -4.8149359074   -2.1929764290
   5.1274456592   -4.5496797400   -2.1929764290
   5.8521389855   -3.8249864138   -2.1929764290
   5.2090097762   -2.8350369201   -2.7999401327
   4.6732529709   -1.9070789128   -2.7999401327
   3.6017393603   -3.7629949274   -2.7999401327
   4.6732529709   -3.7629949274   -2.7999401327
   4.1374961656   -2.8350369201   -3.0130774417
   9.7411769154   -2.3618438087    5.9811322887
   9.2205164284   -1.4600333918    5.9811322887
   9.2205164284   -3.2636542256    5.9811322887
  10.5762514994   -2.3618438087    5.3151825302
  10.2783803336   -1.3473877804    5.3151825302
   9.4793388266   -0.6550143733    5.3151825302
   9.4793388266   -4.0686732441    5.3151825302
  10.2783803336   -3.3762998370    5.3151825302
  11.0396829307   -2.3618438087    4.3528572472
  10.8079672151   -1.3466309257    4.3528572472
  10.1587142074   -0.5324934050    4.3528572472
   9.2205164284   -4.6430064502    4.3528572472
  10.1587142074   -4.1911942124    4.3528572472
  10.8079672151   -3.3770566917    4.3528572472
  11.0396829307   -2.3618438087    3.2847567642
  10.8079672151   -1.3466309257    3.2847567642
  10.1587142074   -4.1911942124    3.2847567642
  10.8079672151   -3.3770566917    3.2847567642
  10.9951798863   -1.9966542673    1.9059697378
  10.7634641706   -0.9814413843    1.9059697378
  10.1142111630   -3.8260046710    1.9059697378
  10.7634641706   -3.0118671503    1.9059697378
  10.9951798863   -1.9966542673    0.8378692548
  10.7634641706   -0.9814413843    0.8378692548
  10.1142111630   -0.1673038636    0.8378692548
  10.1142111630   -3.8260046710    0.8378692548
  10.7634641706   -3.0118671503    0.8378692548
  10.5317484550   -1.9966542673   -0.1244560282
  10.2338772891   -0.9821982390   -0.1244560282
   9.4348357821   -0.2898248319   -0.1244560282
   9.4348357821   -3.7034837027   -0.1244560282
  10.2338772891   -3.0111102956   -0.1244560282
   9.6966738709   -1.9966542673   -0.7904057867
   9.1760133840   -1.0948438504   -0.7904057867
   9.1760133840   -2.8984646842   -0.7904057867
   8.6553528971   -1.9966542673   -1.0280805037
   8.4113792263   -1.4387409251   -1.2517105719
   8.1135080605   -0.4242848968   -1.2517105719
   7.3144665535    0.2680885103   -1.2517105719
   6.2679447380    0.4185556315   -1.2517105719
   7.3144665535   -3.1455703606   -1.2517105719
   8.1135080605   -2.4531969534   -1.2517105719
   7.5763046423   -1.4387409251   -1.9176603304
   7.0556441553   -0.5369305083   -1.9176603304
   6.0143231815   -0.5369305083   -1.9176603304
   7.0556441553   -2.3405513420   -1.9176603304
   6.5349836684   -1.4387409251   -2.1553350475
