    0.0322879045
    0.0322060187
    0.0266585667
   -0.0066280461
    0.0246905913
    0.0223149036
    0.0236877517
    0.0154453684
    0.0338711305
    0.0086077878
    0.0294997358
    0.0246688139
    0.0261909513
    0.0257082250
    0.0204074010
    0.0073885409
    0.0015856685
    0.0176619918
    0.0227429139
    0.0249780828
    0.0241271175
    0.0172665207
    0.0224139050
    0.0114580474
    0.0189339402
    0.0225588692
    0.0281569076
    0.0122892321
    0.0403244285
    0.0211000543
    0.0193379803
    0.0288343858
    0.0201261634
    0.0256659077
    0.0268073693
    0.0021104690
    0.0199215691
    0.0250748817
    0.0254513401
    0.0066589833
    0.0199408798
    0.0235551582
    0.0131825812
    0.0202882088
   -0.0072050946
   -0.0277545174
   -0.0047739440
   -0.0211940608
   -0.0340057948
   -0.0359887189
   -0.0346455141
   -0.0149371744
   -0.0075921420
   -0.0291951374
   -0.0398307594
   -0.0437562421
   -0.0424470036
   -0.0374525345
   -0.0119778615
   -0.0180053420
   -0.0366138678
   -0.0444679830
   -0.0453319543
   -0.0345183680
   -0.0299339246
   -0.0412441361
   -0.0210601979
    0.0467557391
    0.0310334724
    0.0338159402
    0.0383711305
    0.0415288640
    0.0435638455
    0.0285751431
    0.0311557777
    0.0313302051
    0.0307189996
    0.0266635205
    0.0270120912
    0.0089227355
    0.0036054095
   -0.0041342723
    0.0170838913
    0.0181992039
   -0.0061079022
    0.0034920625
    0.0122518371
    0.0145929603
    0.0183570683
    0.0214102385
    0.0149401787
    0.0416259573
    0.0433641335
    0.0347170329
    0.0187939206
    0.0548706760
    0.0549896239
    0.0459668641
   -0.0495357685
   -0.0428456596
   -0.0433357408
   -0.0470848200
   -0.0492615365
   -0.0504757240
   -0.0473923868
   -0.0250297901
   -0.0285617079
   -0.0343099862
   -0.0404137993
   -0.0439111293
   -0.0441860028
   -0.0439666661
   -0.0417962463
   -0.0338944067
   -0.0261175598
   -0.0104793811
   -0.0158272744
   -0.0245224592
   -0.0317498301
   -0.0331201418
   -0.0309348185
   -0.0248045369
    0.0036753374
   -0.0107247788
    0.0076766361
    0.0054366397
    0.0108092972
    0.0092746249
    0.0102350329
    0.0094294048
   -0.0078194076
    0.0101906437
    0.0027344578
   -0.0054267812
    0.0056375090
    0.0280791710
    0.0307408920
    0.0335627310
    0.0238854954
    0.0258399020
    0.0220696801
    0.0232124694
    0.0196126559
    0.0212818469
    0.0050440700
    0.0149938036
    0.0273561258
    0.0292551921
    0.0193175904
    0.0023314409
    0.0073937988
    0.0238847460
    0.0216822908
    0.0154409478
   -0.0006059789
    0.0225303640
    0.0220017588
    0.0197281848
    0.0137260674
    0.0051158324
    0.0036842920
    0.0152008919
    0.0189786211
    0.0206666421
    0.0207124899
    0.0178066873
    0.0136409279
    0.0184160163
    0.0108608818
    0.0115812318
    0.0135780157
    0.0180083860
    0.0102484489
    0.0202079582
    0.0118056959
    0.0127121276
    0.0246593313
    0.0163854730
    0.0216751387
    0.0243484735
    0.0148809692
    0.0201109127
    0.0220995323
    0.0235083139
    0.0027601717
    0.0154581175
    0.0199306737
    0.0213826281
    0.0065280977
    0.0160245226
    0.0193431214
    0.0116587573
    0.0174928602
   -0.0166401180
    0.0006831235
   -0.0180062517
   -0.0225142359
   -0.0242177357
   -0.0094563806
   -0.0069067157
   -0.0213577570
   -0.0293128697
   -0.0323549256
   -0.0309273157
   -0.0272470743
   -0.0113067046
   -0.0136529104
   -0.0265364001
   -0.0332602112
   -0.0356637122
   -0.0341028290
   -0.0272703705
   -0.0118128491
   -0.0274285603
   -0.0342463594
   -0.0346703379
   -0.0230736167
   -0.0200012874
   -0.0290902613
   -0.0123038085
    0.0314766421
    0.0354592394
    0.0402294873
    0.0256785000
    0.0275532479
    0.0295750337
    0.0306975731
    0.0309156424
    0.0240310924
    0.0251948647
    0.0258236418
    0.0257011813
    0.0235742189
   -0.0017104886
   -0.0068232701
    0.0001118198
    0.0092396749
    0.0095618072
    0.0069601109
   -0.0068185265
    0.0042454640
    0.0032983949
    0.0046048175
    0.0076632293
    0.0119185206
    0.0065661870
    0.0050156053
    0.0271615842
    0.0293692151
    0.0241503359
    0.0112603882
    0.0360623007
    0.0408032840
    0.0404429349
    0.0353657416
    0.0264134937
    0.0446756201
    0.0349208498
   -0.0397100223
   -0.0350705268
   -0.0354938247
   -0.0381089843
   -0.0399788859
   -0.0404045826
   -0.0379345340
   -0.0243174969
   -0.0258538322
   -0.0291073508
   -0.0329740295
   -0.0358102185
   -0.0368738201
   -0.0370348133
   -0.0354390566
   -0.0305909158
   -0.0257055619
   -0.0095946095
   -0.0141677480
   -0.0176274347
   -0.0222713786
   -0.0272090734
   -0.0297876448
   -0.0300296132
   -0.0286392647
   -0.0244309063
   -0.0156441609
   -0.0074835510
   -0.0163110574
   -0.0179685328
   -0.0145625655
   -0.0010492715
    0.0066250125
    0.0027171407
    0.0049588857
    0.0052911552
    0.0007427234
    0.0063408337
    0.0042614820
    0.0017113587
   -0.0006283879
   -0.0009581705
   -0.0113813480
    0.0283199018
    0.0227571830
    0.0219792134
    0.0252211459
    0.0231154210
    0.0206022711
    0.0191406067
    0.0200696024
    0.0043499819
    0.0140903604
    0.0169809628
    0.0186230349
    0.0111712266
    0.0201282688
    0.0106200248
    0.0067292107
    0.0167028719
    0.0014235642
    0.0202927406
    0.0166931974
    0.0079709379
    0.0205668768
    0.0197419153
    0.0182171496
    0.0147072942
    0.0080529002
    0.0007715335
    0.0129513049
    0.0168412684
    0.0181668770
    0.0176900355
    0.0145929794
    0.0107874485
    0.0156211642
    0.0032930320
    0.0097987237
    0.0127958016
    0.0202765229
    0.0273106222
    0.0134673297
    0.0073726736
    0.0205787160
    0.0133793599
    0.0100007693
    0.0128150391
    0.0182463796
    0.0213570174
    0.0115117382
    0.0165812223
    0.0190045669
    0.0208367015
    0.0004756374
    0.0123100417
    0.0165445710
    0.0184955803
    0.0200155737
    0.0045425869
    0.0133584952
    0.0168101380
    0.0094764997
   -0.0117633807
    0.0007624477
   -0.0164605304
   -0.0184644740
   -0.0068453365
   -0.0085276534
   -0.0181648215
   -0.0236870803
   -0.0256821557
   -0.0241691583
   -0.0208146668
   -0.0079487755
   -0.0140476257
   -0.0226913477
   -0.0272961282
   -0.0286965240
   -0.0268816282
   -0.0202471188
   -0.0134262689
   -0.0233154838
   -0.0275134059
   -0.0268985220
   -0.0161431857
   -0.0138061207
   -0.0217640182
    0.0275192071
    0.0302738652
    0.0339684071
    0.0384111136
    0.0231821162
    0.0240067484
    0.0255576259
    0.0267647252
    0.0273661477
    0.0276957655
    0.0221367499
    0.0228442550
    0.0230695146
   -0.0076626323
   -0.0102486421
   -0.0068237480
    0.0032241760
    0.0028155241
    0.0004059992
   -0.0052399014
    0.0042004301
    0.0086356491
   -0.0056381473
   -0.0017061110
    0.0020066450
    0.0063708480
    0.0060707161
    0.0207266259
    0.0232005315
    0.0204583253
    0.0119499927
    0.0299480595
    0.0338625358
    0.0343020096
    0.0311614919
    0.0250223674
    0.0337631616
   -0.0324435343
   -0.0283396714
   -0.0288127009
   -0.0310574857
   -0.0327644151
   -0.0328621361
   -0.0305603689
   -0.0192466657
   -0.0202455936
   -0.0222982440
   -0.0249962531
   -0.0277425711
   -0.0295194292
   -0.0301771328
   -0.0297709737
   -0.0274653039
   -0.0233401944
   -0.0200719743
   -0.0093626279
   -0.0111232412
   -0.0139340559
   -0.0183419079
   -0.0220528950
   -0.0237530476
   -0.0237168751
   -0.0219643010
   -0.0176375410
   -0.0076738329
   -0.0126934260
   -0.0128664201
   -0.0042872850
    0.0033390778
    0.0004255927
    0.0018407272
    0.0021219493
   -0.0020967467
    0.0025264971
    0.0006099604
   -0.0017612575
   -0.0035941893
    0.0026952133
   -0.0063552448
    0.0199844036
    0.0232808489
    0.0199752127
    0.0224620747
    0.0199807976
    0.0215670818
    0.0199240675
    0.0179006891
    0.0185218402
    0.0197684633
    0.0194483964
    0.0163977953
    0.0168412808
    0.0176471340
    0.0047587620
    0.0122930128
    0.0148744995
    0.0163468997
    0.0082378966
    0.0072047010
    0.0168818821
    0.0102020208
    0.0000308257
    0.0103030328
    0.0182986390
    0.0180405490
    0.0156949844
    0.0114911706
    0.0035031361
    0.0179554032
    0.0171322562
    0.0155402592
    0.0124393125
    0.0073821254
    0.0025455593
    0.0032763203
    0.0115475988
    0.0148173231
    0.0158854747
    0.0151732066
    0.0124383454
    0.0096319694
    0.0135214088
    0.0079713417
    0.0119019518
    0.0099525119
    0.0137780008
    0.0187508112
    0.0108550717
    0.0029653894
    0.0191208319
    0.0112040552
    0.0078907714
    0.0244311968
    0.0169838009
    0.0165307241
    0.0090583017
    0.0141071554
    0.0168720540
    0.0192691266
    0.0093854710
    0.0137196497
    0.0160994842
    0.0178016835
    0.0013101678
    0.0103711681
    0.0140183157
    0.0160431232
    0.0045318847
    0.0116176671
    0.0146814866
   -0.0061228587
   -0.0092351243
   -0.0128442623
   -0.0042748264
   -0.0123002455
   -0.0168157409
   -0.0185518855
   -0.0173541600
   -0.0156463523
   -0.0071389881
   -0.0002561506
   -0.0096191759
   -0.0161458497
   -0.0202705182
   -0.0223387205
   -0.0224443794
   -0.0203992156
   -0.0161756845
   -0.0056116870
   -0.0043350233
   -0.0138617686
   -0.0197241141
   -0.0227979382
   -0.0234490129
   -0.0215126673
   -0.0146373521
   -0.0012673629
   -0.0126927534
   -0.0189868893
   -0.0214414443
   -0.0202725528
   -0.0106435082
   -0.0088778101
   -0.0153978778
    0.0264424474
    0.0292357179
    0.0225802287
    0.0240183583
    0.0255453927
    0.0268598910
    0.0277522512
    0.0204384729
    0.0211979052
    0.0219547604
    0.0223659238
    0.0225630829
    0.0195750688
    0.0200030094
    0.0203953942
   -0.0103774103
   -0.0010772879
   -0.0016812483
   -0.0037400916
   -0.0080888318
   -0.0007896224
    0.0022926504
    0.0045606448
    0.0057710665
   -0.0059427558
   -0.0019531358
   -0.0000423822
    0.0002506764
    0.0011785976
    0.0014937557
    0.0060829184
    0.0026747732
    0.0129260785
    0.0143039730
    0.0109661845
    0.0244230382
    0.0252941194
    0.0234059371
    0.0188407971
    0.0119729999
    0.0311415130
    0.0268393104
    0.0211851912
   -0.0269846051
   -0.0240374490
   -0.0243415066
   -0.0260118926
   -0.0274145267
   -0.0274064096
   -0.0256413386
   -0.0180290568
   -0.0183523337
   -0.0194207779
   -0.0210371326
   -0.0229609626
   -0.0246391439
   -0.0256527942
   -0.0259278338
   -0.0252586683
   -0.0233586935
   -0.0207467888
   -0.0187605206
   -0.0095013628
   -0.0108238928
   -0.0120555812
   -0.0138135522
   -0.0164772966
   -0.0192238939
   -0.0210953640
   -0.0218726266
   -0.0216319661
   -0.0201658144
   -0.0171110742
   -0.0128109744
    0.0012505329
    0.0023387135
    0.0003931788
   -0.0048275323
   -0.0102172005
   -0.0137318166
   -0.0151725725
   -0.0148929674
   -0.0129824976
   -0.0015428265
   -0.0052267154
   -0.0034304160
   -0.0011284436
   -0.0004097379
   -0.0000236337
   -0.0000555016
   -0.0003640043
   -0.0011892269
   -0.0015859552
   -0.0015490846
   -0.0051513386
   -0.0090347603
