    0.0106015953
    0.0158671672
    0.0143932409
    0.0176584325
    0.0120237754
    0.0207883604
    0.0207381882
    0.0135843887
    0.0188149671
    0.0259042123
    0.0090087020
    0.0052103573
    0.0262454603
    0.0006950471
    0.0071920351
    0.0400324480
    0.0360197126
    0.0122101144
    0.0232959404
    0.0269586731
    0.0193429052
    0.0218870611
    0.0162996826
    0.0154953912
    0.0196912512
    0.0200449922
    0.0252694185
    0.0204305228
    0.0370060430
    0.0164619467
    0.0129255622
    0.0262271408
    0.0314962864
    0.0188188520
    0.0265592970
    0.0331404761
    0.0395367081
    0.0305614521
    0.0243014343
    0.0347126223
    0.0387422703
    0.0371893549
    0.0296628602
    0.0240695749
    0.0240194556
    0.0235644944
   -0.0101658366
   -0.0243261536
   -0.0280370766
   -0.0214085133
   -0.0035178739
   -0.0104418954
   -0.0277073383
   -0.0366429702
   -0.0394701947
   -0.0363125349
   -0.0271870118
   -0.0098800217
   -0.0152351215
   -0.0316115623
   -0.0392262435
   -0.0408860131
   -0.0369191074
   -0.0264621495
   -0.0050183811
   -0.0273804042
   -0.0381469590
   -0.0378843064
   -0.0263293371
   -0.0274946747
   -0.0394478373
   -0.0382102918
   -0.0387214142
   -0.0372211893
   -0.0355148133
   -0.0348714393
   -0.0360822349
   -0.0324217262
   -0.0337644374
   -0.0330559226
   -0.0300726410
   -0.0260967216
   -0.0180168351
   -0.0118566690
   -0.0194746604
   -0.0250863276
   -0.0290303196
   -0.0142235122
   -0.0118859891
   -0.0168370897
   -0.0169286633
   -0.0113986548
   -0.0023576402
    0.0019399166
   -0.0066236680
   -0.0130246864
    0.0042810098
    0.0088976380
    0.0129777746
    0.0139927441
    0.0162257568
    0.0220961215
    0.0087076141
    0.0141741910
    0.0163416312
    0.0363003727
    0.0360338601
    0.0189568923
    0.0101070221
    0.0102830245
    0.0163075765
    0.0221737434
    0.0246150696
    0.0177039073
    0.0104403765
    0.0086981508
    0.0255904638
    0.0269479964
    0.0258781035
    0.0126974178
    0.0257127438
    0.0093056246
    0.0115586514
    0.0105922594
    0.0054562068
    0.0101742848
    0.0149310700
    0.0146338131
    0.0085279740
    0.0234560516
    0.0215189530
    0.0054166282
    0.0115705000
    0.0300549250
    0.0309216996
    0.0253239303
    0.0176965173
    0.0237612705
    0.0373098935
    0.0386304802
    0.0285211714
    0.0381206655
    0.0374565191
    0.0333185264
    0.0331947423
    0.0274556463
    0.0289182770
    0.0301474944
    0.0298110872
    0.0126655997
    0.0059385592
    0.0041350349
    0.0090289174
    0.0151493598
    0.0004137252
   -0.0008506400
    0.0011708410
    0.0042694403
    0.0009477457
   -0.0001301635
    0.0113844165
   -0.0008812657
    0.0015362382
    0.0133469963
    0.0041676028
   -0.0011929183
   -0.0015504641
   -0.0039432518
   -0.0056549892
   -0.0071095509
   -0.0052771443
   -0.0044660999
   -0.0049895166
   -0.0062339001
   -0.0031992121
    0.0016761976
    0.0085477648
   -0.0033162013
   -0.0051577668
   -0.0040156130
   -0.0029139818
    0.0042250222
   -0.0052626260
   -0.0057505975
   -0.0006924516
   -0.0022122782
    0.0070067771
   -0.0017806681
   -0.0006919549
   -0.0037625528
   -0.0044768985
   -0.0028157644
    0.0030411354
    0.0143424178
   -0.0033800436
   -0.0063236871
   -0.0059425395
   -0.0035847798
   -0.0056600905
    0.0062244537
    0.0118893908
    0.0067146851
   -0.0026667912
   -0.0037638096
   -0.0038429671
   -0.0009622813
   -0.0002006611
   -0.0037296396
   -0.0058787769
   -0.0055947621
   -0.0051222512
    0.0151832367
    0.0219071837
    0.0068282833
    0.0024694110
    0.0093110885
    0.0139983002
    0.0052515177
    0.0003865053
   -0.0012442118
    0.0016216964
    0.0054572856
   -0.0003765859
    0.0028686910
    0.0069852897
    0.0182913459
    0.0150227901
    0.0079491226
    0.0029295689
    0.0084951382
    0.0219002467
    0.0102856953
    0.0286772079
    0.0240791101
    0.0226387206
    0.0309697866
    0.0157751857
    0.0100267968
    0.0195397772
    0.0158039782
    0.0142907448
    0.0162627375
    0.0148296778
    0.0072847878
    0.0115290120
    0.0207680958
    0.0172185147
    0.0122228839
    0.0100119749
    0.0174809572
    0.0257314922
    0.0041709925
    0.0144723899
    0.0325418579
    0.0164875823
    0.0031166632
    0.0264988754
    0.0246525566
    0.0107354237
    0.0368341197
   -0.0019027945
    0.0179917618
    0.0118265729
   -0.0001079737
   -0.0238833741
   -0.0270281311
   -0.0063533713
    0.0022117861
   -0.0075084879
   -0.0002045819
   -0.0143359210
   -0.0170247872
   -0.0372885710
   -0.0318938329
   -0.0250346689
   -0.0043827685
   -0.0011581822
   -0.0148075735
   -0.0039148318
   -0.0191120080
   -0.0173892417
   -0.0258692451
   -0.0287600387
   -0.0396247032
   -0.0275875593
   -0.0258246630
   -0.0019074657
   -0.0188310325
   -0.0044147798
   -0.0070488432
   -0.0248665199
   -0.0294589500
   -0.0235156390
   -0.0248711758
   -0.0145322116
   -0.0104554044
    0.0007321312
   -0.0243434759
    0.0128809748
    0.0063933607
    0.0154509760
    0.0172119591
    0.0171677225
    0.0140777679
    0.0098747502
    0.0093005945
    0.0050512822
   -0.0072652092
   -0.0019715521
   -0.0054121833
   -0.0076503658
    0.0123330368
    0.0170273791
    0.0128505670
    0.0096565736
    0.0100267185
    0.0021599264
    0.0127172898
    0.0129383637
    0.0066078657
    0.0062399891
   -0.0031011004
   -0.0153065018
    0.0122109319
    0.0074845869
   -0.0024663725
    0.0104102558
    0.0088573058
    0.0108035979
    0.0101011324
    0.0084535378
    0.0109179616
    0.0152265062
    0.0162992613
    0.0145890383
    0.0165978155
    0.0140453022
    0.0152410363
    0.0062774555
    0.0245049763
    0.0163497746
    0.0326745115
    0.0254790145
   -0.0040394708
    0.0317283992
    0.0252275554
    0.0125457426
    0.0263894290
    0.0209008281
    0.0055481015
    0.0156518827
    0.0288083711
    0.0318130273
    0.0340292168
    0.0294477374
    0.0317964225
    0.0350580275
    0.0244864717
    0.0292764567
    0.0054046288
    0.0127099337
    0.0077906726
    0.0026371183
    0.0045019419
    0.0104712266
    0.0095747782
   -0.0041128378
   -0.0069512410
   -0.0270773854
   -0.0285398696
   -0.0154925330
   -0.0395874349
   -0.0396797132
   -0.0373393021
   -0.0231056785
   -0.0429060242
   -0.0477887065
   -0.0453018816
   -0.0428408794
   -0.0362896051
   -0.0186007164
   -0.0398419971
   -0.0442703757
   -0.0406011810
   -0.0301099749
   -0.0158636388
   -0.0205609917
   -0.0348934020
   -0.0232246794
   -0.0351397288
   -0.0177670779
   -0.0016052033
   -0.0248798039
   -0.0369485618
   -0.0442737249
   -0.0313514174
   -0.0299331328
   -0.0410617285
   -0.0448449877
   -0.0496805306
   -0.0204469660
   -0.0359711817
   -0.0422225579
   -0.0472362795
   -0.0223058282
   -0.0327458000
   -0.0381866211
   -0.0036046391
   -0.0150443325
   -0.0000345552
    0.0016716902
   -0.0116756035
    0.0054183487
    0.0093082550
    0.0046696801
    0.0072726757
    0.0107278048
    0.0089636828
    0.0077440480
   -0.0025301110
    0.0012414395
    0.0038904792
    0.0099263846
   -0.0082371869
    0.0056768033
    0.0071267355
    0.0118150438
    0.0023633395
    0.0071676759
    0.0101753021
    0.0088506542
    0.0055317171
    0.0100813846
   -0.0027282686
    0.0012708307
    0.0037248209
    0.0018273998
   -0.0098165863
    0.0050348380
    0.0066290107
    0.0033227894
   -0.0056424026
    0.0082755041
    0.0062427264
   -0.0125931937
    0.0005331656
    0.0021471119
   -0.0042741713
    0.0014331292
    0.0098090934
    0.0090894285
    0.0068906046
    0.0008041678
    0.0065531276
    0.0093688597
    0.0052543170
    0.0076786615
    0.0097301214
    0.0046610741
    0.0112622965
    0.0096047333
    0.0050567836
    0.0104300001
    0.0062018170
    0.0101232580
    0.0053747363
    0.0084535721
    0.0059627803
   -0.0039753015
    0.0048272203
    0.0051334396
   -0.0001565869
   -0.0066548585
    0.0021897277
    0.0019316719
   -0.0020952016
    0.0003770365
   -0.0191804210
   -0.0068988184
   -0.0191827504
   -0.0270363359
   -0.0168371998
   -0.0289212989
   -0.0259067680
   -0.0262426380
   -0.0167068035
   -0.0098748834
   -0.0173237970
    0.0013679971
   -0.0097268836
   -0.0279943660
   -0.0103789387
   -0.0200163759
   -0.0170542552
   -0.0093889487
   -0.0232327204
   -0.0123148270
   -0.0172107890
   -0.0149514804
   -0.0205171926
   -0.0272295136
   -0.0299561281
   -0.0261036580
    0.0141107403
    0.0054789083
    0.0043259042
    0.0141996299
    0.0126460478
    0.0077054476
    0.0127872413
    0.0135699288
    0.0048979943
    0.0071003708
    0.0039528098
    0.0047307761
   -0.0022199228
   -0.0035422368
   -0.0114595798
   -0.0193614775
   -0.0214464711
   -0.0206959230
    0.0076530640
    0.0073850596
    0.0138630604
    0.0151951700
    0.0128208706
    0.0106017931
    0.0123383084
    0.0146604782
    0.0062298989
    0.0029028770
    0.0070628661
    0.0053645967
   -0.0000203320
    0.0064161927
    0.0067941580
   -0.0082094487
   -0.0123114537
   -0.0131142178
   -0.0232639925
    0.0030292505
   -0.0007165919
   -0.0019360748
   -0.0141469117
    0.0005606722
   -0.0127708499
   -0.0000881410
   -0.0319931891
   -0.0313893746
   -0.0240376686
   -0.0151330217
   -0.0240717918
   -0.0201627326
   -0.0086956380
   -0.0299733823
   -0.0183157306
   -0.0028887475
   -0.0207600464
   -0.0198150944
   -0.0295147584
   -0.0150951554
   -0.0198175250
   -0.0277077937
   -0.0151939956
   -0.0150979878
   -0.0084912876
   -0.0205758283
   -0.0303427639
   -0.0125331708
   -0.0047267780
   -0.0192340033
   -0.0055817913
   -0.0276910151
   -0.0141256747
   -0.0105273529
   -0.0060052891
   -0.0253249123
   -0.0093887820
   -0.0109057372
   -0.0090368602
   -0.0259966872
   -0.0244055431
   -0.0327921248
   -0.0247104809
   -0.0129826818
   -0.0124526144
   -0.0002026814
    0.0065891244
    0.0062819417
   -0.0004329743
    0.0041840818
    0.0073246945
    0.0022162282
    0.0076689168
    0.0047675978
   -0.0029113328
    0.0060751499
    0.0085438319
   -0.0027471296
    0.0041733876
    0.0093824178
    0.0084162550
   -0.0005551404
    0.0075839940
    0.0087901663
    0.0000701927
    0.0053848526
    0.0057675764
   -0.0024165494
    0.0087088664
    0.0097445875
   -0.0025394228
    0.0080976455
    0.0109401538
    0.0077662178
    0.0020428549
    0.0085035774
    0.0080972467
    0.0015378733
    0.0079168691
    0.0096464730
    0.0118073345
    0.0061085131
    0.0003758232
    0.0081630107
    0.0117166489
    0.0095910479
    0.0121871797
    0.0096936633
    0.0074953384
    0.0076894527
   -0.0039103189
   -0.0038316673
    0.0081929852
    0.0124296480
    0.0088466160
    0.0127531701
    0.0128630034
    0.0116349102
    0.0071826534
   -0.0000514938
    0.0040519880
    0.0077517138
    0.0012718703
   -0.0022290755
    0.0019607953
    0.0097390208
    0.0084898546
    0.0071944456
    0.0029717835
    0.0063557610
   -0.0021659117
    0.0052310183
   -0.0143121652
   -0.0014767541
    0.0049857674
    0.0021258916
   -0.0080886111
   -0.0004161658
    0.0034889993
   -0.0002397954
   -0.0011305291
    0.0026722587
    0.0072899177
    0.0051801299
    0.0088138741
    0.0085864883
    0.0004071171
    0.0066266887
    0.0110989919
    0.0016774312
    0.0073972273
    0.0070446846
    0.0045970089
    0.0049810505
    0.0067683756
    0.0039294731
   -0.0002157183
   -0.0005859249
   -0.0010725347
    0.0005169351
    0.0021759885
   -0.0008301785
   -0.0099179106
    0.0034170567
    0.0053908185
    0.0017125589
   -0.0109032987
    0.0068198837
    0.0043590981
    0.0094090615
    0.0066929297
    0.0061089575
    0.0010298184
    0.0081535940
    0.0092521092
    0.0043331442
    0.0075705768
    0.0075063079
    0.0020862067
    0.0127483953
    0.0114092104
    0.0109269462
    0.0173028965
    0.0196741093
    0.0126791721
    0.0154372764
    0.0218005029
    0.0128622044
    0.0078087770
    0.0134335712
    0.0229245992
    0.0230617509
    0.0130568029
    0.0025190850
    0.0112356873
    0.0227287308
    0.0063222822
    0.0014353048
    0.0180352194
    0.0195221805
    0.0197723841
    0.0068898004
    0.0101872310
    0.0162337989
    0.0031883785
    0.0081397600
    0.0128465770
    0.0101360811
    0.0055432133
    0.0199542607
    0.0233783467
    0.0111381049
    0.0111927985
    0.0188329441
    0.0169963662
    0.0131330050
    0.0180321738
    0.0166679704
    0.0181012296
    0.0278143008
    0.0278482112
    0.0185375903
    0.0247638271
    0.0296928675
    0.0307615754
    0.0283997976
    0.0222875727
    0.0212607427
    0.0236805760
    0.0239373394
    0.0232406244
    0.0209617627
    0.0019213038
   -0.0081608239
   -0.0113411197
   -0.0068437539
   -0.0115552947
   -0.0213884046
   -0.0262717312
   -0.0266056813
   -0.0223817639
   -0.0132528530
   -0.0056780476
   -0.0195294071
   -0.0274562981
   -0.0312740968
   -0.0313923210
   -0.0278185565
   -0.0201848170
   -0.0068514844
   -0.0120117225
   -0.0248387296
   -0.0308908235
   -0.0321289446
   -0.0288230006
   -0.0200627416
   -0.0027482135
   -0.0187386030
   -0.0283266513
   -0.0279355365
   -0.0172830433
   -0.0173902623
   -0.0305908409
   -0.0299343853
   -0.0303662255
   -0.0292640350
   -0.0272512165
   -0.0267731759
   -0.0283598111
   -0.0257800042
   -0.0265947863
   -0.0265854836
   -0.0250153885
   -0.0219426497
   -0.0160549319
   -0.0122257561
   -0.0169737509
   -0.0212619764
   -0.0239496489
   -0.0148873546
   -0.0137755932
   -0.0163348106
   -0.0177015751
   -0.0156220347
   -0.0111081992
   -0.0013926686
    0.0032686338
   -0.0069435105
   -0.0116575397
   -0.0146596659
   -0.0018026238
    0.0027431771
    0.0056461088
    0.0162037762
    0.0226362770
    0.0065889770
    0.0100320146
    0.0137498321
    0.0091052888
    0.0125266417
    0.0198094184
    0.0115142234
    0.0095899315
    0.0157714294
    0.0206380672
    0.0089914879
    0.0072483069
    0.0185248219
    0.0194103232
    0.0107463247
    0.0205630023
    0.0214977774
    0.0231949652
    0.0056986376
   -0.0046519913
    0.0093412590
    0.0048704504
    0.0045739264
    0.0089019732
    0.0012344616
    0.0158982782
    0.0152590136
    0.0050402211
    0.0070298603
    0.0229927418
    0.0237227261
    0.0203204449
    0.0141604550
    0.0127325879
    0.0186594290
    0.0282008167
    0.0294974060
    0.0260512457
    0.0198486761
    0.0234495188
    0.0292161224
    0.0290909560
    0.0260173939
    0.0269235238
    0.0269499117
    0.0270067537
    0.0232593101
    0.0080532921
    0.0066931359
    0.0081723794
    0.0157746503
    0.0080625640
    0.0016547735
    0.0016921686
    0.0042602948
    0.0078713295
    0.0033808594
    0.0000197000
   -0.0001450674
    0.0013347491
    0.0037234476
    0.0020423285
    0.0006398794
    0.0035002807
    0.0035541694
   -0.0006465142
   -0.0005256200
   -0.0034064758
   -0.0035416893
    0.0028648921
   -0.0004365274
   -0.0016496439
   -0.0012140316
   -0.0034495346
   -0.0048270795
   -0.0057618341
   -0.0045852941
   -0.0037248293
   -0.0037745113
   -0.0049943459
    0.0029570796
   -0.0046395197
   -0.0027430504
   -0.0015617536
    0.0009354816
    0.0045857336
   -0.0018640752
   -0.0047557305
   -0.0044632768
   -0.0038488433
   -0.0014316338
    0.0053083713
   -0.0042824291
   -0.0044096372
   -0.0006776800
   -0.0026210576
    0.0080394897
    0.0070420116
    0.0007901516
    0.0018155694
   -0.0009345459
   -0.0026077072
   -0.0017972527
    0.0008537072
    0.0030498032
   -0.0027769826
   -0.0042083440
   -0.0038245411
   -0.0025447066
   -0.0003209575
   -0.0046015057
   -0.0053885210
   -0.0053810715
   -0.0031962913
   -0.0040908092
    0.0032026345
    0.0005652710
    0.0011467462
    0.0024926033
   -0.0027501532
   -0.0039280120
   -0.0043033313
   -0.0040323350
   -0.0016029778
   -0.0017625031
   -0.0037425292
   -0.0049320823
   -0.0048958250
   -0.0047053648
    0.0091445341
    0.0051410874
    0.0176866391
    0.0081619059
    0.0032635765
    0.0008965836
    0.0010533076
    0.0060507763
    0.0013521146
   -0.0003111331
    0.0006084050
    0.0018158775
    0.0028442017
    0.0203101209
    0.0134674618
    0.0045532513
    0.0046168088
    0.0191777034
    0.0086815209
    0.0222484111
    0.0255072535
    0.0103004205
    0.0074060312
    0.0180665919
    0.0135434361
    0.0145152006
    0.0264699456
    0.0058647334
    0.0109580467
    0.0092979439
    0.0064648044
    0.0127464124
    0.0169688538
    0.0251275675
    0.0112255207
    0.0064497426
    0.0112827230
   -0.0031501573
    0.0040990036
    0.0194400722
    0.0132049203
    0.0256444056
    0.0123312127
   -0.0011455661
    0.0218703420
    0.0226066255
    0.0089329781
    0.0049052153
   -0.0285462763
   -0.0245590379
    0.0021240018
   -0.0047881429
   -0.0001045090
   -0.0104153935
   -0.0230006071
   -0.0085822544
   -0.0197782057
   -0.0289949349
   -0.0004584291
   -0.0107344764
   -0.0050247310
   -0.0188183323
   -0.0138276512
   -0.0397266529
   -0.0332126156
   -0.0240393214
   -0.0203255920
   -0.0052758572
   -0.0149982087
   -0.0044583340
   -0.0056731651
   -0.0267615716
   -0.0260933382
   -0.0123394855
   -0.0204886972
   -0.0102648051
   -0.0073474230
    0.0102783410
    0.0052185554
    0.0114865678
    0.0132468701
    0.0152107149
    0.0106115958
    0.0131814474
    0.0124067445
    0.0102261792
    0.0093993166
    0.0180287156
    0.0057457628
   -0.0013391794
   -0.0117031138
   -0.0173229100
    0.0137100940
    0.0042770750
    0.0009666692
   -0.0003945868
    0.0111419612
    0.0118048618
    0.0096319917
    0.0083072965
    0.0060001946
    0.0094571897
    0.0095779494
    0.0043595326
   -0.0123389370
    0.0021118927
   -0.0043337217
    0.0101807916
    0.0085622148
    0.0052972506
   -0.0026791117
    0.0024518202
    0.0078894216
    0.0078395021
    0.0082034244
    0.0065874241
    0.0082794856
    0.0112809680
    0.0122407900
    0.0130369549
    0.0124777551
    0.0115647816
    0.0075408613
    0.0044963693
    0.0206816215
    0.0135868308
    0.0252066309
    0.0190536909
   -0.0018719382
    0.0326732439
    0.0251229998
    0.0187889094
    0.0083337793
    0.0250103441
    0.0199815813
    0.0117440465
   -0.0072319219
    0.0183740555
    0.0126713483
   -0.0029591425
    0.0247294350
    0.0275689902
    0.0286904438
    0.0261629821
    0.0279622633
    0.0312605055
    0.0235232293
    0.0265599584
    0.0179857987
    0.0085289090
   -0.0064633694
    0.0072671504
   -0.0041786435
    0.0064662648
   -0.0036565997
    0.0048444399
    0.0045908316
    0.0036976318
    0.0009982089
   -0.0145946136
   -0.0165136042
   -0.0046080684
   -0.0239199884
   -0.0273090828
   -0.0262428560
   -0.0167493466
   -0.0342280809
   -0.0336494245
   -0.0318810110
   -0.0249465503
   -0.0361439867
   -0.0382587421
   -0.0365607948
   -0.0341616166
   -0.0281681358
   -0.0158842189
   -0.0314662786
   -0.0348522340
   -0.0318717057
   -0.0236974981
   -0.0144650251
   -0.0183916698
   -0.0276228863
   -0.0161120083
   -0.0261120131
   -0.0131879231
   -0.0003277444
   -0.0159387439
   -0.0269585111
   -0.0336554190
   -0.0235455329
   -0.0192894185
   -0.0309390715
   -0.0348635998
   -0.0395017495
   -0.0334042058
   -0.0174634306
   -0.0295670111
   -0.0351006433
   -0.0388085032
   -0.0167494256
   -0.0268396814
   -0.0322971080
   -0.0368917795
   -0.0126190274
   -0.0211869601
   -0.0240008186
    0.0024789604
    0.0000630981
    0.0020560507
    0.0053111040
    0.0012135995
    0.0026805678
    0.0069675304
    0.0037206315
    0.0055763707
    0.0079488241
    0.0074752527
    0.0080513586
    0.0048512592
   -0.0013643048
    0.0015907597
    0.0037365568
    0.0071968930
   -0.0058122476
    0.0107924866
    0.0047986871
    0.0087211552
    0.0036238324
    0.0065821461
    0.0084749912
    0.0086878597
    0.0046953978
    0.0068589226
    0.0068821888
    0.0037451928
   -0.0015444553
    0.0012879127
   -0.0103432451
    0.0012147092
    0.0037368940
    0.0031498876
   -0.0072659815
    0.0038742883
    0.0054046756
    0.0038017549
   -0.0036301568
    0.0075968547
    0.0063749784
    0.0023449564
    0.0002271951
    0.0020372522
   -0.0092170163
   -0.0014609075
    0.0039622294
    0.0077513174
    0.0077345457
    0.0058900566
    0.0005787243
    0.0023047718
    0.0059310752
    0.0072849764
    0.0040905919
    0.0068802357
    0.0077394331
    0.0058307107
    0.0029821002
    0.0093307803
    0.0076574481
    0.0048970972
    0.0080224531
    0.0054723065
    0.0021265363
    0.0086742314
    0.0044840592
   -0.0026659590
    0.0035653503
    0.0050410070
    0.0031559205
   -0.0024460190
   -0.0095305043
    0.0025971870
    0.0030225160
    0.0003501196
   -0.0039629578
    0.0010822808
    0.0011411237
   -0.0011975930
   -0.0123546675
   -0.0036088576
   -0.0145627092
   -0.0209184253
   -0.0134893540
   -0.0257159083
   -0.0262743618
   -0.0256208561
   -0.0240215063
   -0.0176727113
   -0.0116010670
   -0.0207746455
   -0.0075795809
   -0.0033612180
   -0.0111619022
   -0.0034548749
   -0.0080370683
   -0.0175730840
   -0.0034799819
   -0.0102146427
   -0.0148030668
   -0.0042991595
   -0.0064550058
   -0.0100363438
   -0.0183487151
   -0.0248590174
   -0.0244518590
   -0.0278456694
    0.0024832654
    0.0110445454
    0.0070579875
    0.0055922986
    0.0112965369
    0.0107482904
    0.0080513505
    0.0081758031
    0.0105466339
    0.0109575107
    0.0020804135
    0.0043351785
    0.0029547702
    0.0030833476
   -0.0006046886
   -0.0053433150
   -0.0030491484
   -0.0058434141
   -0.0128491436
   -0.0206319262
   -0.0187090279
    0.0086117891
    0.0081119664
    0.0048142744
    0.0115228990
    0.0119670047
    0.0108229543
    0.0103527880
    0.0088868600
    0.0109559057
    0.0116038633
    0.0036493779
    0.0023894697
    0.0042070466
    0.0046792820
    0.0000483289
   -0.0008947622
   -0.0029363217
   -0.0094866229
   -0.0114631051
   -0.0092552384
   -0.0231973043
   -0.0282948507
   -0.0285710157
   -0.0001037500
   -0.0001305719
   -0.0094223284
   -0.0017095145
   -0.0004383486
    0.0005034860
   -0.0276686982
   -0.0238581377
   -0.0250614505
   -0.0161771648
   -0.0044079121
   -0.0306576275
   -0.0270560857
   -0.0182425232
   -0.0260942072
   -0.0170048549
   -0.0135059435
   -0.0289202383
   -0.0152290817
   -0.0229001588
   -0.0110533198
   -0.0050317473
   -0.0217055469
   -0.0124748363
   -0.0307201779
   -0.0190446766
   -0.0060819128
   -0.0093412738
   -0.0172437173
   -0.0094686633
   -0.0188601303
   -0.0262625780
   -0.0089242098
   -0.0037821915
   -0.0148044798
   -0.0276329062
   -0.0160346626
   -0.0057421924
   -0.0230716483
   -0.0068797911
   -0.0132113005
   -0.0178874986
   -0.0166351204
   -0.0260816204
   -0.0024028992
   -0.0145946144
   -0.0140992322
   -0.0126044548
   -0.0245508612
   -0.0228705780
   -0.0103622334
   -0.0025749166
   -0.0028552227
    0.0030950246
    0.0055823842
   -0.0001146088
    0.0048424198
    0.0043064428
    0.0029813991
    0.0054696036
   -0.0018761508
    0.0045746782
   -0.0043380618
    0.0022753638
    0.0059853647
    0.0060013172
    0.0014571203
    0.0015029414
    0.0053752640
    0.0068585747
    0.0041200822
   -0.0037302730
    0.0060548293
    0.0060789349
    0.0044960132
   -0.0020912461
    0.0036056458
    0.0039144893
    0.0022600829
    0.0068260539
    0.0073356918
    0.0016501430
    0.0069533876
    0.0078868651
    0.0058762039
    0.0041105957
    0.0021322281
    0.0066281138
    0.0070985606
    0.0044630392
   -0.0007917015
    0.0064230200
    0.0029088156
   -0.0043071715
    0.0069462306
    0.0088333669
    0.0057918761
    0.0009588036
    0.0028838949
    0.0074409303
    0.0089102025
    0.0083723139
    0.0088301729
    0.0024022772
    0.0063428075
    0.0074247371
    0.0069491958
    0.0073068341
    0.0047564696
    0.0018773054
    0.0008265278
    0.0017001391
    0.0062514948
    0.0093472282
    0.0072929193
    0.0009236307
    0.0099270171
    0.0099775404
    0.0093268845
    0.0074270815
    0.0045588565
   -0.0061232100
   -0.0070297493
    0.0055679673
    0.0041731957
    0.0006607758
   -0.0011973611
    0.0023325193
    0.0071750010
    0.0061539612
    0.0043614276
    0.0021742730
    0.0052269515
   -0.0018735332
    0.0053795795
   -0.0150864999
   -0.0027778685
    0.0032644227
    0.0027166556
   -0.0128497820
   -0.0045679518
    0.0008994672
    0.0031364249
    0.0008217997
   -0.0052169788
   -0.0008387709
    0.0013299627
   -0.0011767554
    0.0015396687
    0.0030402526
    0.0055409567
    0.0063583423
    0.0018448617
    0.0044402995
    0.0069292754
    0.0077160487
    0.0011734953
    0.0053526154
    0.0084547620
    0.0022691282
    0.0065081286
    0.0051662267
    0.0042491254
    0.0037257933
    0.0043226541
    0.0041116260
    0.0007295837
    0.0004858485
    0.0001875295
   -0.0059213537
    0.0002252722
   -0.0015905084
   -0.0068525411
    0.0014095191
    0.0025795346
    0.0016115820
   -0.0029663825
   -0.0131421006
    0.0034752030
    0.0041938368
    0.0015035977
   -0.0078586332
    0.0039841652
    0.0057362264
    0.0049164712
    0.0014865354
    0.0073282714
    0.0040545058
    0.0010356871
    0.0058556896
    0.0060611710
    0.0026765675
    0.0048657205
    0.0080124354
    0.0069970676
    0.0093297980
    0.0164405825
    0.0117524203
    0.0105967876
    0.0120833192
    0.0090945802
    0.0095479042
    0.0093514088
    0.0095943935
    0.0122257913
    0.0182125106
    0.0128406082
    0.0044994574
    0.0102683007
    0.0189822777
    0.0008587689
    0.0126469531
    0.0088356269
    0.0120189461
    0.0170208777
    0.0193364686
    0.0002338447
    0.0056854058
    0.0078794097
    0.0097733530
    0.0112574560
    0.0152627319
    0.0140004068
    0.0179873241
    0.0087268680
    0.0140613590
    0.0094611220
    0.0150855142
    0.0183849025
    0.0207292950
    0.0099296951
    0.0117597432
    0.0211315218
    0.0212250628
    0.0123623942
    0.0166571565
    0.0216854225
    0.0238005444
    0.0235950797
    0.0211524723
    0.0170490782
    0.0173685378
    0.0171544938
    0.0168337916
   -0.0000154192
   -0.0048199872
   -0.0049798365
   -0.0003065266
   -0.0037596513
   -0.0129036393
   -0.0182067785
   -0.0202974479
   -0.0191899596
   -0.0148044442
   -0.0066412023
   -0.0114103068
   -0.0192094779
   -0.0236449341
   -0.0252740677
   -0.0241816026
   -0.0202673295
   -0.0130284447
   -0.0012884960
   -0.0036365741
   -0.0160387317
   -0.0228242399
   -0.0256711516
   -0.0251130296
   -0.0210019750
   -0.0123836498
   -0.0129837125
   -0.0218833525
   -0.0213933478
   -0.0111705834
   -0.0109054348
   -0.0240907520
   -0.0235380370
   -0.0239585434
   -0.0229565214
   -0.0206395985
   -0.0202068364
   -0.0221061379
   -0.0192649227
   -0.0197274753
   -0.0202868083
   -0.0197719109
   -0.0176839566
   -0.0133304662
   -0.0073244140
   -0.0075645958
   -0.0128326324
   -0.0163153459
   -0.0183034856
   -0.0085214042
   -0.0065368012
   -0.0091882435
   -0.0121611186
   -0.0118669022
   -0.0090530868
   -0.0031497955
    0.0022725796
   -0.0046010736
   -0.0079464768
   -0.0095785816
    0.0019758337
    0.0052797189
    0.0043279982
    0.0039106506
    0.0105603550
    0.0170670003
    0.0037357625
    0.0072298167
    0.0103016104
    0.0084959727
    0.0138725615
    0.0180647581
    0.0201403774
    0.0118913860
    0.0078351266
    0.0167457898
    0.0177049895
    0.0206449015
    0.0183172829
    0.0214150580
    0.0057472504
    0.0060331538
   -0.0042021475
    0.0022895445
   -0.0000754550
    0.0018447994
   -0.0037073526
    0.0118495729
    0.0111640724
    0.0006512760
    0.0028373691
    0.0191953662
    0.0198372260
    0.0173785268
    0.0125723899
    0.0064071238
    0.0108502182
    0.0158679383
    0.0247984227
    0.0258742336
    0.0232121826
    0.0181677740
    0.0254824608
    0.0252552419
    0.0229745235
    0.0241204292
    0.0234773634
    0.0232888066
    0.0201704479
    0.0042033068
    0.0084757535
    0.0104906062
    0.0025806846
    0.0043615026
    0.0081233234
    0.0141010745
    0.0018099071
    0.0004000033
    0.0013288461
    0.0033471540
    0.0058803777
    0.0006003264
    0.0003382554
    0.0013784853
    0.0028147924
    0.0019027195
    0.0005484329
    0.0008462971
    0.0017601676
    0.0024738798
   -0.0007356923
   -0.0015434982
   -0.0035708989
   -0.0042118994
   -0.0034025420
   -0.0012014531
    0.0001191832
   -0.0010051961
   -0.0013968799
   -0.0009368530
   -0.0030427387
   -0.0042111918
   -0.0048065298
   -0.0039364136
   -0.0031293064
   -0.0030006460
   -0.0041056563
   -0.0022050811
   -0.0007953389
    0.0012062984
   -0.0045684083
   -0.0037517900
   -0.0032164675
   -0.0024238764
   -0.0001797918
   -0.0029305354
   -0.0041644415
   -0.0040968770
   -0.0034542699
   -0.0013415351
    0.0032885484
   -0.0037618495
   -0.0035615494
   -0.0009960780
    0.0024897763
    0.0037232180
    0.0002750454
   -0.0008357062
   -0.0000818173
    0.0027111711
   -0.0010120882
   -0.0025368298
   -0.0025259472
   -0.0016768255
    0.0016533293
   -0.0010401641
   -0.0033827252
   -0.0038957552
   -0.0037101900
   -0.0010703223
   -0.0036935867
   -0.0045406462
   -0.0035263751
    0.0034389161
    0.0005035488
   -0.0014934021
   -0.0015973406
   -0.0020373999
   -0.0010733660
   -0.0032710356
   -0.0037834014
   -0.0040375260
   -0.0039636720
   -0.0030000208
   -0.0026928665
   -0.0038038865
   -0.0043782621
   -0.0044363810
   -0.0043754294
    0.0108999988
    0.0069809799
    0.0100284818
    0.0049544012
    0.0026235370
    0.0023443764
    0.0072184931
    0.0030100425
    0.0010192091
    0.0005000987
    0.0008651896
    0.0014028574
    0.0001994485
    0.0010608061
    0.0030420654
    0.0021205363
    0.0139142073
    0.0074827378
    0.0020588198
    0.0179323708
    0.0173407193
    0.0070127294
    0.0221847113
    0.0135841489
    0.0075840693
    0.0170411531
    0.0123592492
    0.0147125961
    0.0223490373
    0.0049138423
    0.0137883113
    0.0083720424
    0.0072012632
    0.0061244886
    0.0099142596
    0.0149375307
    0.0195051940
    0.0089314955
    0.0101767814
    0.0050370602
    0.0079881405
   -0.0033180746
    0.0212591851
    0.0061270034
    0.0153937813
    0.0117121898
    0.0209093756
    0.0171492982
    0.0087141129
    0.0186488501
    0.0066650891
    0.0149005045
    0.0037907362
    0.0007935739
   -0.0247564612
   -0.0213296719
    0.0023543863
   -0.0026929365
    0.0004482643
   -0.0073832211
   -0.0185628242
    0.0028245473
   -0.0133094742
   -0.0253918886
    0.0002614140
   -0.0075743633
    0.0009198710
   -0.0026152363
   -0.0042874345
   -0.0166937760
   -0.0237334070
   -0.0068681071
   -0.0171091997
   -0.0059931535
   -0.0116076758
   -0.0039099836
    0.0028450261
   -0.0237224447
   -0.0257923321
   -0.0181853911
   -0.0025874062
   -0.0156188948
   -0.0048769333
    0.0086442157
    0.0095477597
    0.0110155744
    0.0135159619
    0.0095462320
    0.0107348203
    0.0084669647
    0.0068529984
    0.0104221387
    0.0053468915
   -0.0009540950
   -0.0187178977
    0.0071132258
    0.0004474493
   -0.0014560789
   -0.0023176159
    0.0103230310
    0.0086669639
    0.0067678203
    0.0062120666
    0.0044409412
    0.0073901322
    0.0077102653
   -0.0156204162
    0.0041476657
   -0.0004102465
   -0.0074732254
    0.0084779778
    0.0060449075
    0.0025288986
    0.0063136351
    0.0060777075
    0.0055278473
    0.0071783368
    0.0093632952
    0.0104359860
    0.0105110358
    0.0103711308
    0.0108409120
    0.0099512768
    0.0067361496
    0.0053945106
    0.0180404377
    0.0104940136
    0.0218367001
    0.0154965293
    0.0257040640
    0.0197216965
    0.0132957114
    0.0029764741
    0.0261561553
    0.0198504124
    0.0147851547
    0.0057320163
    0.0141945870
    0.0074786445
    0.0240954434
    0.0252807180
    0.0230971214
    0.0245883822
    0.0286032893
    0.0204927206
    0.0239173221
    0.0161123921
    0.0050176431
    0.0015190576
    0.0015458626
   -0.0080013966
    0.0013311483
    0.0062915449
    0.0035294090
   -0.0074779558
   -0.0119028202
   -0.0062281034
   -0.0206834833
   -0.0208144562
   -0.0154463800
   -0.0272116805
   -0.0270800193
   -0.0260383437
   -0.0217058087
   -0.0315010600
   -0.0300193238
   -0.0283882783
   -0.0245604320
   -0.0162743267
   -0.0062691141
   -0.0259073935
   -0.0284728359
   -0.0257807674
   -0.0186018291
   -0.0110942715
   -0.0148334943
   -0.0222997069
   -0.0111384082
   -0.0205478535
   -0.0093519376
   -0.0097529324
   -0.0207279544
   -0.0275854833
   -0.0201384477
   -0.0166696334
   -0.0253387769
   -0.0287066730
   -0.0332237321
   -0.0151425435
   -0.0242573295
   -0.0292560711
   -0.0326737415
   -0.0003926988
   -0.0144144228
   -0.0218966426
   -0.0265756567
   -0.0308723167
    0.0005161719
   -0.0109088761
   -0.0162470682
    0.0026451474
    0.0054680818
    0.0011414538
    0.0027398259
    0.0020881529
    0.0031468005
    0.0055027320
    0.0025726260
    0.0045146906
    0.0068456180
    0.0059912593
   -0.0018787040
    0.0010020495
    0.0029441667
    0.0055846437
    0.0036954254
    0.0065726690
    0.0105792713
    0.0028411196
    0.0049267688
    0.0064626336
    0.0068220987
    0.0036011144
    0.0051385707
    0.0053945665
    0.0033185641
   -0.0021278361
    0.0007384389
   -0.0101324410
    0.0000855580
    0.0026371194
    0.0027306273
   -0.0076587020
    0.0026456340
    0.0043146584
    0.0036285163
    0.0030424766
    0.0022305161
   -0.0072028096
    0.0023490001
    0.0004887241
    0.0004191795
    0.0021889475
   -0.0032329163
   -0.0002273164
    0.0046075609
    0.0064630278
    0.0068454656
    0.0015438969
    0.0047408008
    0.0063595775
    0.0034835297
    0.0050970369
    0.0063439541
    0.0052690109
    0.0032669915
    0.0078122215
    0.0064492000
    0.0045891709
    0.0022879153
    0.0069300205
    0.0046187468
    0.0080695059
    0.0040492245
    0.0001693846
    0.0041510868
    0.0027788259
   -0.0017165080
   -0.0084325671
   -0.0139297259
    0.0021128401
    0.0022174146
    0.0003192181
   -0.0032609416
   -0.0059275185
    0.0005258259
   -0.0015022420
   -0.0074481342
   -0.0014833260
   -0.0087386953
   -0.0226891746
   -0.0244047547
   -0.0062166153
   -0.0016402140
    0.0013916271
   -0.0046924387
    0.0003323108
   -0.0151693801
   -0.0024471308
   -0.0091142261
    0.0004375978
   -0.0020513617
   -0.0008940329
   -0.0054453414
   -0.0117539263
   -0.0208345571
   -0.0163100420
    0.0028629465
    0.0062173218
    0.0093298564
    0.0092301018
    0.0070926787
    0.0068459867
    0.0086036319
    0.0092532932
    0.0004333045
    0.0031090986
    0.0018825181
    0.0017435343
   -0.0022960200
   -0.0072800237
   -0.0048321974
   -0.0108504120
   -0.0174435937
   -0.0162201213
    0.0074502276
    0.0066740031
    0.0096884529
    0.0099228910
    0.0074989372
    0.0093501284
    0.0095874552
    0.0020741665
    0.0015137763
    0.0030706509
    0.0030639535
   -0.0018303728
   -0.0026639721
   -0.0131289929
   -0.0131448028
    0.0007218976
    0.0002334277
   -0.0007837289
   -0.0027848292
    0.0014322247
    0.0013645136
   -0.0008784693
    0.0001406416
    0.0012055743
    0.0043475376
   -0.0166921740
   -0.0178055618
   -0.0105480929
   -0.0237318688
   -0.0241477254
   -0.0176187339
   -0.0082601772
   -0.0200312206
   -0.0120216587
   -0.0105843017
   -0.0178163511
   -0.0040045999
   -0.0114395892
   -0.0077367371
   -0.0039750586
   -0.0167153424
   -0.0099465741
   -0.0224057893
   -0.0158328135
   -0.0060262700
   -0.0069009325
   -0.0028835690
   -0.0095643044
   -0.0156872235
   -0.0060991899
   -0.0028324712
   -0.0112276799
   -0.0080654088
   -0.0008555372
   -0.0136240607
   -0.0043011687
   -0.0043487446
   -0.0085993769
   -0.0125231130
   -0.0114344415
   -0.0190623948
   -0.0070811341
   -0.0067311324
   -0.0048687957
   -0.0143385336
   -0.0152315975
   -0.0068938014
   -0.0079250207
    0.0000430752
    0.0034992302
    0.0039610776
   -0.0015401009
    0.0034551524
    0.0031917817
    0.0042575957
   -0.0073217613
    0.0001777334
    0.0047083100
   -0.0087977691
   -0.0023037086
    0.0025476801
    0.0046792491
    0.0038101489
   -0.0011130490
    0.0019996481
    0.0045520374
    0.0046421088
    0.0014009640
    0.0044875463
    0.0031322362
   -0.0025032300
    0.0026511463
    0.0028747497
    0.0010629053
    0.0051394533
    0.0059589643
   -0.0032971910
    0.0030423115
    0.0057853566
    0.0057215047
    0.0040585995
    0.0032650455
    0.0054146700
    0.0048776946
    0.0022288021
   -0.0022916205
    0.0041978356
    0.0004543809
    0.0052632551
    0.0069748686
    0.0044458472
    0.0001229822
    0.0017591592
    0.0057412541
    0.0069400126
    0.0068035448
    0.0076636642
    0.0061262786
    0.0056941507
    0.0053001166
    0.0057087662
    0.0039107282
    0.0005594847
    0.0000707874
    0.0010310495
    0.0050920710
    0.0075914454
    0.0057971890
    0.0003880667
    0.0080387823
    0.0075436174
    0.0062398870
    0.0040332051
   -0.0078381798
    0.0046063205
    0.0016648350
   -0.0007176206
   -0.0014267192
    0.0050662159
    0.0033553492
    0.0017489092
    0.0046323041
   -0.0128207802
   -0.0025137464
    0.0025228286
    0.0023114199
   -0.0109040829
   -0.0039374806
    0.0003691754
    0.0022631968
    0.0008842476
   -0.0040381482
   -0.0007388937
    0.0008969825
    0.0026392869
    0.0044242216
    0.0051959080
    0.0016256440
    0.0036917643
    0.0055359962
    0.0062073209
    0.0013533560
    0.0045743038
    0.0072984282
    0.0060002986
    0.0040356181
    0.0037324098
    0.0028107270
    0.0030544488
    0.0026058359
    0.0006512232
    0.0001070091
   -0.0005913340
   -0.0050834122
    0.0001761790
   -0.0011449655
   -0.0049727062
    0.0013748256
    0.0019354921
    0.0011373621
   -0.0022048170
   -0.0101064469
    0.0030129217
    0.0032731244
    0.0012766910
   -0.0054956882
    0.0031060115
    0.0051100621
    0.0040940454
    0.0016335403
    0.0064010181
    0.0058696086
    0.0033361473
    0.0012584608
    0.0045899400
    0.0047456858
    0.0023585184
    0.0038114992
    0.0037125200
    0.0050016807
    0.0107957437
    0.0142126546
    0.0089318860
    0.0077757270
    0.0091401827
    0.0111672201
    0.0096023379
    0.0103417165
    0.0124150834
    0.0083009862
    0.0046554196
    0.0124742208
    0.0182164201
    0.0127470933
    0.0076276326
    0.0017690223
    0.0038829884
    0.0114422924
    0.0178384179
    0.0034746359
    0.0083302578
    0.0016856262
    0.0112401259
    0.0167348893
    0.0049374841
    0.0063183407
    0.0154819031
    0.0028217886
    0.0051501781
    0.0088800479
    0.0073409771
    0.0096743001
    0.0110825798
    0.0158925549
    0.0078069846
    0.0107730398
    0.0154382728
    0.0092806726
    0.0176469302
    0.0053457382
    0.0068521067
    0.0153845954
    0.0155217708
    0.0074857995
    0.0124298149
    0.0171335834
    0.0190656011
    0.0189431126
    0.0168270459
    0.0148433768
    0.0161299901
    0.0164534289
    0.0162314182
    0.0154578445
    0.0073267847
    0.0059800785
    0.0061497958
   -0.0033318965
   -0.0083916411
   -0.0112708438
   -0.0119122685
   -0.0102281482
   -0.0061350143
    0.0007294004
   -0.0052581919
   -0.0116245092
   -0.0157821020
   -0.0181160138
   -0.0187231592
   -0.0175896548
   -0.0146393148
   -0.0096239770
   -0.0019668410
   -0.0076312758
   -0.0142959146
   -0.0185211881
   -0.0206955524
   -0.0209661865
   -0.0193145880
   -0.0155677909
   -0.0092702044
    0.0001931714
   -0.0099353504
   -0.0163976879
   -0.0198070395
   -0.0207162563
   -0.0192119761
   -0.0150206644
   -0.0073704574
   -0.0090539181
   -0.0165749520
   -0.0160335415
   -0.0071218556
   -0.0192707338
   -0.0190130757
   -0.0193650670
   -0.0185699594
   -0.0166167239
   -0.0162699399
   -0.0178717831
   -0.0160413734
   -0.0163697149
   -0.0168342042
   -0.0168064175
   -0.0157281866
   -0.0133184578
   -0.0095460043
   -0.0070235039
   -0.0088382230
   -0.0120584735
   -0.0142313370
   -0.0154773151
   -0.0090710450
   -0.0082533700
   -0.0095007839
   -0.0114364616
   -0.0118344444
   -0.0104918705
   -0.0073167438
   -0.0007728338
   -0.0028134782
   -0.0067816115
   -0.0088261508
   -0.0096491933
   -0.0035763039
   -0.0035983210
   -0.0013554271
    0.0001751531
    0.0002902625
    0.0183546953
    0.0017613807
    0.0013836470
    0.0091903257
    0.0095849128
    0.0059265341
    0.0116056210
    0.0226066003
    0.0185019717
    0.0121643365
    0.0080602936
    0.0072811819
    0.0146080558
    0.0156090890
    0.0181577663
    0.0070305065
    0.0062294141
    0.0204621357
    0.0239117093
    0.0074115510
   -0.0003554045
    0.0009646217
   -0.0003954385
    0.0013645049
    0.0074279084
    0.0067835573
    0.0146171313
    0.0151377102
    0.0130342987
    0.0085683850
    0.0010954622
    0.0060104523
    0.0116366092
    0.0194720779
    0.0201655046
    0.0186156716
    0.0153237560
    0.0171732228
    0.0234290359
    0.0231234628
    0.0215839082
    0.0214999052
    0.0212336003
    0.0191190669
    0.0158851049
    0.0018094450
    0.0121098822
    0.0032462014
    0.0058893325
    0.0105600382
    0.0022821535
    0.0007097167
    0.0018269730
    0.0040452694
    0.0070496991
    0.0007346279
    0.0002157254
    0.0009853729
    0.0025400645
    0.0044273029
    0.0007570287
    0.0006040413
    0.0013178080
    0.0019931900
    0.0013197399
    0.0004650701
    0.0011538950
    0.0020535222
   -0.0009491520
   -0.0021385594
   -0.0036157538
   -0.0045960013
   -0.0040734000
   -0.0033378957
   -0.0018971936
   -0.0008888399
   -0.0011488248
   -0.0011699877
   -0.0008096793
   -0.0027240748
   -0.0037461440
   -0.0041269335
   -0.0034296363
   -0.0026935584
   -0.0024918435
   -0.0034764084
   -0.0010762556
   -0.0001509718
   -0.0030524419
   -0.0027785362
   -0.0023176067
   -0.0004084186
   -0.0039467173
   -0.0036726057
   -0.0033887431
   -0.0027431288
   -0.0009206651
   -0.0033324825
   -0.0037350982
   -0.0036639011
   -0.0030530434
   -0.0013365973
    0.0017090153
   -0.0034662688
   -0.0030737127
   -0.0013372137
    0.0020238111
    0.0036522664
    0.0013229343
    0.0005599484
    0.0014370208
   -0.0003222626
   -0.0013234062
   -0.0012540949
   -0.0002829730
    0.0006200333
   -0.0015686677
   -0.0025501561
   -0.0027128203
   -0.0024081043
   -0.0007162582
   -0.0010649313
   -0.0029264844
   -0.0035877872
   -0.0037165019
   -0.0032472928
   -0.0039316959
   -0.0000544621
   -0.0000269432
    0.0000795254
   -0.0021880498
   -0.0025137006
   -0.0024522485
   -0.0027244310
   -0.0033071531
   -0.0033790719
   -0.0030701279
   -0.0036539317
   -0.0036581026
   -0.0037488857
   -0.0037552970
   -0.0034377566
   -0.0032457605
   -0.0038536740
   -0.0040307410
   -0.0041059395
   -0.0041241448
    0.0121069733
    0.0082659237
    0.0113966176
    0.0062626534
    0.0039502465
    0.0034939919
    0.0085080741
    0.0042546992
    0.0021540519
    0.0013207942
    0.0011762706
    0.0057174099
    0.0020751977
    0.0007331745
    0.0004171164
    0.0008259009
    0.0007267264
    0.0001995969
    0.0011571417
    0.0148509214
    0.0077869181
    0.0002396275
    0.0171338586
    0.0156045991
    0.0081283592
    0.0052717711
    0.0197371288
    0.0100808054
    0.0059231352
    0.0160416209
    0.0115012062
    0.0145763687
    0.0193847132
    0.0150806088
    0.0049100402
    0.0105812529
    0.0154437904
    0.0154771769
    0.0101198184
    0.0096665061
    0.0064204070
    0.0068467976
    0.0062508772
    0.0057022138
    0.0086108195
    0.0136476257
    0.0163010269
    0.0079929707
    0.0088997142
    0.0045319547
    0.0062143099
   -0.0027166055
    0.0094763105
    0.0169016375
    0.0068653211
    0.0124178387
    0.0101657920
    0.0122020652
    0.0057620872
    0.0162474836
    0.0088084114
    0.0099197039
    0.0007787528
   -0.0015844209
   -0.0209795757
    0.0025069606
   -0.0013230810
    0.0047894196
    0.0008730516
   -0.0052262092
   -0.0148146266
   -0.0088474510
   -0.0085418633
   -0.0219213867
    0.0006932433
    0.0044317755
   -0.0053747833
   -0.0006971418
   -0.0011254963
   -0.0107159976
   -0.0143326394
   -0.0251304165
   -0.0138129320
   -0.0140987590
   -0.0058524017
    0.0018973480
   -0.0089795221
   -0.0033341117
    0.0018541117
   -0.0218420901
   -0.0098852173
   -0.0118066552
   -0.0031982749
    0.0024663013
    0.0075138507
    0.0080241737
    0.0095317178
    0.0116786501
    0.0083810749
    0.0090146986
    0.0078369657
    0.0074258670
    0.0110811423
    0.0071815711
    0.0031907932
   -0.0009283848
   -0.0045507740
   -0.0087141629
    0.0108897685
    0.0054683363
    0.0024247849
    0.0013273702
    0.0012407331
    0.0074327229
    0.0069753904
    0.0059137766
    0.0058281693
    0.0029941211
    0.0056110765
    0.0060944748
   -0.0061242739
    0.0037770874
    0.0008161946
    0.0063371599
    0.0051904101
    0.0027536034
    0.0051304877
    0.0053480209
    0.0058724488
    0.0077076543
    0.0087272408
    0.0087370594
    0.0089201934
    0.0087333223
    0.0073699114
    0.0058378032
    0.0048541299
    0.0096758581
    0.0188378638
    0.0133533124
    0.0224486838
    0.0170276930
    0.0113492600
    0.0034614575
    0.0218682710
    0.0167583715
    0.0116799634
    0.0031931304
    0.0144644646
    0.0094841478
   -0.0005926271
    0.0051606114
    0.0213633424
    0.0221331962
    0.0209971645
    0.0218370295
    0.0245229423
    0.0182263589
    0.0198415825
    0.0232073932
    0.0163553570
    0.0000217263
   -0.0060857567
   -0.0018383077
   -0.0008552603
   -0.0054034626
   -0.0034881045
   -0.0121464238
   -0.0139044268
   -0.0111175776
   -0.0186215446
   -0.0196503925
   -0.0187905626
   -0.0147754689
   -0.0240046301
   -0.0233856397
   -0.0226268445
   -0.0201556177
   -0.0141117448
   -0.0259410940
   -0.0249892086
   -0.0239103022
   -0.0216074621
   -0.0169971601
   -0.0105219436
   -0.0043940139
   -0.0212245851
   -0.0231843489
   -0.0210190066
   -0.0154908287
   -0.0102426033
   -0.0132303764
   -0.0183512936
   -0.0076314659
   -0.0154796908
   -0.0068418858
   -0.0060423957
   -0.0152971066
   -0.0214857350
   -0.0160190871
   -0.0141109861
   -0.0202966838
   -0.0227248581
   -0.0265664517
   -0.0228517514
   -0.0131415790
   -0.0203337922
   -0.0246391807
   -0.0271159827
   -0.0091016189
   -0.0167861044
   -0.0214643459
   -0.0254148854
   -0.0288504561
   -0.0029133683
   -0.0113362357
   -0.0163414731
   -0.0198102795
   -0.0005679015
   -0.0069864081
    0.0054105658
   -0.0034620092
   -0.0002721684
    0.0011573696
    0.0024877586
    0.0048001376
    0.0019127529
    0.0022506971
    0.0027770396
    0.0033836939
    0.0044876314
    0.0023474275
    0.0039654918
    0.0057833324
    0.0049956695
   -0.0009362275
    0.0013892818
    0.0031281594
    0.0053637460
    0.0060972831
    0.0040035571
    0.0055165254
    0.0067739053
    0.0037774210
    0.0046900921
    0.0045541870
    0.0032338722
    0.0040703396
    0.0041892725
   -0.0027007467
    0.0000683069
   -0.0013870953
    0.0011855791
    0.0018334514
   -0.0080732402
    0.0004128203
    0.0025938701
    0.0028845271
    0.0024746036
    0.0028624887
    0.0040393205
    0.0036121958
    0.0023950998
    0.0010366725
   -0.0015564104
    0.0042844816
    0.0023107137
    0.0007210566
    0.0006620235
    0.0022436282
   -0.0067209839
   -0.0020885440
    0.0001869820
    0.0036469441
    0.0053182375
    0.0063486762
    0.0014125649
    0.0038353977
    0.0053554906
    0.0030876149
    0.0054983943
    0.0054881455
    0.0047368184
    0.0033447585
    0.0068507307
    0.0054521267
    0.0039466875
    0.0058576191
    0.0039875348
    0.0067521943
    0.0037135261
   -0.0008945158
   -0.0088195439
    0.0027478320
    0.0019928654
   -0.0006848341
   -0.0051044613
   -0.0093532893
    0.0017516591
    0.0013054177
   -0.0004023258
   -0.0030451890
    0.0001411430
   -0.0042818432
   -0.0003176894
   -0.0061377290
   -0.0198603601
   -0.0100020349
   -0.0191524894
   -0.0067565736
   -0.0022466530
   -0.0043889636
    0.0017112028
    0.0033635777
   -0.0019657166
    0.0023775552
   -0.0074732132
    0.0004404247
   -0.0041040050
    0.0001571112
   -0.0025559697
    0.0012362148
    0.0011596598
   -0.0142525677
   -0.0027784426
   -0.0070479924
   -0.0195763559
   -0.0107224118
   -0.0233422687
   -0.0206182036
    0.0044620850
    0.0077423333
    0.0062679926
    0.0033567864
    0.0079772596
    0.0083157796
    0.0068875976
    0.0062674890
    0.0073632068
    0.0080220303
   -0.0005578279
    0.0017768519
    0.0013247522
    0.0007066506
   -0.0028597882
   -0.0068424452
   -0.0095743785
   -0.0152544799
    0.0074474322
    0.0068352444
    0.0084132304
    0.0084299831
    0.0068820038
    0.0081258653
    0.0081373137
    0.0010442660
    0.0013127513
    0.0022964812
    0.0019314750
   -0.0021124244
   -0.0028736234
   -0.0110862517
   -0.0112641000
    0.0029180562
    0.0013083780
    0.0007567128
   -0.0001792438
   -0.0013216727
    0.0007949581
    0.0016652805
    0.0019460136
    0.0020155931
    0.0015730758
   -0.0088101835
   -0.0017472742
    0.0006260873
   -0.0001636457
    0.0006643237
    0.0030698716
    0.0016882598
    0.0043287599
   -0.0232552712
   -0.0220176792
   -0.0148002402
   -0.0122640400
   -0.0042828247
   -0.0067633195
   -0.0221139013
   -0.0194139094
   -0.0129647741
   -0.0049781513
   -0.0228954812
   -0.0176997986
   -0.0101067115
   -0.0121892221
   -0.0003763980
   -0.0037660518
   -0.0094279224
   -0.0141560404
   -0.0031708127
   -0.0085461111
   -0.0003558207
   -0.0030816639
   -0.0128796838
   -0.0079410209
   -0.0185102616
   -0.0154652520
   -0.0092317242
   -0.0039722380
   -0.0039328015
   -0.0083098876
   -0.0050768142
   -0.0099846673
   -0.0144086314
    0.0017586966
   -0.0021173951
   -0.0085111957
   -0.0134920383
   -0.0033885487
   -0.0069696169
   -0.0007276558
   -0.0099349608
   -0.0027485689
    0.0000005996
   -0.0056994999
   -0.0088816623
   -0.0080321857
   -0.0126239007
   -0.0153571761
   -0.0181194001
   -0.0027208105
   -0.0023195398
   -0.0006212606
   -0.0085506345
   -0.0078783512
   -0.0132850447
   -0.0053590240
   -0.0010056271
    0.0007079463
    0.0029184953
    0.0028108659
    0.0027255108
    0.0027042351
    0.0035482027
   -0.0014053408
   -0.0086849295
   -0.0023419811
    0.0018543869
    0.0036911799
    0.0031408169
   -0.0034635129
    0.0006142922
    0.0031290916
    0.0035510804
    0.0016448866
    0.0002947842
    0.0019066718
    0.0034682451
    0.0033204450
    0.0007069212
    0.0034201223
    0.0021718496
    0.0020871221
    0.0022194496
    0.0004943390
    0.0038052106
    0.0049390356
   -0.0031885323
    0.0018832824
    0.0043157521
    0.0046453205
    0.0039855083
   -0.0005367411
    0.0032210511
    0.0045006717
    0.0040004381
    0.0022037809
    0.0037459485
    0.0038444128
    0.0022422163
   -0.0009177002
    0.0029791057
    0.0041263065
    0.0055571948
    0.0036216957
    0.0005137903
    0.0015875639
    0.0045196175
    0.0055428692
    0.0058723623
    0.0059882811
    0.0046444663
    0.0049557143
    0.0048629164
    0.0051955294
    0.0048447502
    0.0037721961
    0.0022207235
    0.0020951283
    0.0028950864
    0.0042989235
    0.0062085100
    0.0046260665
    0.0066491927
    0.0062258752
    0.0058691874
    0.0067953403
    0.0045015766
    0.0029713110
   -0.0042684105
    0.0036657317
    0.0018209006
    0.0000708481
   -0.0004708651
    0.0044575617
    0.0029477508
    0.0019088412
    0.0042341661
   -0.0038840916
    0.0019875299
    0.0028012491
   -0.0116872624
   -0.0043318070
   -0.0000355213
    0.0021109147
    0.0015607759
   -0.0067400251
   -0.0025628321
    0.0001383434
    0.0013912142
   -0.0009483502
    0.0003845215
    0.0020838500
    0.0027552803
    0.0040299021
    0.0045033954
    0.0028258923
    0.0034400711
    0.0048956999
    0.0058087840
    0.0016887212
    0.0041990011
    0.0064818583
    0.0055877753
    0.0032668233
    0.0035014786
    0.0024736907
    0.0024039889
    0.0017307337
    0.0012408753
    0.0006732922
    0.0002246206
   -0.0024373501
   -0.0048290285
    0.0010566505
    0.0004021846
   -0.0017981187
   -0.0067670749
    0.0019108128
    0.0021404763
    0.0013880697
   -0.0012758342
   -0.0077542725
    0.0032985637
    0.0030073963
    0.0009208600
    0.0030997002
    0.0049018312
    0.0037696555
    0.0053131299
    0.0031651323
    0.0016127629
    0.0041451189
    0.0042183240
    0.0025893788
    0.0036488255
    0.0035254185
    0.0020050323
