   5.1980984102   -2.7533983222    3.8993323685
   6.1855776340   -2.7533983222    3.5784809190
   5.5032462720   -1.8142497717    3.5784809190
   4.3992109365   -2.1729725975    3.5784809190
   4.3992109365   -3.3338240469    3.5784809190
   5.5032462720   -3.6925468728    3.5784809190
   6.7958733576   -2.7533983222    2.7384809190
   3.6966810825   -3.2998695387    2.7384809190
   4.3992109365   -4.1371120162    2.7384809190
   5.4755491181   -4.3268994780    2.7384809190
   6.4220650300   -3.7804282615    2.7384809190
   5.4755491181   -4.3268994780    1.7001838179
   6.4220650300   -3.7804282615    1.7001838179
   5.3883320172   -1.1934663581    3.2418382972
   4.3383320172   -1.1934663581    3.2418382972
   3.8133320172   -2.1027930321    3.2418382972
   3.6723673510   -0.7283465385    2.4731849493
   3.1183469084   -1.5904191744    2.4731849493
   6.7227896711   -3.0787116934    1.4231849493
   5.6188279214   -3.7570983059    0.3731849493
   6.3932805712   -3.0860312648    0.3731849493
   2.7155966741   -2.4624165009    2.4738257011
   2.5746320078   -1.0879700073    1.7051723532
   2.0206115653   -1.9500426432    1.7051723532
   4.9585326422   -4.1906826193    0.6551723532
   4.5210925783   -4.1167217747   -0.3948276468
   5.2955452280   -3.4456547336   -0.3948276468
   4.2905966741   -3.3717431749   -1.1634809948
   3.2470163878   -3.3929800914    2.5093088968
   2.4481289141   -3.9734058161    2.1884574473
   3.5521642496   -4.3321286419    2.1884574473
   1.7455990601   -2.8465088749    1.3484574473
   1.7455990601   -3.9394513079    1.3484574473
   2.4481289141   -4.7766937853    1.3484574473
   3.5244670958   -4.9664812471    1.3484574473
   4.4709830076   -4.4200100306    1.3484574473
   2.4481289141   -4.7766937853    0.3101603462
   3.5244670958   -4.9664812471    0.3101603462
   4.4709830076   -4.4200100306    0.3101603462
   3.5521642496   -4.3321286419   -0.5298396538
   2.8249221631   -0.7098380829    1.4532184534
   2.1589574968   -0.2447182633    0.6845651054
   4.1054180672   -3.2734700307   -1.4154348946
   4.8798707170   -2.6024029896   -1.4154348946
  -0.2084601493   -3.1140999067   -1.9038464707
   4.0956003676   -3.1140999067   -1.9038464707
   0.1056736649   -1.5380816680   -2.8862201971
   0.1056736649   -2.6173918426   -2.8862201971
   0.6891928000   -3.5253653400   -2.8862201971
   3.5549804261   -3.1133272842   -2.8862201971
   2.8360877294    0.9337773221    0.4017156240
   2.2820672868    0.0717046863    0.4017156240
   2.4551798245    0.9518884108   -0.6482843760
   5.5570009496   -1.4239074042   -1.6982843760
   5.0770523956   -0.4406691715   -2.4669377240
   4.5520523956   -1.3499958454   -2.4669377240
   3.9865196371    1.7525554295   -0.9538811100
   2.9101814555    1.5627679677   -0.9538811100
   2.2076516015    0.7255254903   -0.9538811100
   4.9330355490    1.2060842130   -1.9921782111
   3.9865196371    1.7525554295   -1.9921782111
   2.9101814555    1.5627679677   -1.9921782111
   4.6965481530    0.1790542738   -2.8321782111
   4.0142167910    1.1182028243   -2.8321782111
   2.9101814555    0.7594799985   -2.8321782111
   4.0142167910   -0.7600942768   -2.8321782111
   3.7090689292    0.1790542738   -3.1530296605
   4.5980105033    0.8197405939    1.9433590360
   4.8641891462    1.7105559991    1.1747056880
   3.9320458370    1.2848604136    1.1747056880
   3.3780253945    0.4227877777    1.1747056880
   7.2230105033   -0.0895860800    0.1247056880
   6.9416638512   -0.0895860800   -0.9252943120
   5.8785064075   -1.7438913538   -0.9252943120
   6.6529590572   -1.0728243127   -0.9252943120
   6.1730105033   -0.0895860800   -1.6939476599
   5.9652316757    1.7636134561    1.2709810792
   7.2578587613    0.8244649055    0.4309810792
   6.8840504338    1.8514948448    0.4309810792
   5.9375345219    2.3979660613    0.4309810792
   4.8611963403    2.2081785995    0.4309810792
   7.2578587613    0.8244649055   -0.6073160219
   6.8840504338    1.8514948448   -0.6073160219
   5.9375345219    2.3979660613   -0.6073160219
   4.8611963403    2.2081785995   -0.6073160219
   6.6475630378    0.8244649055   -1.4473160219
   5.9652316757    1.7636134561   -1.4473160219
   4.8611963403    1.4048906302   -1.4473160219
   5.6600838140    0.8244649055   -1.7681674713
   5.5366708458   -0.9175787334    3.2603427519
   5.0116708458   -0.0082520594    2.9789960999
   5.2778494887    0.8825633458    2.2103427519
   4.3457061795    0.4568677602    2.2103427519
   3.7916857370   -0.4052048757    2.2103427519
   7.3961284996   -1.8934973947    1.1603427519
   7.3553241937   -0.9175787334    0.1103427519
   7.0666193997   -1.9008169661    0.1103427519
   6.0616708458   -1.8269054074   -0.6583105960
   6.3948057719   -0.6422581473    3.4389353162
   7.3822849958   -0.6422581473    3.1180838668
   6.6999536337    0.2968904032    3.1180838668
   5.5959182982   -0.0618324226    3.1180838668
   6.6999536337   -1.5814066979    3.1180838668
   7.9925807193   -0.6422581473    2.2780838668
   7.6187723917    0.3847717919    2.2780838668
   6.6722564799    0.9312430084    2.2780838668
   7.6187723917   -1.6692880866    2.2780838668
   7.9925807193   -0.6422581473    1.2397867657
   7.6187723917    0.3847717919    1.2397867657
   7.6187723917   -1.6692880866    1.2397867657
   4.0658544184   -1.4393664698   -2.6536816849
   2.1058544184    0.5206335302   -2.6536816849
   3.8032642098   -1.4393664698   -3.6336816849
   3.4790877861   -0.4416540273   -3.6336816849
   2.6303828904    0.1749661732   -3.6336816849
   1.5813259464    0.1749661732   -3.6336816849
   0.7326210507   -0.4416540273   -3.6336816849
   0.4084446270   -1.4393664698   -3.6336816849
   0.7326210507   -2.4370789123   -3.6336816849
   1.5813259464   -3.0536991127   -3.6336816849
   2.6303828904   -3.0536991127   -3.6336816849
   3.4790877861   -2.4370789123   -3.6336816849
   3.0858544184   -1.4393664698   -4.3510914763
   2.5958544184   -0.5906615741   -4.3510914763
   1.6158544184   -0.5906615741   -4.3510914763
   1.1258544184   -1.4393664698   -4.3510914763
   1.6158544184   -2.2880713655   -4.3510914763
   2.5958544184   -2.2880713655   -4.3510914763
   2.1058544184   -1.4393664698   -4.6136816849
   1.3013935262   -4.3667414934    0.4523995143
   0.4181601586   -4.5157490402   -0.2650102771
   1.2668650543   -5.1323692407   -0.2650102771
   2.3159219982   -5.1323692407   -0.2650102771
  -0.1686064738   -3.5180365977   -1.2450102771
   0.0939837348   -4.4980365977   -1.2450102771
   0.8113935262   -5.2154463891   -1.2450102771
   1.7913935262   -5.4780365977   -1.2450102771
   2.7713935262   -5.2154463891   -1.2450102771
   3.4888033176   -4.4980365977   -1.2450102771
   0.0939837348   -3.5180365977   -2.2250102771
   0.4181601586   -4.5157490402   -2.2250102771
   1.2668650543   -5.1323692407   -2.2250102771
   2.3159219982   -5.1323692407   -2.2250102771
   3.1646268939   -4.5157490402   -2.2250102771
   1.3013935262   -4.3667414934   -2.9424200685
   2.2813935262   -4.3667414934   -2.9424200685
   0.1854646615   -3.0060115536    2.4028570763
   1.1729438854   -3.0060115536    2.0820056268
  -0.6134228121   -3.5864372783    2.0820056268
   0.4906125233   -3.9451601042    2.0820056268
  -0.6134228121   -4.3897252476    1.2420056268
   0.4629153695   -4.5795127094    1.2420056268
   1.4094312813   -4.0330414929    1.2420056268
  -0.6134228121   -4.3897252476    0.2037085257
   0.4629153695   -4.5795127094    0.2037085257
   0.9132190379   -2.0174234228    2.2507667903
   1.6818723859   -2.0174234228    1.4821134423
   1.3931675919   -1.0341851901    1.4821134423
   0.6187149421   -0.3631181491    1.4821134423
  -1.7086535332   -3.4099810052    0.4321134423
  -1.3277456283   -3.3918699165   -0.6178865577
  -0.6617809621   -2.9267500968   -1.3865399056
  -0.1820734313   -1.4381713436    2.8534801603
  -0.7070734313   -0.5288446696    2.8534801603
  -1.7570734313   -0.5288446696    2.8534801603
   0.2978751226   -0.4549331109    2.0848268123
  -3.2710512479   -1.9407342386    1.0348268123
  -2.9770585401   -1.9505452013   -0.0151731877
  -2.4230380975   -2.8126178372   -0.0151731877
  -1.7798930463   -1.9483629644    3.4932153716
  -0.7924138224   -1.9483629644    3.1723639222
  -1.4747451845   -1.0092144138    3.1723639222
  -2.5787805199   -1.3679372397    3.1723639222
  -2.5787805199   -2.5287886891    3.1723639222
  -1.4747451845   -2.8875115149    3.1723639222
  -3.2813103740   -1.4018917479    2.3323639222
  -3.2813103740   -2.4948341809    2.3323639222
  -2.5787805199   -3.3320766583    2.3323639222
  -1.5024423383   -3.5218641201    2.3323639222
  -0.5559264265   -2.9753929036    2.3323639222
  -3.2813103740   -2.4948341809    1.2940668211
  -2.5787805199   -3.3320766583    1.2940668211
  -1.5024423383   -3.5218641201    1.2940668211
  -1.1382661640    0.7351475971    2.4489513887
  -0.1333176100    0.8090591559    1.6802980407
  -0.9077702598    1.4801261969    1.6802980407
  -3.4082512728   -0.6865529346   -0.4197019593
  -2.8542308302   -1.5486255704   -0.4197019593
  -2.1882661640   -1.0835057508   -1.1883553072
  -2.7450629983    0.3037805507    3.2442699213
  -1.7650629983    0.3037805507    2.9816797128
  -3.7250629983    0.3037805507    2.9816797128
  -3.2350629983   -0.5449243450    2.9816797128
  -2.2550629983   -0.5449243450    2.9816797128
  -4.4424727897    0.3037805507    2.2642699213
  -4.1182963660   -0.6939318918    2.2642699213
  -3.2695914703   -1.3105520922    2.2642699213
  -4.4424727897   -0.6762194493    1.2842699213
  -3.7250629983   -1.3936292407    1.2842699213
  -4.1182963660   -0.6939318918    0.3042699213
   1.8353530478    1.4486507598   -1.2736840257
   0.8888371359    1.9951219763   -1.2736840257
   1.8353530478    1.4486507598   -2.3119811268
   0.8888371359    1.9951219763   -2.3119811268
  -0.1875010457    1.8053345145   -2.3119811268
   1.5988656518    0.4216208205   -3.1519811268
   0.9165342898    1.3607693711   -3.1519811268
  -0.1875010457    1.0020465453   -3.1519811268
  -0.1875010457   -0.1588049042   -3.1519811268
   0.6113864280    0.4216208205   -3.4728325763
   1.6331348687    0.8978294081    0.0635604425
   0.8586822189    1.5688964491    0.0635604425
   0.3563133432    1.9992798110   -0.9864395575
  -1.0877783515   -1.4598553182   -2.0364395575
  -0.9468136853   -0.0854088246   -2.8050929055
  -0.4218136853   -0.9947354986   -2.8050929055
   1.0668394557   -0.4219029890    1.2464013362
  -1.2031456531   -1.8436035207   -1.6222520117
  -0.6491252105   -2.7056761565   -1.6222520117
  -2.1454689029    2.5854181113    4.0845048460
  -1.1579896790    2.5854181113    3.7636533966
  -1.8403210411    3.5245666619    3.7636533966
  -2.9443563766    3.1658438360    3.7636533966
  -2.9443563766    2.0049923866    3.7636533966
  -1.8403210411    1.6462695608    3.7636533966
  -0.5476939555    2.5854181113    2.9236533966
  -0.9215022831    3.6124480506    2.9236533966
  -1.8680181949    4.1589192671    2.9236533966
  -1.8680181949    1.0119169556    2.9236533966
  -0.9215022831    1.5583881721    2.9236533966
  -0.5476939555    2.5854181113    1.8853562955
  -0.9215022831    3.6124480506    1.8853562955
  -0.9215022831    1.5583881721    1.8853562955
  -3.1963596870    4.7652128916    3.5711869101
  -2.2088804632    4.7652128916    3.2503354607
  -2.8912118252    5.7043614421    3.2503354607
  -3.9952471607    5.3456386163    3.2503354607
  -1.5985847396    4.7652128916    2.4103354607
  -1.9723930672    5.7922428308    2.4103354607
  -2.9189089791    6.3387140473    2.4103354607
  -3.9952471607    6.1489265856    2.4103354607
  -4.6977770147    5.3116841081    2.4103354607
  -1.9723930672    5.7922428308    1.3720383596
  -2.9189089791    6.3387140473    1.3720383596
  -3.4307779930    3.5660640598    3.4582053080
  -3.9557779930    2.6567373858    3.4582053080
  -3.4307779930    1.7474107118    3.4582053080
  -4.6507631018    2.1443635281    2.6895519600
  -1.0463203391    3.6326560471    1.6395519600
  -1.0871246451    2.6567373858    0.5895519600
  -1.3758294391    3.6399756185    0.5895519600
  -3.5006613232    3.8783433417    3.4490565547
  -4.5506613232    3.8783433417    3.1677099026
  -5.2456464320    4.3907171994    2.3990565547
  -5.2456464320    3.3659694839    2.3990565547
  -1.6820079753    3.8783433417    0.2990565547
  -1.9707127693    4.8615815744    0.2990565547
  -2.7451654190    5.5326486154    0.2990565547
  -2.4506613232    3.8783433417   -0.4695967933
  -4.7671673364    5.8276969793    2.2566606456
  -4.4620194747    6.7668455299    1.9358091962
  -5.5660548101    6.4081227041    1.9358091962
  -3.5432007167    6.8547269186    1.0958091962
  -4.4897166285    7.4011981351    1.0958091962
  -5.5660548101    7.2114106733    1.0958091962
  -6.2685846642    6.3741681958    1.0958091962
  -3.1693923891    5.8276969793    0.0575120951
  -3.5432007167    6.8547269186    0.0575120951
  -4.4897166285    7.4011981351    0.0575120951
  -5.5660548101    7.2114106733    0.0575120951
  -4.3418306586    1.5230403661    2.7729079511
  -5.0368157674    2.0354142238    2.0042546031
  -5.0368157674    1.0106665083    2.0042546031
  -5.5330517306    3.9597650732    2.1918662627
  -6.2280368394    3.4473912155    1.4232129148
  -2.6643983827    3.9597650732   -0.6767870852
  -2.9531031767    4.9430033059   -0.6767870852
  -3.4330517306    3.9597650732   -1.4454404332
  -6.0763120740    5.1171169917    1.7447744775
  -6.4695454417    6.1148294342    1.0273646861
  -6.7937218654    5.1171169917    1.0273646861
  -6.0763120740    6.8145267831    0.0473646861
  -6.7937218654    6.0971169917    0.0473646861
  -7.0563120740    5.1171169917    0.0473646861
  -6.7937218654    4.1371169917    0.0473646861
  -3.7230787063    6.1148294342   -0.9326353139
  -4.5717836020    6.7314496347   -0.9326353139
  -5.6208405459    6.7314496347   -0.9326353139
  -6.4695454417    6.1148294342   -0.9326353139
  -6.7937218654    5.1171169917   -0.9326353139
  -4.1163120740    5.1171169917   -1.6500451053
  -4.6063120740    5.9658218874   -1.6500451053
  -5.5863120740    5.9658218874   -1.6500451053
  -6.0763120740    5.1171169917   -1.6500451053
  -5.0963120740    5.1171169917   -1.9126353139
  -5.3279918119    1.5976404487    1.8007376636
  -6.0229769207    1.0852665910    1.0320843156
  -5.4689564781    0.2231939551    1.0320843156
  -6.3169696285    1.0950775537   -0.0179156844
  -2.7480432579    2.5808786814   -1.0679156844
  -3.2279918119    1.5976404487   -1.8365690323
  -4.2779918119    1.5976404487   -2.1179156844
  -5.9214107194    2.8118556070    1.5082113175
  -6.6163958282    3.3242294648    0.7395579696
  -6.6163958282    2.2994817493    0.7395579696
  -6.4432832906    1.4192980247   -0.3104420304
  -3.0527573715    2.8118556070   -1.3604420304
  -3.8214107194    2.8118556070   -2.1290953784
  -4.3464107194    3.7211822810   -2.1290953784
  -4.3464107194    1.9025289331   -2.1290953784
  -6.0821045523    0.1535052393   -0.0195270062
  -5.3795746983   -0.6837372382   -0.0195270062
  -4.3032365166   -0.8735247000   -0.0195270062
  -6.0821045523    1.2464476723   -1.0578241073
  -6.0821045523    0.1535052393   -1.0578241073
  -5.3795746983   -0.6837372382   -1.0578241073
  -4.3032365166   -0.8735247000   -1.0578241073
  -3.3567206048   -0.3270534835   -1.0578241073
  -3.5932080007    0.6999764558   -1.8978241073
  -5.3795746983    1.2804021805   -1.8978241073
  -5.3795746983    0.1195507310   -1.8978241073
  -4.2755393628   -0.2391720948   -1.8978241073
  -4.5806872246    0.6999764558   -2.2186755567
  -7.1439024088    3.4339325877   -0.5441691702
  -7.1439024088    2.3409901547   -0.5441691702
  -6.4413725547    4.2711750652   -1.5824662713
  -7.1439024088    3.4339325877   -1.5824662713
  -7.1439024088    2.3409901547   -1.5824662713
  -6.4413725547    1.5037476773   -1.5824662713
  -4.6550058572    2.8874613712   -2.4224662713
  -5.3373372193    3.8266099218   -2.4224662713
  -6.4413725547    3.4678870960   -2.4224662713
  -6.4413725547    2.3070356465   -2.4224662713
  -5.3373372193    1.9483128207   -2.4224662713
  -5.6424850810    2.8874613712   -2.7433177208
  -0.4746281341    1.4133084636    1.4345742273
   0.5303204199    1.4872200223    0.6659208793
  -0.2441322299    2.1582870634    0.6659208793
   0.1933078340    2.2322479080   -0.3840791207
  -2.7446132429   -0.0083920681   -1.4340791207
  -2.1905928003   -0.8704647040   -1.4340791207
  -2.0496281341    0.5039817896   -2.2027324686
  -1.0325269870    2.4123430336    0.6448442411
  -0.1137082290    2.5002244223   -0.1951557589
  -1.0602241408    3.0466956388   -0.1951557589
  -0.1137082290    2.5002244223   -1.2334528600
  -1.0602241408    3.0466956388   -1.2334528600
  -2.1365623225    2.8569081770   -1.2334528600
  -1.0325269870    2.4123430336   -2.0734528600
  -2.1365623225    2.0536202078   -2.0734528600
  -1.3376748488    1.4731944830   -2.3943043094
   5.1980984102   -2.7533983222    4.1393323685
   6.1580984102   -2.7533983222    3.8821011438
   5.6780984102   -1.9220139346    3.8821011438
   4.7180984102   -1.9220139346    3.8821011438
   4.2380984102   -2.7533983222    3.8821011438
   4.7180984102   -3.5847827098    3.8821011438
   5.6780984102   -3.5847827098    3.8821011438
   6.8608671855   -2.7533983222    3.1793323685
   3.8528902133   -3.7307492863    3.1793323685
   4.6842746009   -4.3347854010    3.1793323685
   5.7119222195   -4.3347854010    3.1793323685
   6.5433066071   -3.7307492863    3.1793323685
   7.1180984102   -2.7533983222    2.2193323685
   4.2380984102   -4.4161670975    2.2193323685
   5.1980984102   -4.6733983222    2.2193323685
   6.1580984102   -4.4161670975    2.2193323685
   6.8608671855   -3.7133983222    2.2193323685
   5.3839925042   -1.2009826152    3.5855102323
   4.3426715303   -1.2009826152    3.5855102323
   3.8220110434   -2.1027930321    3.5855102323
   3.6345542450   -0.6847078879    2.9195604737
   3.0629436637   -1.5741513139    2.9195604737
   5.3839925042   -4.3839556736    0.8891347078
   6.3221902831   -3.9321434358    0.8891347078
   6.9714432908   -3.1180059151    0.8891347078
   5.6428149023   -3.8096224675   -0.0731905752
   6.4418564093   -3.1172490604   -0.0731905752
   2.7242757002   -2.4624165009    2.8174976361
   3.2449361871   -3.3642269178    2.8174976361
   2.5368189018   -1.0443313567    2.1515478776
   1.9652083205   -1.9337747827    2.1515478776
   5.2244549400   -4.2917669046    0.1211221117
   5.6419922320   -2.4624165009   -0.8412031713
   4.5450795592   -4.1692459363   -0.8412031713
   5.3441210662   -3.4768725292   -0.8412031713
   2.2870163878   -3.3929800914    2.4920776720
   2.7670163878   -4.2243644790    2.4920776720
   3.7270163878   -4.2243644790    2.4920776720
   1.9018081909   -4.3703310555    1.7893088968
   2.7331925785   -4.9743671702    1.7893088968
   3.7608401971   -4.9743671702    1.7893088968
   1.5842476126   -4.3529800914    0.8293088968
   2.2870163878   -5.0557488666    0.8293088968
   3.2470163878   -5.3129800914    0.8293088968
   4.2070163878   -5.0557488666    0.8293088968
   3.7608401971   -4.9743671702   -0.1306911032
   2.1211443908   -0.2010796127    1.1309406299
   4.9284465551   -2.6336207852   -1.8618104190
   4.0127950774   -3.9640845575   -1.3586701825
   4.5304328002   -2.0777367553   -2.4301837931
  -0.5867634255   -2.6155757513   -2.4301837931
  -0.1492457700   -3.5982564948   -2.4301837931
   3.6745191102   -4.0001503784   -2.4301837931
   4.3067867701   -3.1299086023   -2.4301837931
  -0.0363288782   -2.0777367553   -3.3385691698
   0.2289272892   -3.0676862490   -3.3385691698
   0.9536206155   -3.7923795752   -3.3385691698
   2.9335196028   -3.7923795752   -3.3385691698
   3.6582129291   -3.0676862490   -3.3385691698
   2.7982746234    0.9774159728    0.8480911484
   3.5063919087    1.8404934700   -0.1142341345
   2.5681941297    1.3886812322   -0.1142341345
   5.9034479536   -0.4406691715   -2.1446599005
   5.6055767877    0.5737868568   -2.1446599005
   5.6055767877   -1.4551251998   -2.1446599005
   5.0683733695   -0.4406691715   -2.8106096590
   4.5477128826   -1.3424795883   -2.8106096590
   4.6690689292    1.8418230490   -1.4730296605
   3.7090689292    2.0990542738   -1.4730296605
   2.7490689292    1.8418230490   -1.4730296605
   5.0542771261    1.1564052378   -2.4330296605
   4.2228927385    1.7604413526   -2.4330296605
   3.1952451199    1.7604413526   -2.4330296605
   2.3638607323    1.1564052378   -2.4330296605
   4.6690689292    0.1790542738   -3.1357984358
   4.1890689292    1.0104386614   -3.1357984358
   3.2290689292    1.0104386614   -3.1357984358
   4.1890689292   -0.6523301139   -3.1357984358
   3.7090689292    0.1790542738   -3.3930296605
   4.8559715729    1.7677104767    1.6210812125
   3.8942327310    1.3284990642    1.6210812125
   3.3226221497    0.4390556382    1.6210812125
   3.6641522374    1.7397643237    0.6587559295
   7.4628374925   -0.0895860800   -0.4093445535
   6.9994060612   -0.0895860800   -1.3716698364
   5.9024933884   -1.7964155155   -1.3716698364
   6.7015348954   -1.1040421083   -1.3716698364
   6.1643314772   -0.0895860800   -2.0376195949
   5.6436709902    0.8122243368   -2.0376195949
   6.1400838140    1.6558492932    1.5746013040
   7.3228525892    0.8244649055    0.8718325287
   7.0052920109    1.8018158696    0.8718325287
   6.1739076232    2.4058519843    0.8718325287
   5.1462600047    2.4058519843    0.8718325287
   7.5800838140    0.8244649055   -0.0881674713
   7.3228525892    1.7844649055   -0.0881674713
   6.6200838140    2.4872336808   -0.0881674713
   5.6600838140    2.7444649055   -0.0881674713
   4.7000838140    2.4872336808   -0.0881674713
   7.3228525892    0.8244649055   -1.0481674713
   7.0052920109    1.8018158696   -1.0481674713
   6.1739076232    2.4058519843   -1.0481674713
   5.1462600047    2.4058519843   -1.0481674713
   6.6200838140    0.8244649055   -1.7509362466
   6.1400838140    1.6558492932   -1.7509362466
   5.1800838140    1.6558492932   -1.7509362466
   5.5366708458   -0.9175787334    3.5603427519
   5.0160103588   -0.0157683165    3.3226680349
   5.2696319154    0.9397178233    2.6567182764
   4.3078930735    0.5005064108    2.6567182764
   7.6447821194   -1.9327916164    0.6262925104
   7.4130664037   -0.9175787334   -0.3360327725
   7.1151952379   -1.9320347617   -0.3360327725
   6.3948057719   -0.6422581473    3.6789353162
   7.3548057719   -0.6422581473    3.4217040915
   6.8748057719    0.1891262403    3.4217040915
   5.9148057719    0.1891262403    3.4217040915
   6.8748057719   -1.4736425350    3.4217040915
   8.0575745472   -0.6422581473    2.7189353162
   7.7400139688    0.3350928167    2.7189353162
   6.9086295812    0.9391289315    2.7189353162
   5.8809819626    0.9391289315    2.7189353162
   7.7400139688   -1.6196091114    2.7189353162
   8.3148057719   -0.6422581473    1.7589353162
   8.0575745472    0.3177418527    1.7589353162
   7.3548057719    1.0205106279    1.7589353162
   6.3948057719    1.2777418527    1.7589353162
   8.0575745472   -1.6022581473    1.7589353162
   8.0575745472   -0.6422581473    0.7989353162
   7.7400139688    0.3350928167    0.7989353162
   4.2896929417   -1.4393664698   -3.1521285769
   2.3690870642    0.7285494119   -3.1521285769
   3.8571569391   -1.4393664698   -4.0502988410
   3.5226879200   -0.4099766758   -4.0502988410
   2.6470366596    0.2262212046   -4.0502988410
   1.5646721772    0.2262212046   -4.0502988410
   0.6890209168   -0.4099766758   -4.0502988410
   0.3545518977   -1.4393664698   -4.0502988410
   0.6890209168   -2.4687562638   -4.0502988410
   1.5646721772   -3.1049541441   -4.0502988410
   2.6470366596   -3.1049541441   -4.0502988410
   3.5226879200   -2.4687562638   -4.0502988410
   3.0777539940   -1.4393664698   -4.6718519490
   2.5918042062   -0.5976767474   -4.6718519490
   1.6199046306   -0.5976767474   -4.6718519490
   1.1339548428   -1.4393664698   -4.6718519490
   1.6199046306   -2.2810561922   -4.6718519490
   2.5918042062   -2.2810561922   -4.6718519490
   2.1058544184   -1.4393664698   -4.8936816849
   1.2502112850   -5.1836242721    0.1516068791
   2.3325757674   -5.1836242721    0.1516068791
   0.1567669193   -4.9661894045   -0.7465633850
   1.0169937134   -5.5599610884   -0.7465633850
   2.0546261720   -5.6859524794   -0.7465633850
   3.0319552039   -5.3153004681   -0.7465633850
   3.7250865057   -4.5329169635   -0.7465633850
  -0.3289866185   -4.0406633646   -1.7434571692
   0.1567669193   -4.9661894045   -1.7434571692
   1.0169937134   -5.5599610884   -1.7434571692
   2.0546261720   -5.6859524794   -1.7434571692
   3.0319552039   -5.3153004681   -1.7434571692
   3.7250865057   -4.5329169635   -1.7434571692
   0.3745600247   -4.5474263917   -2.6416274333
   1.2502112850   -5.1836242721   -2.6416274333
   2.3325757674   -5.1836242721   -2.6416274333
   3.2082270278   -4.5474263917   -2.6416274333
   1.3054437384   -4.3597263201   -3.2631805412
   2.2773433140   -4.3597263201   -3.2631805412
   0.1854646615   -3.0060115536    2.6428570763
   1.1454646615   -3.0060115536    2.3856258515
  -0.2945353385   -3.8373959412    2.3856258515
   0.6654646615   -3.8373959412    2.3856258515
  -1.1597435354   -3.9833625177    1.6828570763
  -0.3283591477   -4.5873986324    1.6828570763
   0.6992884708   -4.5873986324    1.6828570763
   1.5306728585   -3.9833625177    1.6828570763
  -0.7745353385   -4.6687803289    0.7228570763
   0.1854646615   -4.9260115536    0.7228570763
   1.1454646615   -4.6687803289    0.7228570763
  -0.3283591477   -4.5873986324   -0.2371429237
   0.9045400118   -2.0174234228    2.5944387253
   1.7396145959   -2.0174234228    1.9284889668
   1.4417434300   -1.0029673945    1.9284889668
  -1.5956392280   -3.8467738266    0.9661636838
  -1.5956392280   -3.8467738266   -0.1019367991
  -1.9371693156   -2.5460651410   -1.0642620821
  -1.3655587343   -3.4355085671   -1.0642620821
  -0.1907524574   -1.4381713436    3.1971520953
  -0.7114129444   -0.5363609267    3.1971520953
  -1.7527339183   -0.5363609267    3.1971520953
   0.3464509608   -0.4237153153    2.5312023368
  -0.4525905462   -3.1450007790    2.5312023368
  -3.3401847049   -2.4533842266    0.5007765708
  -2.6909316972   -3.2675217473    0.5007765708
  -3.0324617849   -1.9668130618   -0.4615487121
  -2.4608512035   -2.8562564878   -0.4615487121
  -1.7798930463   -1.9483629644    3.7332153716
  -0.8198930463   -1.9483629644    3.4759841469
  -1.2998930463   -1.1169785767    3.4759841469
  -2.2598930463   -1.1169785767    3.4759841469
  -2.7398930463   -1.9483629644    3.4759841469
  -2.2598930463   -2.7797473520    3.4759841469
  -1.2998930463   -2.7797473520    3.4759841469
  -3.4426618215   -1.9483629644    2.7732153716
  -3.1251012432   -2.9257139285    2.7732153716
  -2.2937168555   -3.5297500432    2.7732153716
  -1.2660692370   -3.5297500432    2.7732153716
  -0.4346848494   -2.9257139285    2.7732153716
  -3.6998930463   -1.9483629644    1.8132153716
  -3.4426618215   -2.9083629644    1.8132153716
  -2.7398930463   -3.6111317396    1.8132153716
  -1.7798930463   -3.8683629644    1.8132153716
  -3.1251012432   -2.9257139285    0.8532153716
  -1.1426056770    0.7276313400    2.7926233237
  -0.0847417719    0.8402769515    2.1266735652
  -2.8920439362   -1.5922642211   -0.8660774837
  -2.7450629983    0.3037805507    3.5242699213
  -1.7731634227    0.3037805507    3.3024401854
  -3.7169625739    0.3037805507    3.3024401854
  -3.2310127861   -0.5379091717    3.3024401854
  -2.2591132105   -0.5379091717    3.3024401854
  -4.4963655190    0.3037805507    2.6808870775
  -4.1618964999   -0.7256092433    2.6808870775
  -4.8654431431   -0.2188462162    1.7827168134
  -4.3796896053   -1.1443722560    1.7827168134
  -4.3796896053   -1.1443722560    0.7858230293
   1.5713864280    2.0843895958   -1.7928325763
   0.6113864280    2.3416208205   -1.7928325763
   1.9565946249    1.3989717846   -2.7528325763
   1.1252102373    2.0030078994   -2.7528325763
   0.0975626187    2.0030078994   -2.7528325763
  -0.7338217689    1.3989717846   -2.7528325763
   1.0913864280    1.2530052082   -3.4556013515
   0.1313864280    1.2530052082   -3.4556013515
  -0.3486135720    0.4216208205   -3.4556013515
   0.1313864280   -0.4097635671   -3.4556013515
   0.6113864280    0.4216208205   -3.7128325763
   1.6817107068    0.9290472037    0.5099359669
   1.5620445806    1.7439415791   -0.4523893160
  -1.6972020388   -0.6140505428   -2.4828150820
  -1.1255914575   -1.5034939688   -2.4828150820
  -0.9381346592   -0.0854088246   -3.1487648405
  -0.4174741722   -0.9872192415   -3.1487648405
  -1.2585488978   -1.8598713811   -2.0686275362
  -0.6869383165   -2.7493148072   -2.0686275362
  -2.1454689029    2.5854181113    4.3245048460
  -1.1854689029    2.5854181113    4.0672736213
  -1.6654689029    3.4168024990    4.0672736213
  -2.6254689029    3.4168024990    4.0672736213
  -3.1054689029    2.5854181113    4.0672736213
  -2.6254689029    1.7540337237    4.0672736213
  -1.6654689029    1.7540337237    4.0672736213
  -0.4827001276    2.5854181113    3.3645048460
  -0.8002607060    3.5627690754    3.3645048460
  -1.6316450936    4.1668051901    3.3645048460
  -1.6316450936    1.0040310325    3.3645048460
  -0.8002607060    1.6080671472    3.3645048460
  -0.2254689029    2.5854181113    2.4045048460
  -0.4827001276    3.5454181113    2.4045048460
  -1.1854689029    4.2481868866    2.4045048460
  -0.4827001276    1.6254181113    2.4045048460
  -0.4827001276    2.5854181113    1.4445048460
  -3.1963596870    4.7652128916    3.8111869101
  -2.2363596870    4.7652128916    3.5539556854
  -2.7163596870    5.5965972792    3.5539556854
  -3.6763596870    5.5965972792    3.5539556854
  -4.1563596870    4.7652128916    3.5539556854
  -1.5335909117    4.7652128916    2.8511869101
  -1.8511514901    5.7425638557    2.8511869101
  -2.6825358777    6.3465999704    2.8511869101
  -3.7101834963    6.3465999704    2.8511869101
  -4.5415678839    5.7425638557    2.8511869101
  -1.2763596870    4.7652128916    1.8911869101
  -1.5335909117    5.7252128916    1.8911869101
  -2.2363596870    6.4279816669    1.8911869101
  -3.1963596870    6.6852128916    1.8911869101
  -1.8511514901    5.7425638557    0.9311869101
  -2.6825358777    6.3465999704    0.9311869101
  -3.4264384800    3.5585478027    3.8018772430
  -3.9470989669    2.6567373858    3.8018772430
  -3.4264384800    1.7549269689    3.8018772430
  -4.7061663466    2.1280956676    3.1359274845
  -0.5659510038    2.6567373858    1.1055017185
  -0.7976667194    3.6719502688    1.1055017185
  -1.3272536009    3.6711934141    0.1431764355
  -3.5006613232    3.8783433417    3.7490565547
  -4.5419822971    3.8783433417    3.5113818377
  -5.3010496768    4.4069850598    2.8454320792
  -5.3010496768    3.3497016235    2.8454320792
  -1.3925500496    4.8935562246    0.8150063132
  -1.6242657653    3.8783433417   -0.1473189698
  -1.9221369311    4.8927993700   -0.1473189698
  -2.7211784381    5.5851727771   -0.1473189698
  -4.7671673364    5.8276969793    2.4966606456
  -4.2871673364    6.6590813670    2.2394294209
  -5.2471673364    6.6590813670    2.2394294209
  -5.7271673364    5.8276969793    2.2394294209
  -3.4219591395    6.8050479434    1.5366606456
  -4.2533435272    7.4090840581    1.5366606456
  -5.2809911457    7.4090840581    1.5366606456
  -6.1123755334    6.8050479434    1.5366606456
  -3.1043985612    6.7876969793    0.5766606456
  -3.8071673364    7.4904657546    0.5766606456
  -4.7671673364    7.7476969793    0.5766606456
  -5.7271673364    7.4904657546    0.5766606456
  -3.4219591395    6.8050479434   -0.3833393544
  -4.2533435272    7.4090840581   -0.3833393544
  -5.2809911457    7.4090840581   -0.3833393544
  -5.0922190122    2.0516820842    2.4506301276
  -5.0922190122    0.9943986479    2.4506301276
  -6.2834400842    4.4884067914    1.8695884392
  -6.2834400842    3.4311233550    1.8695884392
  -6.8228787199    3.9597650732    0.9072631563
  -2.6066561727    3.9597650732   -1.1231626097
  -2.9045273385    4.9742211015   -1.1231626097
  -6.0682116496    5.1171169917    2.0655349502
  -6.5131455755    6.1465067857    1.4439818423
  -6.8476145947    5.1171169917    1.4439818423
  -6.7309386809    6.5652697984    0.5458115782
  -7.2166922187    5.6397437586    0.5458115782
  -7.2166922187    4.5944902248    0.5458115782
  -3.1626190945    6.1319973575   -0.4510822060
  -5.8707118869    7.1590414824   -0.4510822060
  -6.7309386809    6.5652697984   -0.4510822060
  -7.2166922187    5.6397437586   -0.4510822060
  -7.2166922187    4.5944902248   -0.4510822060
  -3.6794785724    6.1465067857   -1.3492524701
  -4.5551298328    6.7827046660   -1.3492524701
  -5.6374943152    6.7827046660   -1.3492524701
  -6.5131455755    6.1465067857   -1.3492524701
  -6.8476145947    5.1171169917   -1.3492524701
  -4.1244124984    5.1171169917   -1.9708055780
  -4.6103622862    5.9588067141   -1.9708055780
  -5.5822618618    5.9588067141   -1.9708055780
  -6.0682116496    5.1171169917   -1.9708055780
  -5.0963120740    5.1171169917   -2.1926353139
  -6.0783801654    1.0689987305    1.4784598401
  -5.5067695841    0.1795553045    1.4784598401
  -6.3861030855    0.5824275658    0.5161345571
  -2.6994674198    2.6120964770   -1.5142912088
  -3.2366708380    1.5976404487   -2.1802409673
  -4.2779918119    1.5976404487   -2.4179156844
  -6.6717990730    3.3404973252    1.1859334940
  -6.6717990730    2.2832138889    1.1859334940
  -6.9795219930    3.8270684900    0.2236082110
  -7.2112377086    2.8118556070    0.2236082110
  -6.9795219930    1.7966427241    0.2236082110
  -2.9950151615    2.8118556070   -1.8068175549
  -3.2928863273    3.8263116353   -1.8068175549
  -3.8300897455    2.8118556070   -2.4727673134
  -4.3507502325    3.7136660239   -2.4727673134
  -4.3507502325    1.9100451902   -2.4727673134
  -5.9258954215   -0.2773745083    0.4213244433
  -5.0945110338   -0.8814106230    0.4213244433
  -6.5006872246    0.6999764558   -0.5386755567
  -6.2434559998   -0.2600235442   -0.5386755567
  -5.5406872246   -0.9627923195   -0.5386755567
  -4.5806872246   -1.2200235442   -0.5386755567
  -3.6206872246   -0.9627923195   -0.5386755567
  -6.2434559998    0.6999764558   -1.4986755567
  -5.9258954215   -0.2773745083   -1.4986755567
  -5.0945110338   -0.8814106230   -1.4986755567
  -4.0668634153   -0.8814106230   -1.4986755567
  -3.2354790277   -0.2773745083   -1.4986755567
  -3.6206872246    0.6999764558   -2.2014443320
  -5.5406872246    0.6999764558   -2.2014443320
  -5.0606872246   -0.1314079319   -2.2014443320
  -4.1006872246   -0.1314079319   -2.2014443320
  -4.5806872246    0.6999764558   -2.4586755567
  -7.3052538563    2.8874613712   -0.1033177208
  -7.3052538563    3.8474613712   -1.0633177208
  -7.5624850810    2.8874613712   -1.0633177208
  -7.3052538563    1.9274613712   -1.0633177208
  -6.6024850810    1.2246925960   -1.0633177208
  -6.1563088903    4.4688484500   -2.0233177208
  -6.9876932779    3.8648123353   -2.0233177208
  -7.3052538563    2.8874613712   -2.0233177208
  -6.9876932779    1.9101104072   -2.0233177208
  -6.1563088903    1.3060742924   -2.0233177208
  -4.6824850810    2.8874613712   -2.7260864961
  -5.1624850810    3.7188457589   -2.7260864961
  -6.1224850810    3.7188457589   -2.7260864961
  -6.6024850810    2.8874613712   -2.7260864961
  -6.1224850810    2.0560769836   -2.7260864961
  -5.1624850810    2.0560769836   -2.7260864961
  -5.6424850810    2.8874613712   -2.9833177208
   0.5788962580    1.5184378179    1.1122964038
  -0.2201452490    2.2108112250    1.1122964038
   0.4592301318    2.3333321933    0.1499711208
   0.4592301318    2.3333321933   -0.9181293622
  -2.8000164877    1.0326235078   -1.8804546451
  -2.8000164877   -0.0246599286   -1.8804546451
  -2.2284059063   -0.9141033546   -1.8804546451
  -2.0409491080    0.5039817896   -2.5464044037
  -0.8238510395    3.0545815618    0.2456956906
  -0.3776748488    3.1359632583   -0.7143043094
  -1.3376748488    3.3931944830   -0.7143043094
  -2.2976748488    3.1359632583   -0.7143043094
   0.0075333481    2.4505454471   -1.6743043094
  -0.8238510395    3.0545815618   -1.6743043094
  -1.8514986581    3.0545815618   -1.6743043094
  -2.6828830457    2.4505454471   -1.6743043094
  -0.8576748488    2.3045788707   -2.3770730847
  -1.8176748488    2.3045788707   -2.3770730847
  -2.2976748488    1.4731944830   -2.3770730847
  -1.3376748488    1.4731944830   -2.6343043094
   5.1980984102   -2.7533983222    4.3793323685
   6.2780984102   -2.7533983222    4.0899472407
   5.7380984102   -1.8180908861    4.0899472407
   4.1180984102   -2.7533983222    4.0899472407
   4.6580984102   -3.6887057583    4.0899472407
   5.7380984102   -3.6887057583    4.0899472407
   7.0687132824   -2.7533983222    3.2993323685
   3.9731061821   -4.1671147156    3.2993323685
   4.9318821572   -4.6049730322    3.2993323685
   5.9751799116   -4.4549694609    3.2993323685
   6.7717597800   -3.7647290758    3.2993323685
   4.4321518542   -4.7730334064    2.2193323685
   5.4584576395   -4.8976494903    2.2193323685
   6.4251182631   -4.5310434725    2.2193323685
   7.1106834256   -3.7572003738    2.2193323685
   5.3799546509   -1.2079763822    3.9176596871
   4.3467093835   -1.2079763822    3.9176596871
   3.8300867499   -2.1027930321    3.9176596871
   3.6130795598   -0.6599247801    3.3323732585
   3.0314792493   -1.5649125283    3.3323732585
   3.0314792493   -2.6406735360    3.3323732585
   6.7725203264   -4.0119813413    1.4231849493
   7.3578067550   -3.1360382995    1.4231849493
   6.4186115772   -4.0530519143    0.3899396819
   7.1107760978   -3.1851050585    0.3899396819
   6.4694434272   -3.1349781603   -0.4860033599
   2.7323514067   -2.4624165009    3.1496470909
   2.5153442167   -1.0195482489    2.5643606624
   1.9337439061   -1.9245359971    2.5643606624
   1.9337439061   -3.0002970047    2.5643606624
   4.7988419415   -4.9568912387    0.6551723532
   4.3206695225   -4.8943495490   -0.3780729142
   5.3208762341   -4.4126753831   -0.3780729142
   4.5587021604   -4.1990752721   -1.2540159561
   5.3717080840   -3.4946016291   -1.2540159561
   2.1670163878   -3.3929800914    2.6999237689
   2.7070163878   -4.3282875275    2.6999237689
   3.7870163878   -4.3282875275    2.6999237689
   2.0220241597   -4.8066964848    1.9093088968
   2.9808001348   -5.2445548014    1.9093088968
   4.0240978893   -5.0945512301    1.9093088968
   2.4810698318   -5.4126151756    0.8293088968
   3.5073756172   -5.5372312594    0.8293088968
   4.4740362408   -5.1706252417    0.8293088968
   4.0240978893   -5.0945512301   -0.2506911032
   2.0996697056   -0.1762965049    1.5437534146
   5.5973662436   -2.7014767833   -1.3986801620
   4.9560335730   -2.6513498851   -2.2746232038
  -0.9714921128   -3.1387326351   -1.9056619422
   4.3199506054   -4.0717567532   -1.9056619422
   4.6715501311   -2.0777367553   -2.9336701825
  -0.7844099128   -2.0777367553   -2.9336701825
  -0.5767547982   -3.1216895135   -2.9336701825
   3.8725432816   -4.0067099277   -2.9336701825
   4.4638950165   -3.1216895135   -2.9336701825
  -0.0812108614   -2.0777367553   -3.7717101783
   0.1900583516   -3.0901272406   -3.7717101783
   0.9311796239   -3.8312485129   -3.7717101783
   1.9435701091   -4.1025177258   -3.7717101783
   2.9559605944   -3.8312485129   -3.7717101783
   3.6970818667   -3.0901272406   -3.7717101783
   2.7767999382    1.0021990806    1.2609039332
   2.4717728356    1.5095897108    0.3849608914
   4.0270523956    2.2593308285   -0.6482843760
   2.9938071282    2.0538055663   -0.6482843760
   5.5823319556   -2.3909280537   -1.6815296434
   5.9362407048   -0.4406691715   -2.5574726852
   5.6331638056    0.5915159567   -2.5574726852
   5.6331638056   -1.4728542996   -2.5574726852
   5.0602976630   -0.4406691715   -3.1427591138
   3.9694281585    2.3233054418   -1.4730296605
   2.9431223732    2.1986893580   -1.4730296605
   5.2827302990    1.1903850274   -2.5530296605
   4.4861504306    1.8806254125   -2.5530296605
   3.4428526762    2.0306289837   -2.5530296605
   2.4840767011    1.5927706672   -2.5530296605
   4.7890689292    0.1790542738   -3.3436445327
   4.2490689292    1.1143617098   -3.3436445327
   3.1690689292    1.1143617098   -3.3436445327
   5.9161159896    1.6470726912    2.0338939972
   4.8513046778    1.8001694450    2.0338939972
   3.8727580459    1.3532821720    2.0338939972
   3.2911577353    0.4482944238    2.0338939972
   4.5679376549    2.3423469681    1.1579509554
   3.5677309433    1.8606728022    1.1579509554
   4.0897652359    2.4048886578    0.1247056880
   7.6174852411   -0.0895860800   -0.9085395794
   7.3704545838   -1.1718981064   -0.9085395794
   7.0321988125   -0.0895860800   -1.7844826212
   6.7291219132   -1.1217712082   -1.7844826212
   6.1562557707   -0.0895860800   -2.3697690498
   6.2000838140    1.7597723416    1.7824474009
   7.2337451837    1.8357956592    0.9918325287
   6.4371653154    2.5260360442    0.9918325287
   5.3938675610    2.6760396155    0.9918325287
   7.8200838140    0.8244649055   -0.0881674713
   7.5726688294    1.8282669571   -0.0881674713
   6.8871036669    2.6021100559   -0.0881674713
   5.9204430433    2.9687160736   -0.0881674713
   4.8941372580    2.8440999897   -0.0881674713
   7.5306986861    0.8244649055   -1.1681674713
   7.2337451837    1.8357956592   -1.1681674713
   6.4371653154    2.5260360442   -1.1681674713
   5.3938675610    2.6760396155   -1.1681674713
   4.4350915858    2.2381812990   -1.1681674713
   6.7400838140    0.8244649055   -1.9587823435
   6.2000838140    1.7597723416   -1.9587823435
   5.1200838140    1.7597723416   -1.9587823435
   5.5366708458   -0.9175787334    3.8603427519
   5.0200482121   -0.0227620835    3.6548174897
   5.2649650203    0.9721767917    3.0695310611
   4.2864183884    0.5252895187    3.0695310611
   6.0917436942    1.5143543147    2.1935880193
   3.2892267653    0.1647332930    2.1935880193
   8.0311455836   -1.9508240008    1.1603427519
   8.0311455836   -0.9175787334    0.1270974845
   7.7841149263   -1.9998907597    0.1270974845
   7.1427822557   -1.9497638616   -0.7488455573
   6.3948057719   -0.6422581473    3.9189353162
   7.4748057719   -0.6422581473    3.6295501884
   6.9348057719    0.2930492887    3.6295501884
   5.8548057719    0.2930492887    3.6295501884
   6.9348057719   -1.5775655834    3.6295501884
   8.2654206441   -0.6422581473    2.8389353162
   7.9684671417    0.3690726063    2.8389353162
   7.1718872734    1.0593129914    2.8389353162
   6.1285895189    1.2093165626    2.8389353162
   7.9684671417   -1.6535889010    2.8389353162
   8.5548057719   -0.6422581473    1.7589353162
   8.3073907873    0.3615439043    1.7589353162
   7.6218256249    1.1353870030    1.7589353162
   6.6551650013    1.5019930207    1.7589353162
   8.3073907873   -1.6460601990    1.7589353162
   8.2654206441   -0.6422581473    0.6789353162
   7.9684671417    0.3690726063    0.6789353162
   4.5626727571   -1.4393664698   -3.2144344385
   2.6525479297    0.9558543038   -3.2144344385
   4.0760697542   -1.4393664698   -4.2248759856
   3.7633050301   -0.3741876401   -4.2248759856
   2.9243114477    0.3528044374   -4.2248759856
   1.8254635415    0.5107949147   -4.2248759856
   0.8156377576    0.0496229316   -4.2248759856
   0.2154466472   -0.8842926657   -4.2248759856
   0.2154466472   -1.9944402739   -4.2248759856
   0.8156377576   -2.9283558712   -4.2248759856
   1.8254635415   -3.3895278543   -4.2248759856
   2.9243114477   -3.2315373770   -4.2248759856
   3.7633050301   -2.5045452995   -4.2248759856
   3.1992414410   -1.4393664698   -4.9241232320
   2.6525479297   -0.4924655321   -4.9241232320
   1.5591609071   -0.4924655321   -4.9241232320
   1.0124673958   -1.4393664698   -4.9241232320
   1.5591609071   -2.3862674075   -4.9241232320
   2.6525479297   -2.3862674075   -4.9241232320
   2.1058544184   -1.4393664698   -5.1736816849
   1.5110026494   -5.4681979822    0.3261840236
  -0.4221233110   -4.5840101248   -0.6842575235
   0.2595923470   -5.4388545216   -0.6842575235
   1.2447000149   -5.9132573713   -0.6842575235
   2.3380870375   -5.9132573713   -0.6842575235
   3.3231947054   -5.4388545216   -0.6842575235
  -0.4221233110   -4.5840101248   -1.8057630307
   0.2595923470   -5.4388545216   -1.8057630307
   1.2447000149   -5.9132573713   -1.8057630307
   2.3380870375   -5.9132573713   -1.8057630307
   3.3231947054   -5.4388545216   -1.8057630307
   4.0049103635   -4.5840101248   -1.8057630307
  -0.0990142450   -4.0731104018   -2.8162045778
   0.5011768654   -5.0070259992   -2.8162045778
   1.5110026494   -5.4681979822   -2.8162045778
   2.6098505556   -5.3102075049   -2.8162045778
   3.4488441379   -4.5832154274   -2.8162045778
   1.2447000149   -4.4649375354   -3.5154518242
   2.3380870375   -4.4649375354   -3.5154518242
   1.2654646615   -3.0060115536    2.5934719485
  -0.3545353385   -3.9413189897    2.5934719485
   0.7254646615   -3.9413189897    2.5934719485
  -1.0395275666   -4.4197279470    1.8028570763
  -0.0807515915   -4.8575862636    1.8028570763
   0.9625461630   -4.7075826923    1.8028570763
  -1.4313185545   -4.4383564954    0.7228570763
  -0.5804818945   -5.0256466378    0.7228570763
   0.4458238909   -5.1502627217    0.7228570763
   0.8964643053   -2.0174234228    2.9265881801
   0.3798416716   -2.9122400727    2.9265881801
   1.4693304479   -0.9852382947    2.3413017516
  -1.6920605221   -3.9676823051   -0.6011318250
  -1.9686337301   -2.5553039267   -1.4770748669
  -1.3870334195   -3.4602916749   -1.4770748669
  -0.1988281639   -1.4381713436    3.5293015501
  -0.7154507976   -0.5433546937    3.5293015501
  -1.7486960650   -0.5433546937    3.5293015501
   0.6771148779   -1.4381713436    2.9440151215
   0.3740379786   -0.4059862154    2.9440151215
  -3.7265481691   -2.4714166110    1.0348268123
  -2.2653186987   -3.9326460814    1.0348268123
  -3.4795175118   -2.5204833699    0.0015815449
  -2.7873529913   -3.3884302258    0.0015815449
  -3.0639261993   -1.9760518474   -0.8743614969
  -2.4823258887   -2.8810395956   -0.8743614969
  -1.7798930463   -1.9483629644    3.9732153716
  -0.6998930463   -1.9483629644    3.6838302438
  -2.3198930463   -1.0130555283    3.6838302438
  -2.8598930463   -1.9483629644    3.6838302438
  -2.3198930463   -2.8836704005    3.6838302438
  -1.2398930463   -2.8836704005    3.6838302438
  -3.5747348724   -2.4753760752    2.8932153716
  -3.0048852744   -3.3620793578    2.8932153716
  -2.0461092993   -3.7999376744    2.8932153716
  -1.0028115448   -3.6499341031    2.8932153716
  -3.8771273719   -2.4652847992    1.8132153716
  -3.3966762623   -3.3807079062    1.8132153716
  -2.5458396023   -3.9679980486    1.8132153716
  -1.5195338169   -4.0926141324    1.8132153716
  -0.0571547540    0.8580060513    2.5394863499
  -2.9135186214   -1.6170473289   -1.2788902685
  -2.7450629983    0.3037805507    3.8042699213
  -1.6516759757    0.3037805507    3.5547114685
  -3.8384500209    0.3037805507    3.5547114685
  -3.2917565096   -0.6431203870    3.5547114685
  -2.1983694870   -0.6431203870    3.5547114685
  -4.6354707695   -0.2512932534    2.8554642220
  -4.0352796591   -1.1852088507    2.8554642220
  -4.9585798356   -0.7621929764    1.8450226749
  -4.2768641775   -1.6170373732    1.8450226749
  -4.2768641775   -1.6170373732    0.7235171678
   1.8384062809    2.1992659709   -1.7928325763
   0.8717456573    2.5658719886   -1.7928325763
   2.1850477978    1.4329515742   -2.8728325763
   1.3884679294    2.1231919593   -2.8728325763
   0.3451701750    2.2731955305   -2.8728325763
  -0.6136058001    1.8353372140   -2.8728325763
   1.1513864280    1.3569282566   -3.6634474484
   0.0713864280    1.3569282566   -3.6634474484
  -0.4686135720    0.4216208205   -3.6634474484
   0.6113864280    0.4216208205   -3.9528325763
   1.7092977247    0.9467763036    0.9227487517
   1.6584658747    1.8648500576    0.0468057098
   1.1364315821    2.4090659132   -0.9864395575
  -1.7286664533   -0.6232893285   -2.8956278667
  -1.1470661427   -1.5282770767   -2.8956278667
  -0.9300589527   -0.0854088246   -3.4809142953
  -0.4134363190   -0.9802254745   -3.4809142953
  -1.2900133123   -1.8691101668   -2.4814403209
  -2.1454689029    2.5854181113    4.5645048460
  -1.0654689029    2.5854181113    4.2751197182
  -1.6054689029    3.5207255474    4.2751197182
  -2.6854689029    3.5207255474    4.2751197182
  -2.6854689029    1.6501106752    4.2751197182
  -1.6054689029    1.6501106752    4.2751197182
  -0.2748540307    2.5854181113    3.4845048460
  -0.5718075331    3.5967488650    3.4845048460
  -1.3683874014    4.2869892500    3.4845048460
  -1.3683874014    0.8838469726    3.4845048460
  -0.5718075331    1.5740873577    3.4845048460
   0.0145310971    2.5854181113    2.4045048460
  -0.2328838875    3.5892201629    2.4045048460
  -0.9184490499    4.3630632617    2.4045048460
  -0.2328838875    1.5816160597    2.4045048460
  -3.1963596870    4.7652128916    4.0511869101
  -2.1163596870    4.7652128916    3.7618017823
  -2.6563596870    5.7005203277    3.7618017823
  -3.7363596870    5.7005203277    3.7618017823
  -1.3257448148    4.7652128916    2.9711869101
  -1.6226983172    5.7765436452    2.9711869101
  -2.4192781856    6.4667840303    2.9711869101
  -3.4625759400    6.6167876016    2.9711869101
  -4.4213519151    6.1789292850    2.9711869101
  -1.2837746716    5.7690149432    1.8911869101
  -1.9693398341    6.5428580419    1.8911869101
  -2.9360004577    6.9094640596    1.8911869101
  -1.6226983172    5.7765436452    0.8111869101
  -2.4192781856    6.4667840303    0.8111869101
  -3.4224006267    3.5515540357    4.1340266978
  -3.9390232604    2.6567373858    4.1340266978
  -3.4224006267    1.7619207359    4.1340266978
  -4.7376307610    2.1188568820    3.5487402692
  -4.1560304504    1.2138691338    3.5487402692
  -0.4113032552    3.6899826532    1.6395519600
  -0.6583339125    3.7390494122    0.6063066926
  -1.2996665831    3.6889225140   -0.2696363492
  -3.5006613232    3.8783433417    4.0490565547
  -4.5339065906    3.8783433417    3.8435312925
  -5.3325140912    4.4162238455    3.2582448639
  -5.3325140912    3.3404628378    3.2582448639
  -1.0061865854    4.9115886090    1.3490565547
  -1.2532172427    4.9606553680    0.3158112873
  -1.9453817632    5.8286022239    0.3158112873
  -1.5914730140    3.8783433417   -0.5601317545
  -1.8945499133    4.9105284698   -0.5601317545
  -4.2271673364    6.7630044154    2.4472755178
  -5.3071673364    6.7630044154    2.4472755178
  -5.8471673364    5.8276969793    2.4472755178
  -3.9900858350    7.5292681180    1.6566606456
  -5.0333835895    7.6792716893    1.6566606456
  -5.9921595646    7.2414133728    1.6566606456
  -2.8545823210    6.8314990309    0.5766606456
  -3.5401474835    7.6053421297    0.5766606456
  -4.5068081071    7.9719481474    0.5766606456
  -5.5331138925    7.8473320635    0.5766606456
  -6.3839505525    7.2600419211    0.5766606456
  -3.1935059667    6.8390277330   -0.5033393544
  -3.9900858350    7.5292681180   -0.5033393544
  -5.0333835895    7.6792716893   -0.5033393544
  -5.1236834266    0.9851598622    2.8634429123
  -6.3149044986    4.4976455770    2.2824012240
  -6.3149044986    3.4218845694    2.2824012240
  -5.7333041880    2.5168968212    2.2824012240
  -6.9775264684    3.9597650732    1.4064581822
  -2.5738634214    3.9597650732   -1.5359753944
  -2.8769403207    4.9919502014   -1.5359753944
  -6.1896990966    5.1171169917    2.3178062332
  -6.9867198452    5.6721907958    1.6185589868
  -6.9867198452    4.5620431876    1.6185589868
  -6.6281132532    7.0379349156    0.6081174397
  -7.3098289112    6.1830905188    0.6081174397
  -7.5531304127    5.1171169917    0.6081174397
  -7.3098289112    4.0511434646    0.6081174397
  -2.8827952367    6.1830905188   -0.5133880675
  -5.6430055853    7.5123377653   -0.5133880675
  -6.6281132532    7.0379349156   -0.5133880675
  -7.3098289112    6.1830905188   -0.5133880675
  -7.5531304127    5.1171169917   -0.5133880675
  -3.4388614623    6.1822958214   -1.5238296146
  -4.2778550446    6.9092878989   -1.5238296146
  -5.3767029509    7.0672783762   -1.5238296146
  -6.3865287348    6.6061063931   -1.5238296146
  -6.9867198452    5.6721907958   -1.5238296146
  -6.9867198452    4.5620431876   -1.5238296146
  -4.0029250514    5.1171169917   -2.2230768610
  -4.5496185627    6.0640179294   -2.2230768610
  -5.6430055853    6.0640179294   -2.2230768610
  -6.1896990966    5.1171169917   -2.2230768610
  -5.0963120740    5.1171169917   -2.4726353139
  -6.1098445799    1.0597599449    1.8912726248
  -5.5282442693    0.1547721967    1.8912726248
  -6.5254358924    0.5153284224    1.0153295830
  -5.8332713719   -0.3526184335    1.0153295830
  -6.7724665497    0.5643951813   -0.0179156844
  -3.2447465445    1.5976404487   -2.5123904221
  -4.2779918119    1.5976404487   -2.7179156844
  -6.7032634874    2.2739751032    1.5987462788
  -7.3658854572    2.8118556070    0.7228032369
  -7.1188547999    1.7295435807    0.7228032369
  -7.3658854572    1.7786103397   -0.3104420304
  -2.9622224102    2.8118556070   -2.2196303397
  -3.2652993095    3.8440407352   -2.2196303397
  -3.8381654520    2.8118556070   -2.8049167682
  -4.3547880857    3.7066722569   -2.8049167682
  -4.3547880857    1.9170389571   -2.8049167682
  -5.8056794527   -0.7137399377    0.5413244433
  -4.8469034776   -1.1515982542    0.5413244433
  -6.6779215502    0.1830546209   -0.5386755567
  -6.1974704406   -0.7323684860   -0.5386755567
  -5.3466337806   -1.3196586284   -0.5386755567
  -4.3203279952   -1.4442747123   -0.5386755567
  -6.3755290508    0.1729633450   -1.6186755567
  -5.8056794527   -0.7137399377   -1.6186755567
  -4.8469034776   -1.1515982542   -1.6186755567
  -3.8036057231   -1.0015946829   -1.6186755567
  -5.6606872246    0.6999764558   -2.4092904289
  -5.1206872246   -0.2353309803   -2.4092904289
  -4.0406872246   -0.2353309803   -2.4092904289
  -4.5806872246    0.6999764558   -2.6986755567
  -7.2592682971    4.3198063130   -1.0633177208
  -7.7397194067    3.4043832061   -1.0633177208
  -7.7397194067    2.3705395364   -1.0633177208
  -7.2592682971    1.4551164294   -1.0633177208
  -6.8674773091    4.3011777647   -2.1433177208
  -7.4373269072    3.4144744820   -2.1433177208
  -7.4373269072    2.3604482604   -2.1433177208
  -6.8674773091    1.4737449778   -2.1433177208
  -5.1024850810    3.8227688073   -2.9339325930
  -6.1824850810    3.8227688073   -2.9339325930
  -6.7224850810    2.8874613712   -2.9339325930
  -6.1824850810    1.9521539351   -2.9339325930
  -5.1024850810    1.9521539351   -2.9339325930
  -5.6424850810    2.8874613712   -3.2233177208
   0.9095601751    0.5039817896    1.5251091885
   0.6064832759    1.5361669178    1.5251091885
   0.5556514259    2.4542406718    0.6491661467
  -2.8314809021    1.0418622935   -2.2932674299
  -2.8314809021   -0.0338987142   -2.2932674299
  -2.2498805915   -0.9388864624   -2.2932674299
  -1.5162507678    1.3987984395   -2.8785538585
  -2.0328734015    0.5039817896   -2.8785538585
  -0.5605933473    3.1747656217    0.3656956906
  -0.1106549958    3.2508396334   -0.7143043094
  -1.0773156194    3.6174456511   -0.7143043094
  -0.5605933473    3.1747656217   -1.7943043094
  -1.6038911018    3.3247691930   -1.7943043094
  -2.5626670769    2.8869108765   -1.7943043094
  -0.7976748488    2.4085019191   -2.5849191816
  -1.8776748488    2.4085019191   -2.5849191816
  -2.4176748488    1.4731944830   -2.5849191816
   5.1980984102   -2.7533983222    4.6193323685
   6.2394193841   -2.7533983222    4.3816576515
   5.7187588971   -1.8515879053    4.3816576515
   4.1567774363   -2.7533983222    4.3816576515
   4.6774379233   -3.6552087391    4.3816576515
   5.7187588971   -3.6552087391    4.3816576515
   7.0744939681   -2.7533983222    3.7157078930
   3.9693206380   -4.1714834664    3.7157078930
   4.9310594798   -4.6106948789    3.7157078930
   5.9775812953   -4.4602277576    3.7157078930
   6.7766228023   -3.7678543505    3.7157078930
   7.5379253994   -2.7533983222    2.7533826100
   4.6774379233   -5.0345609637    2.7533826100
   5.7187588971   -5.0345609637    2.7533826100
   6.6569566761   -4.5827487259    2.7533826100
   7.3062096838   -3.7686112052    2.7533826100
   5.7187588971   -5.0345609637    1.6852821270
   6.6569566761   -4.5827487259    1.6852821270
   5.3763622322   -1.2141986339    4.2422628116
   4.3503018023   -1.2141986339    4.2422628116
   3.8372715873   -2.1027930321    4.2422628116
   3.6005229197   -0.6454336449    3.7213182786
   3.0130814322   -1.5595104418    3.7213182786
   3.0130814322   -2.6460756225    3.7213182786
   2.7614442096   -0.5756821508    2.9231849493
   7.6182496602   -3.1700538128    1.9441294823
   6.1802317830   -4.7474842807    0.9022404163
   7.0466771509   -4.0931751112    0.9022404163
   7.6182496602   -3.1700538128    0.9022404163
   6.6017843279   -4.0335399248   -0.0768150507
   7.2367927387   -3.1595258288   -0.0768150507
   6.4855740598   -3.1453446884   -0.8749483801
   2.5027875765   -1.0050571136    2.9533056825
   1.9153460890   -1.9191339106    2.9533056825
   1.9153460890   -3.0056990913    2.9533056825
   2.4665585684   -0.2124165009    2.1551723532
   5.0824964398   -5.1071077495    1.1761168862
   5.0824964398   -5.1071077495    0.1342278202
   4.5684463761   -4.9333338115   -0.8448276468
   5.5040489847   -4.3931633936   -0.8448276468
   5.3878387166   -3.5049681572   -1.6429609762
   2.7263559009   -4.2947905083    2.9916341797
   2.0182386156   -4.8110652356    2.3256844212
   2.9799774575   -5.2502766481    2.3256844212
   4.0264992729   -5.0998095268    2.3256844212
   1.7881581219   -5.2223304951    1.3633591383
   2.7263559009   -5.6741427329    1.3633591383
   3.7676768748   -5.6741427329    1.3633591383
   4.7058746537   -5.2223304951    1.3633591383
   2.7263559009   -5.6741427329    0.2952586553
   3.7676768748   -5.6741427329    0.2952586553
   2.0871130655   -0.1618053697    1.9326984348
   5.0883744737   -3.5499116496   -1.8654348946
   5.7233828845   -2.6758975536   -1.8654348946
  -0.9839322379   -3.6620217988   -2.4402296628
   4.5703803922   -4.1222652651   -2.4402296628
   5.0919098874   -3.1585631664   -2.4402296628
   4.7751295894   -2.0777367553   -3.4159185655
  -0.8879893712   -2.0777367553   -3.4159185655
  -0.6724497398   -3.1613276562   -3.4159185655
  -0.0586448007   -4.0799516652   -3.4159185655
   3.9457850190   -4.0799516652   -3.4159185655
   4.5595899581   -3.1613276562   -3.4159185655
   0.1619407475   -3.1063609468   -4.1902296628
   0.9149459176   -3.8593661169   -4.1902296628
   1.9435701091   -4.1349851383   -4.1902296628
   2.9721943006   -3.8593661169   -4.1902296628
   2.7642432981    1.0166902158    1.6498489533
   2.7280142900    1.8093308285    0.8517156240
   3.2185360926    2.4009708799   -0.1273398430
   2.2466146092    1.9170114859   -0.1273398430
   4.2996521829    2.5011510388   -1.1692289090
   5.7655047063   -2.3714160641   -2.1482843760
   5.9554152247   -0.4406691715   -2.9464177054
   5.6492944382    0.6018824848   -2.9464177054
   5.6492944382   -1.4832208277   -2.9464177054
   5.0531128256   -0.4406691715   -3.4673622384
   3.1884084423    2.4602169152   -0.9389794191
   4.2297294161    2.4602169152   -2.0070799020
   3.1884084423    2.4602169152   -2.0070799020
   5.2875933213    1.1935103021   -2.9694051850
   4.4885518143    1.8858837092   -2.9694051850
   3.4420299988    2.0363508304   -2.9694051850
   2.4802911570    1.5971394180   -2.9694051850
   4.7503899031    0.1790542738   -3.6353549435
   4.2297294161    1.0808646906   -3.6353549435
   3.1884084423    1.0808646906   -3.6353549435
   4.8485758591    1.8191487959    2.4228390174
   3.8602014057    1.3677733072    2.4228390174
   4.8514375895    2.4942575980    1.6247056880
   3.8239723976    2.1604139200    1.6247056880
   3.0211226956    1.4375248013    1.6247056880
   4.3144942003    2.7520539713    0.6456502210
   3.3425727169    2.2680945774    0.6456502210
   8.0774337623   -0.0895860800   -0.3962388450
   7.7210867146   -0.0895860800   -1.3752943120
   6.8614628139   -2.0203329727   -1.3752943120
   7.4964712248   -1.1463188767   -1.3752943120
   7.0513733323   -0.0895860800   -2.1734276413
   6.7452525458   -1.1321377363   -2.1734276413
   7.2386082061    1.8389209338    1.4082080532
   6.4395666991    2.5312943410    1.4082080532
   5.3930448836    2.6817614622    1.4082080532
   7.9999108032    0.8244649055    0.4458827702
   7.7681950875    1.8396777885    0.4458827702
   7.1189420799    2.6538153092    0.4458827702
   6.1807443009    3.1056275470    0.4458827702
   5.1394233270    3.1056275470    0.4458827702
   7.9999108032    0.8244649055   -0.6222177128
   7.7681950875    1.8396777885   -0.6222177128
   7.1189420799    2.6538153092   -0.6222177128
   6.1807443009    3.1056275470   -0.6222177128
   5.1394233270    3.1056275470   -0.6222177128
   7.5364793719    0.8244649055   -1.5845429958
   7.2386082061    1.8389209338   -1.5845429958
   6.4395666991    2.5312943410   -1.5845429958
   5.3930448836    2.6817614622   -1.5845429958
   6.1807443009    1.7262753224   -2.2504927543
   5.5366708458   -0.9175787334    4.1603427519
   5.0236406308   -0.0289843352    3.9794206143
   5.2622362016    0.9911561425    3.4584760813
   4.2738617482    0.5397806539    3.4584760813
   5.2650979320    1.6662649446    2.6603427519
   4.2376327401    1.3324212666    2.6603427519
   3.4347830381    0.6095321480    2.6603427519
   7.7200159794   -2.9079608125    0.6393982189
   8.2915884887   -1.9848395141    0.6393982189
   8.1347470571   -0.9175787334   -0.3396572481
   7.2751231564   -2.8483256260   -0.3396572481
   7.9101315673   -1.9743115300   -0.3396572481
   6.3377417155   -2.6716792614   -1.1377905774
   7.1589128883   -1.9601303896   -1.1377905774
   6.3948057719   -0.6422581473    4.1589353162
   7.4361267458   -0.6422581473    3.9212605992
   6.9154662589    0.2595522695    3.9212605992
   5.8741452850    0.2595522695    3.9212605992
   6.9154662589   -1.5440685642    3.9212605992
   8.2712013298   -0.6422581473    3.2553108407
   7.9733301640    0.3721978810    3.2553108407
   7.1742886570    1.0645712881    3.2553108407
   6.1277668416    1.2150384093    3.2553108407
   7.9733301640   -1.6567141756    3.2553108407
   8.7346327612   -0.6422581473    2.2929855577
   8.5029170455    0.3729547356    2.2929855577
   7.8536640378    1.1870922564    2.2929855577
   6.9154662589    1.6389044941    2.2929855577
   7.8536640378   -2.4716085511    2.2929855577
   8.5029170455   -1.6574710303    2.2929855577
   8.7346327612   -0.6422581473    1.2248850747
   8.5029170455    0.3729547356    1.2248850747
   7.8536640378    1.1870922564    1.2248850747
   8.5029170455   -1.6574710303    1.2248850747
   4.6927171094   -1.4393664698   -3.7251952955
   4.4690710793   -0.3871946227   -3.7251952955
   2.9052389520    1.0208861493   -3.7251952955
   4.0857534057   -1.4393664698   -4.6335806722
   3.8204972384   -0.4494169761   -4.6335806722
   3.0958039121    0.2752763502   -4.6335806722
   2.1058544184    0.5405325175   -4.6335806722
   1.1159049247    0.2752763502   -4.6335806722
   0.3912115985   -0.4494169761   -4.6335806722
   0.1259554311   -1.4393664698   -4.6335806722
   0.3912115985   -2.4293159635   -4.6335806722
   1.1159049247   -3.1540092897   -4.6335806722
   2.1058544184   -3.4192654571   -4.6335806722
   3.0958039121   -3.1540092897   -4.6335806722
   3.8204972384   -2.4293159635   -4.6335806722
   3.1773680290   -1.4393664698   -5.2405443759
   2.6416112237   -0.5114084625   -5.2405443759
   1.5700976131   -0.5114084625   -5.2405443759
   1.0343408078   -1.4393664698   -5.2405443759
   1.5700976131   -2.3673244771   -5.2405443759
   2.6416112237   -2.3673244771   -5.2405443759
   2.1058544184   -1.4393664698   -5.4536816849
   1.7913935262   -5.4979355850    0.7348887102
   0.4979621807   -5.7583254043   -0.1734966665
   1.5209927445   -6.0907281843   -0.1734966665
   2.5907780599   -5.9782892168   -0.1734966665
  -0.5892144538   -4.9920466538   -1.2450102771
   0.1040165444   -5.7524848341   -1.2450102771
   1.0251371540   -6.2111483986   -1.2450102771
   2.0497449327   -6.3060922913   -1.2450102771
   3.0394609224   -6.0244938135   -1.2450102771
   3.8606184944   -5.4043843999   -1.2450102771
  -0.3014223529   -5.0385563372   -2.3165238877
   0.4979621807   -5.7583254043   -2.3165238877
   1.5209927445   -6.0907281843   -2.3165238877
   2.5907780599   -5.9782892168   -2.3165238877
   3.5223425272   -5.4404502208   -2.3165238877
   0.0767507063   -4.5079860914   -3.2249092644
   0.8014440326   -5.2326794177   -3.2249092644
   1.7913935262   -5.4979355850   -3.2249092644
   2.7813430199   -5.2326794177   -3.2249092644
  -0.3351958254   -3.9078219705    2.8851823592
   0.7061251485   -3.9078219705    2.8851823592
  -1.0433131107   -4.4240966978    2.2192326007
  -0.0815742688   -4.8633081103    2.2192326007
   0.9649475466   -4.7128409890    2.2192326007
  -1.2733936044   -4.8353619573    1.2569073178
  -0.3351958254   -5.2871741951    1.2569073178
   0.7061251485   -5.2871741951    1.2569073178
  -1.2733936044   -4.8353619573    0.1888068348
  -0.3351958254   -5.2871741951    0.1888068348
   0.8892794679   -2.0174234228    3.2511913047
   0.3762492529   -2.9060178210    3.2511913047
   1.4854610805   -0.9748717666    2.7302467717
  -1.9172187485   -4.3751040802    0.9530579753
  -1.9172187485   -4.3751040802   -0.0888310907
  -2.2386687697   -3.5445343042   -1.0678865577
  -1.4358190677   -4.2674234228   -1.0678865577
  -1.9870315471   -2.5607060132   -1.8660198870
  -1.3995900596   -3.4747828101   -1.8660198870
  -0.2060130013   -1.4381713436    3.8539046747
  -0.7190432163   -0.5495769454    3.8539046747
  -1.7451036463   -0.5495769454    3.8539046747
   0.6962893977   -1.4381713436    3.3329601417
   0.3901686112   -0.3956196873    3.3329601417
  -0.4310025616    0.3159291844    3.3329601417
  -3.7439747123   -2.9934747699    0.5138822793
  -3.0125112177   -3.7958520010    0.5138822793
  -3.3339612390   -2.9652822249   -0.4651731877
  -2.5311115370   -3.6881713436   -0.4651731877
  -2.4948825289   -2.8955307308   -1.2633065170
  -1.7798930463   -1.9483629644    4.2132153716
  -0.7385720724   -1.9483629644    3.9755406546
  -2.3005535332   -1.0465525475    3.9755406546
  -2.8212140201   -1.9483629644    3.9755406546
  -2.3005535332   -2.8501733813    3.9755406546
  -1.2592325593   -2.8501733813    3.9755406546
  -3.5802813998   -2.4770046826    3.3095908961
  -3.0086708185   -3.3664481086    3.3095908961
  -2.0469319766   -3.8056595211    3.3095908961
  -1.0004101612   -3.6551923998    3.3095908961
  -4.1197200355   -1.9483629644    2.3472656131
  -3.8880043198   -2.9635758474    2.3472656131
  -3.2387513122   -3.7777133681    2.3472656131
  -2.3005535332   -4.2295256059    2.3472656131
  -1.2592325593   -4.2295256059    2.3472656131
  -3.8880043198   -2.9635758474    1.2791651301
  -3.2387513122   -3.7777133681    1.2791651301
  -0.0410241214    0.8683725794    2.9284313701
   0.7101945575    0.8825537198    2.1302980407
  -3.7651539716   -1.7012899582   -0.8697019593
  -2.9260752615   -1.6315384641   -1.6678352886
  -2.7450629983    0.3037805507    4.0842699213
  -1.6735493877    0.3037805507    3.8711326124
  -3.8165766089    0.3037805507    3.8711326124
  -3.2808198036   -0.6241774566    3.8711326124
  -2.2093061930   -0.6241774566    3.8711326124
  -4.4597058183   -0.6861689429    3.2641689087
  -3.7350124920   -1.4108622692    3.2641689087
  -4.8378788775   -1.2167391888    2.3557835320
  -5.1256709783   -1.1702295053    1.2842699213
  -4.4324399802   -1.9306676857    1.2842699213
   2.0702446939    2.2509712243   -1.2587823348
   2.0702446939    2.2509712243   -2.3268828178
   1.1320469149    2.7027834620   -2.3268828178
   0.0907259411    2.7027834620   -2.3268828178
   2.1899108201    1.4360768489   -3.2892081007
   1.3908693131    2.1284502560   -3.2892081007
   0.3443474976    2.2789173772   -3.2892081007
  -0.6173913442    1.8397059648   -3.2892081007
   1.1320469149    1.3234312374   -3.9551578592
   0.0907259411    1.3234312374   -3.9551578592
  -0.4299345459    0.4216208205   -3.9551578592
   0.6113864280    0.4216208205   -4.1928325763
   1.7254283572    0.9571428316    1.3116937718
   1.8416386254    1.8453380681    0.5135604425
   1.4200860805    2.5592824240   -0.4654950245
  -1.9987014930   -1.6125197060   -2.4864395575
  -1.1596227828    1.3719505627   -3.2845728869
  -1.7470642704   -0.6286914150   -3.2845728869
  -1.1596227828   -1.5427682119   -3.2845728869
  -0.9228741153   -0.0854088246   -3.8055174199
  -0.4098439003   -0.9740032228   -3.8055174199
   1.3429103254    0.4228708650    1.7258813176
  -1.5600483519   -2.8583405443   -2.0722520117
  -2.1454689029    2.5854181113    4.8045048460
  -1.1041479290    2.5854181113    4.5668301290
  -1.6248084159    3.4872285282    4.5668301290
  -2.6661293898    3.4872285282    4.5668301290
  -2.6661293898    1.6836076944    4.5668301290
  -1.6248084159    1.6836076944    4.5668301290
  -0.2690733449    2.5854181113    3.9008803705
  -0.5669445108    3.5998741396    3.9008803705
  -1.3659860178    4.2922475467    3.9008803705
  -1.3659860178    0.8785886759    3.9008803705
  -0.5669445108    1.5709620830    3.9008803705
   0.1943580864    2.5854181113    2.9385550875
  -0.0373576293    3.6006309943    2.9385550875
  -0.6866106370    4.4147685150    2.9385550875
  -0.0373576293    1.5702052283    2.9385550875
   0.1943580864    2.5854181113    1.8704546045
  -0.0373576293    3.6006309943    1.8704546045
  -3.1963596870    4.7652128916    4.2911869101
  -2.1550387131    4.7652128916    4.0535121931
  -2.6756992001    5.6670233085    4.0535121931
  -3.7170201740    5.6670233085    4.0535121931
  -1.3199641291    4.7652128916    3.3875624346
  -1.6178352949    5.7796689199    3.3875624346
  -2.4168768019    6.4720423270    3.3875624346
  -3.4633986174    6.6225094483    3.3875624346
  -4.4251374592    6.1832980358    3.3875624346
  -1.0882484134    5.7804257746    2.4252371516
  -1.7375014211    6.5945632953    2.4252371516
  -2.6756992001    7.0463755331    2.4252371516
  -3.7170201740    7.0463755331    2.4252371516
  -1.0882484134    5.7804257746    1.3571366686
  -1.7375014211    6.5945632953    1.3571366686
  -2.6756992001    7.0463755331    1.3571366686
  -3.4188082080    3.5453317840    4.4586298224
  -3.9318384230    2.6567373858    4.4586298224
  -3.4188082080    1.7681429876    4.4586298224
  -4.7560285781    2.1134547954    3.9376852894
  -4.1685870906    1.1993779985    3.9376852894
  -5.4470800057    2.1165669678    3.1395519600
  -0.1508603501    3.7239981665    1.1186074270
  -0.5323172715    3.7134701825    0.1395519600
  -3.5006613232    3.8783433417    4.3490565547
  -4.0136915382    4.7669377398    4.1681344171
  -4.5267217532    3.8783433417    4.1681344171
  -4.7634704208    5.3357027289    3.6471898840
  -5.3509119083    4.4216259320    3.6471898840
  -5.3509119083    3.3350607513    3.6471898840
  -5.6025491309    5.4054542230    2.8490565547
  -0.7457436803    4.9456041224    1.8700010877
  -0.7457436803    4.9456041224    0.8281120217
  -1.3173161896    5.8687254208    0.8281120217
  -1.1272006017    4.9350761383   -0.1509434453
  -1.7622090126    5.8090902343   -0.1509434453
  -1.5722984942    3.8783433417   -0.9490767747
  -1.8784192807    4.9208949979   -0.9490767747
  -5.2878278234    6.7295073962    2.7389859286
  -5.8084883103    5.8276969793    2.7389859286
  -3.9876844514    7.5345264148    2.0730361701
  -5.0342062668    7.6849935360    2.0730361701
  -5.9959451087    7.2457821236    2.0730361701
  -3.3083090705    7.6570473830    1.1107108871
  -4.2465068495    8.1088596208    1.1107108871
  -5.2878278234    8.1088596208    1.1107108871
  -6.2260256024    7.6570473830    1.1107108871
  -2.6590560629    6.8429098623    0.0426104042
  -3.3083090705    7.6570473830    0.0426104042
  -4.2465068495    8.1088596208    0.0426104042
  -5.2878278234    8.1088596208    0.0426104042
  -3.9876844514    7.5345264148   -0.9197148788
  -5.1420812437    0.9797577757    3.2523879325
  -5.3937184663   -0.0040705153    2.4542546031
  -6.3333023157    4.5030476636    2.6713462441
  -6.3333023157    3.4164824829    2.6713462441
  -7.0243537433    3.4195946552    1.8732129148
  -2.1095910091    5.0164978699   -1.1267870852
  -2.5546889016    3.9597650732   -1.9249204146
  -2.8608096881    5.0023167295   -1.9249204146
  -6.1678256846    5.1171169917    2.6342273771
  -6.8109548939    6.1070664854    2.0272636734
  -7.0762110613    5.1171169917    2.0272636734
  -7.1891279531    6.6376367312    1.1188782967
  -7.6266456086    5.6549559877    1.1188782967
  -7.6266456086    4.5792779957    1.1188782967
  -6.7836890558    7.3515652281    0.0473646861
  -7.4769200540    6.5911270478    0.0473646861
  -7.8486367531    5.6316156416    0.0473646861
  -7.8486367531    4.6026183418    0.0473646861
  -2.7330954130    6.1692888387   -1.0241489245
  -3.3653630730    7.0395306148   -1.0241489245
  -4.2969275403    7.5773696108   -1.0241489245
  -5.3667128558    7.6898085782   -1.0241489245
  -6.3897434195    7.3574057982   -1.0241489245
  -7.1891279531    6.6376367312   -1.0241489245
  -7.6266456086    5.6549559877   -1.0241489245
  -7.6266456086    4.5792779957   -1.0241489245
  -3.3816692540    6.1070664854   -1.9325343012
  -4.1063625803    6.8317598116   -1.9325343012
  -5.0963120740    7.0970159790   -1.9325343012
  -6.0862615676    6.8317598116   -1.9325343012
  -6.8109548939    6.1070664854   -1.9325343012
  -7.0762110613    5.1171169917   -1.9325343012
  -4.0247984634    5.1171169917   -2.5394980049
  -4.5605552687    6.0450749990   -2.5394980049
  -5.6320688793    6.0450749990   -2.5394980049
  -6.1678256846    5.1171169917   -2.5394980049
  -5.0963120740    5.1171169917   -2.7526353139
  -6.1282423969    1.0543578584    2.2802176450
  -6.8192938245    1.0574700308    1.4820843156
  -6.3798796196    0.0705295674    1.4820843156
  -5.5770299176   -0.6523595513    1.4820843156
  -7.1821104006    1.0547665995    0.5030288486
  -6.7898930929    0.0423370224    0.5030288486
  -3.2519313819    1.5976404487   -2.8369935467
  -3.7649615969    0.7090460506   -2.8369935467
  -4.2779918119    1.5976404487   -3.0179156844
  -6.7216613045    2.2685730167    1.9876912989
  -7.4127127321    3.3520260250    1.1895579696
  -7.4127127321    2.2716851891    1.1895579696
  -7.7755293081    3.3547294563    0.2105025026
  -7.7755293081    2.2689817578    0.2105025026
  -7.3833120004    1.2565521807    0.2105025026
  -2.9430478904    2.8118556070   -2.6085753598
  -3.2491686769    3.8544072633   -2.6085753598
  -4.0703398497    4.5659561350   -2.6085753598
  -3.8453502894    2.8118556070   -3.1295198928
  -4.3583805044    3.7004500052   -3.1295198928
  -4.3583805044    1.9232612089   -3.1295198928
  -6.6887984982   -0.3152364272   -0.0046253152
  -6.0395454905   -1.1293739479   -0.0046253152
  -5.1013477115   -1.5811861857   -0.0046253152
  -6.6887984982   -0.3152364272   -1.0727257982
  -6.0395454905   -1.1293739479   -1.0727257982
  -5.1013477115   -1.5811861857   -1.0727257982
  -4.0600267376   -1.5811861857   -1.0727257982
  -6.3810755781    0.1713347376   -2.0350510812
  -5.8094649968   -0.7181086885   -2.0350510812
  -4.8477261549   -1.1573201009   -2.0350510812
  -3.8012043395   -1.0068529797   -2.0350510812
  -5.6220081985    0.6999764558   -2.7010008397
  -5.1013477115   -0.2018339611   -2.7010008397
  -4.0600267376   -0.2018339611   -2.7010008397
  -4.5806872246    0.6999764558   -2.9386755567
  -7.7505963546    3.9026742542   -0.5292674793
  -7.9823120703    2.8874613712   -0.5292674793
  -7.7505963546    1.8722484883   -0.5292674793
  -7.7505963546    3.9026742542   -1.5973679623
  -7.9823120703    2.8874613712   -1.5973679623
  -7.7505963546    1.8722484883   -1.5973679623
  -7.1013433469    1.0581109675   -1.5973679623
  -6.8712628533    4.3055465155   -2.5596932453
  -7.4428734346    3.4161030894   -2.5596932453
  -7.4428734346    2.3588196531   -2.5596932453
  -6.8712628533    1.4693762270   -2.5596932453
  -5.9095240114    1.0301648146   -2.5596932453
  -5.1218245941    3.7892717881   -3.2256430038
  -6.1631455680    3.7892717881   -3.2256430038
  -6.6838060549    2.8874613712   -3.2256430038
  -6.1631455680    1.9856509544   -3.2256430038
  -5.1218245941    1.9856509544   -3.2256430038
  -5.6424850810    2.8874613712   -3.4633177208
   0.6226139084    1.5465334459    1.9140542087
   0.7388241766    2.4347286823    1.1159208793
   1.1837169996    2.4943638687    0.1368654123
   0.3172716316    3.1486730382    0.1368654123
  -3.1015159418   -1.0231290918   -1.8840791207
  -2.2986662398   -1.7460182104   -1.8840791207
  -2.8498787192    1.0472643800   -2.6822124500
  -2.8498787192   -0.0393008007   -2.6822124500
  -2.2624372317   -0.9533775976   -2.6822124500
  -1.5126583491    1.3925761878   -3.2031569830
  -2.0256885641    0.5039817896   -3.2031569830
   0.1211834171    3.3025448867   -0.1802540679
   0.1211834171    3.3025448867   -1.2483545509
  -0.8170143618    3.7543571245   -1.2483545509
  -1.8583353357    3.7543571245   -1.2483545509
  -0.5581919637    3.1800239185   -2.2106798339
  -1.6047137791    3.3304910397   -2.2106798339
  -0.8170143618    2.3750048999   -2.8766295924
  -1.8583353357    2.3750048999   -2.8766295924
  -2.3789958227    1.4731944830   -2.8766295924
