    0.0193973622
    0.0223891399
    0.0177332445
    0.0106457196
    0.0184181753
    0.0219009667
    0.0209701608
    0.0183920734
    0.0206687700
    0.0192337576
    0.0188845974
    0.0117160720
    0.0094844702
    0.0136927215
    0.0001125115
    0.0042767373
   -0.0102781420
   -0.0064464617
    0.0056704592
   -0.0091045323
   -0.0102022088
    0.0049845602
   -0.0077046933
    0.0045775366
   -0.0003054204
   -0.0151003009
   -0.0174276522
   -0.0208971187
    0.0175694726
    0.0171524327
    0.0194816464
    0.0212610844
    0.0142481262
    0.0087077991
    0.0107961067
    0.0137143187
   -0.0205790659
   -0.0064014777
   -0.0029191493
   -0.0302504421
   -0.0094132180
   -0.0041686209
   -0.0196142107
   -0.0213646361
   -0.0279172863
   -0.0197241694
   -0.0311402480
   -0.0290076202
   -0.0521546818
   -0.0378579767
   -0.0011032568
   -0.0014960219
    0.0136607056
   -0.0185683297
   -0.0085271080
   -0.0231575431
    0.0196688454
    0.0158039726
    0.0193292303
    0.0179571324
    0.0185693912
    0.0168234017
   -0.0018168816
    0.0087187424
   -0.0046571681
   -0.0312740985
   -0.0155229790
   -0.0034873601
    0.0076282844
   -0.0033965319
   -0.0104751563
    0.0124793789
    0.0021023624
   -0.0182973347
   -0.0114577158
   -0.0024538330
    0.0185390959
    0.0217719622
    0.0229487555
    0.0210193298
    0.0145910941
    0.0151343226
    0.0212540876
    0.0221635060
    0.0199662485
    0.0113200481
    0.0192804652
    0.0253435510
    0.0134061535
    0.0138254110
    0.0033796116
    0.0060979915
   -0.0062664254
   -0.0111889758
    0.0083326221
    0.0023926869
   -0.0065876376
   -0.0176425463
    0.0202580519
    0.0239245069
    0.0208964128
    0.0116258963
    0.0245303202
    0.0227586909
    0.0240692720
    0.0213237717
    0.0202252539
    0.0173694872
    0.0225083068
    0.0111861568
   -0.0360346928
   -0.0149192433
   -0.0543572231
   -0.0462468891
   -0.0408060433
   -0.0386674869
   -0.0435228887
   -0.0510423115
   -0.0550917234
   -0.0624863175
   -0.0623108251
   -0.0581531002
   -0.0596813230
   -0.0531290976
   -0.0531924628
   -0.0596902453
   -0.0650720421
   -0.0651409885
   -0.0607004731
   -0.0214859891
   -0.0360209543
   -0.0443119017
   -0.0431944329
   -0.0358736067
   -0.0514924659
   -0.0549390880
   -0.0552673418
   -0.0551339131
   -0.0492273421
   -0.0445993496
   -0.0603998027
   -0.0628561353
   -0.0631206151
   -0.0590681327
   -0.0654720230
   -0.0654395313
    0.0163153544
    0.0157686167
    0.0207011098
    0.0177524332
    0.0116627485
    0.0089389720
    0.0116467351
   -0.0033107610
   -0.0168042601
    0.0040328918
    0.0096832435
   -0.0048357936
   -0.0081480151
   -0.0013966294
   -0.0142977597
   -0.0216646592
   -0.0017031052
   -0.0033628151
   -0.0039789746
   -0.0093035968
   -0.0020122462
   -0.0075546942
   -0.0111208462
    0.0116301697
    0.0080984504
    0.0026859976
    0.0035185124
    0.0143808344
    0.0164443649
   -0.0075811023
    0.0092460742
    0.0145094241
    0.0179308952
    0.0211635831
    0.0027130611
    0.0067844653
    0.0148336986
    0.0045883627
   -0.0012152354
    0.0140752012
    0.0083729931
   -0.0058908874
   -0.0106699903
   -0.0185619580
   -0.0095242880
   -0.0198947760
   -0.0224679281
   -0.0117926097
   -0.0155533792
   -0.0241221146
   -0.0111212837
   -0.0173242444
   -0.0152455271
   -0.0013795808
    0.0172588862
    0.0177588190
    0.0142873855
    0.0183049636
    0.0207271066
   -0.0231492328
    0.0084677140
    0.0068816514
   -0.0113003752
   -0.0099835027
    0.0020863134
    0.0006553342
    0.0180781564
   -0.0194058834
   -0.0077074110
   -0.0197695565
   -0.0084635408
   -0.0194449677
   -0.0213905779
    0.0185805502
    0.0230436737
    0.0246636650
    0.0144390903
    0.0073768454
    0.0146660302
    0.0217727781
    0.0247175624
    0.0311183521
    0.0017226332
    0.0165651768
    0.0158119029
    0.0177451162
    0.0154062549
    0.0235126321
    0.0289534936
    0.0317976322
    0.0264513991
    0.0269422981
    0.0310429839
    0.0391933827
    0.0478385576
    0.0350238350
    0.0268936699
    0.0451207946
    0.0098714849
   -0.0036463389
   -0.0015126581
   -0.0139238663
    0.0150132182
    0.0079661278
    0.0017487821
    0.0118235583
   -0.0007650156
    0.0056126755
   -0.0106799541
   -0.0021080981
    0.0054527275
    0.0239382982
   -0.0048284497
    0.0478676021
    0.0557900063
    0.0394736090
    0.0555979064
    0.0516019679
    0.0399940289
    0.0161877649
    0.0326816199
    0.0404464866
    0.0389551635
    0.0259813277
   -0.0123210068
   -0.0143863519
   -0.0131815589
   -0.0025256006
   -0.0090739650
   -0.0043915362
    0.0037634136
   -0.0068124899
    0.0039897154
    0.0034347643
   -0.0178200595
    0.0098416866
   -0.0172839723
   -0.0279854479
   -0.0177704678
    0.0030569378
    0.0050096992
   -0.0073877433
   -0.0246716220
   -0.0294176155
   -0.0176351706
   -0.0212860706
   -0.0274314977
   -0.0277578143
   -0.0253903395
   -0.0153627148
   -0.0093271313
   -0.0038593857
    0.0027799395
    0.0004359633
    0.0006490763
    0.0058830731
   -0.0138205865
   -0.0096808657
   -0.0106231570
    0.0055266149
   -0.0065363806
   -0.0060749826
   -0.0050966217
    0.0039288647
    0.0082002634
    0.0100523417
    0.0061218732
    0.0202446605
    0.0161360869
    0.0162039643
    0.0133117014
    0.0105503183
    0.0076290706
    0.0202330292
    0.0177985056
    0.0139211701
    0.0134875643
    0.0008603156
    0.0055558252
   -0.0047154269
    0.0088238420
    0.0136810494
    0.0170955786
    0.0020455427
    0.0024593610
    0.0106978030
    0.0158084489
    0.0132446252
    0.0107834681
    0.0043334557
   -0.0047004932
    0.0035541965
    0.0101488064
   -0.0003201581
   -0.0118261191
   -0.0034937685
    0.0093168362
    0.0107204709
    0.0120754668
    0.0191740189
    0.0174290405
    0.0108914151
    0.0180853013
    0.0110407156
    0.0116581106
    0.0159933066
    0.0184292297
    0.0163203228
    0.0105045622
    0.0123826542
    0.0164329329
    0.0178828890
    0.0186877102
    0.0159593333
    0.0166608868
    0.0164110095
    0.0167499243
    0.0147307756
    0.0178440474
    0.0130326888
    0.0116539669
    0.0118191714
    0.0119407322
    0.0028931274
    0.0055848516
   -0.0055901485
   -0.0026928630
    0.0004274960
   -0.0014818250
   -0.0012682680
   -0.0125146105
   -0.0119635397
    0.0046992273
    0.0139130736
   -0.0061580313
    0.0024287204
   -0.0086611299
   -0.0185548337
   -0.0205675251
   -0.0182664962
    0.0127948479
    0.0143437096
    0.0179158664
    0.0111697392
    0.0091730428
    0.0111325750
   -0.0055900424
   -0.0068454663
   -0.0017816774
    0.0015951818
   -0.0160725665
   -0.0067359833
   -0.0215569537
   -0.0316012355
   -0.0250200054
   -0.0232159770
   -0.0387216151
   -0.0412018868
   -0.0259933589
   -0.0345166556
   -0.0382522349
   -0.0520374327
   -0.0496581036
   -0.0423358816
   -0.0031964718
    0.0084650426
    0.0061766814
   -0.0079359192
    0.0060514790
   -0.0172892004
   -0.0112309011
   -0.0272252540
    0.0197311541
    0.0159060002
    0.0150076548
    0.0101746492
    0.0125069398
    0.0111919434
    0.0070142176
   -0.0067589349
    0.0016527054
   -0.0035867442
   -0.0285481929
   -0.0200959619
    0.0058543722
   -0.0023543041
   -0.0084510970
    0.0025434045
    0.0060910959
    0.0000892981
   -0.0179753551
   -0.0104423042
   -0.0032654890
    0.0093730449
    0.0169096510
    0.0219334815
    0.0196488746
    0.0174564840
    0.0129662623
    0.0149833782
    0.0179178633
    0.0187039094
    0.0175073430
    0.0146590329
    0.0104883868
    0.0156975735
    0.0175604662
    0.0176720847
    0.0079163310
    0.0139460050
    0.0174914631
    0.0122015235
    0.0047417645
    0.0063309699
   -0.0024467776
    0.0020484861
   -0.0012296517
   -0.0084453261
    0.0170432308
    0.0196479712
    0.0180006001
    0.0128830856
    0.0203006019
    0.0194188764
    0.0199764202
    0.0182449791
    0.0123960934
    0.0184787010
    0.0167095937
    0.0190880994
    0.0205259049
    0.0194026788
    0.0138554981
    0.0118368711
    0.0175976524
   -0.0367800953
   -0.0174785629
   -0.0458180168
   -0.0391710734
   -0.0346765743
   -0.0333900074
   -0.0374619318
   -0.0441916755
   -0.0496363006
   -0.0555418976
   -0.0551188900
   -0.0506032871
   -0.0494118805
   -0.0444376111
   -0.0443201681
   -0.0492821668
   -0.0539469771
   -0.0539518262
   -0.0503237998
   -0.0293665538
   -0.0271165461
   -0.0376144931
   -0.0409849810
   -0.0412658562
   -0.0389163224
   -0.0318826334
   -0.0401173337
   -0.0466999904
   -0.0484888265
   -0.0487924825
   -0.0478475500
   -0.0424640285
   -0.0508162036
   -0.0535833831
   -0.0536966090
   -0.0502852016
   -0.0553870333
   -0.0557733254
    0.0131034673
    0.0124815871
    0.0153412603
    0.0142259942
    0.0136810039
    0.0101184439
    0.0091195547
    0.0141131484
    0.0012405605
   -0.0037856357
   -0.0101704280
   -0.0177776991
    0.0033773927
    0.0048313629
   -0.0043868330
    0.0061634361
   -0.0078480533
   -0.0166687960
   -0.0180248870
    0.0005097695
   -0.0015215004
   -0.0037195999
   -0.0057441534
    0.0170881547
   -0.0043205262
   -0.0036271019
   -0.0077390496
   -0.0122986903
    0.0085152958
    0.0069229633
    0.0027012801
    0.0008194113
    0.0067028201
    0.0117398631
    0.0120422758
    0.0018847340
    0.0093630304
    0.0124463055
    0.0146535544
    0.0140755187
   -0.0030976507
    0.0048855291
    0.0079617597
    0.0114924280
   -0.0008227789
    0.0030684709
    0.0010123282
   -0.0067813737
   -0.0115635794
   -0.0055498964
   -0.0145471564
   -0.0147484909
   -0.0081084652
   -0.0142239790
   -0.0171579174
   -0.0127034983
   -0.0149950529
   -0.0083777243
    0.0148305025
    0.0167216078
    0.0053591318
    0.0115589377
    0.0134262778
    0.0105751202
   -0.0004095120
    0.0033596810
   -0.0052109600
   -0.0248563933
   -0.0143159847
   -0.0013991436
    0.0084538939
   -0.0130646757
   -0.0192212419
   -0.0092736510
   -0.0226875690
   -0.0195985485
   -0.0229137946
    0.0150092265
    0.0184144940
    0.0202841604
    0.0162929429
    0.0079863829
    0.0074384174
    0.0131206398
    0.0184405611
    0.0212910602
    0.0248563677
    0.0052047425
    0.0140226205
    0.0154169756
    0.0180944812
    0.0223830535
    0.0119604839
    0.0105448120
    0.0201237667
    0.0246553801
    0.0260393844
    0.0248205458
    0.0150680517
    0.0251925633
    0.0265964489
    0.0309602095
    0.0352638995
    0.0314060446
    0.0195089409
    0.0235664146
    0.0306196746
    0.0428020838
    0.0203905432
    0.0358920006
    0.0094894330
   -0.0007196904
   -0.0002627139
   -0.0099839806
    0.0085073800
    0.0090128511
    0.0028028409
    0.0111132370
    0.0019867434
    0.0049222794
   -0.0073268886
    0.0104220151
    0.0007856755
    0.0047781848
    0.0166180568
    0.0387905464
    0.0470260938
    0.0378225810
    0.0251180444
    0.0490284263
    0.0448201663
    0.0376586555
    0.0250235717
    0.0398084803
    0.0397064255
    0.0356650209
    0.0265933329
    0.0255200655
    0.0258037433
    0.0181494360
   -0.0134105652
   -0.0118426509
   -0.0022757520
   -0.0076867876
   -0.0119974200
   -0.0023465337
    0.0006524527
    0.0080460679
    0.0093187529
   -0.0074582741
    0.0013018341
   -0.0140574558
   -0.0167891033
    0.0193383558
    0.0069876370
   -0.0097837964
   -0.0197791592
   -0.0177813964
   -0.0013091887
   -0.0013616469
   -0.0090407688
   -0.0189700482
   -0.0201376507
   -0.0131222456
   -0.0153991080
   -0.0196326451
   -0.0188787504
   -0.0174760037
   -0.0097543953
   -0.0073325058
   -0.0009393701
    0.0012443395
    0.0008894701
    0.0046224496
   -0.0096051928
   -0.0104350490
   -0.0108966490
   -0.0041279544
   -0.0028680590
   -0.0035052020
   -0.0058635115
   -0.0032678582
   -0.0037970609
    0.0033056723
    0.0034372947
    0.0024097295
    0.0087447932
    0.0096831309
    0.0096264402
    0.0073905930
    0.0052163730
    0.0147248426
    0.0131618531
    0.0116833566
    0.0083677678
    0.0046106952
    0.0053691025
    0.0143575906
    0.0123514954
    0.0087058888
    0.0099772515
   -0.0013864049
   -0.0011628735
    0.0054612330
    0.0081132112
    0.0121297564
   -0.0071869684
    0.0035215089
    0.0093978084
    0.0120911421
    0.0152189163
    0.0020093385
    0.0011324779
    0.0049244965
    0.0100869969
    0.0117459396
    0.0084896308
    0.0075755241
   -0.0022509199
    0.0052013325
    0.0050161012
    0.0139789190
    0.0028306470
   -0.0020317529
   -0.0117485126
   -0.0032962771
    0.0083810348
    0.0131470630
    0.0099882635
    0.0028104399
    0.0181643048
    0.0146632440
    0.0101321498
    0.0025856453
    0.0143697522
    0.0097985634
    0.0046797712
    0.0082114321
    0.0136782224
    0.0158474916
    0.0144059877
    0.0106644105
    0.0138509349
    0.0150055138
    0.0162681235
    0.0141162357
    0.0136650402
    0.0134890229
    0.0140928939
    0.0129425248
    0.0098275842
    0.0091705128
    0.0097905057
    0.0110707624
    0.0047448774
    0.0064466043
   -0.0016935399
    0.0002981946
    0.0065443679
    0.0039711773
    0.0048761845
   -0.0052515062
   -0.0044441723
   -0.0123957511
    0.0050061343
   -0.0039548678
    0.0022863869
    0.0099779391
   -0.0016345107
   -0.0159658023
   -0.0123456287
   -0.0236167536
   -0.0186325887
    0.0110948433
    0.0120013378
    0.0157089870
    0.0072464981
    0.0067854101
    0.0093228629
   -0.0078564038
   -0.0031999306
   -0.0000660558
   -0.0161769955
   -0.0061868477
   -0.0186868078
   -0.0222663930
   -0.0235799288
   -0.0291574988
   -0.0279891663
   -0.0230085465
   -0.0279848227
   -0.0359528278
   -0.0285378546
   -0.0351038147
   -0.0373976267
   -0.0450121107
   -0.0488249748
   -0.0448132009
   -0.0415229537
   -0.0032206362
    0.0029404216
    0.0138094424
    0.0111025943
   -0.0189663988
   -0.0079822429
    0.0023151507
   -0.0166924399
   -0.0133586263
    0.0142723243
    0.0129314659
    0.0074794194
    0.0099145893
    0.0091536153
    0.0073433452
   -0.0086843412
   -0.0008407990
   -0.0060802047
    0.0127928794
    0.0055720831
   -0.0007927781
   -0.0060707277
    0.0078474626
    0.0020122094
    0.0100754897
    0.0032776825
   -0.0051316908
   -0.0009609424
   -0.0095221331
   -0.0039100754
    0.0151744963
    0.0173690611
    0.0156013013
    0.0126833196
    0.0128686968
    0.0151048079
    0.0158523337
    0.0153006541
    0.0136222251
    0.0084328876
    0.0126697791
    0.0145005176
    0.0149706563
    0.0164105565
    0.0057730637
    0.0112281675
    0.0147225840
    0.0112721699
    0.0058343628
    0.0068070513
    0.0003997027
    0.0136533466
   -0.0065874142
    0.0072133520
    0.0045604009
   -0.0011035911
   -0.0089065586
    0.0148418708
    0.0168387350
    0.0154809841
    0.0112196087
    0.0178345354
    0.0164574630
    0.0170449466
    0.0162630346
    0.0127071923
    0.0158204819
    0.0140555319
    0.0161662706
    0.0178201869
    0.0180523568
    0.0117567178
    0.0098037883
    0.0147558321
   -0.0302426837
   -0.0105709450
   -0.0378396808
   -0.0319926645
   -0.0277077244
   -0.0259909336
   -0.0275163587
   -0.0336134681
   -0.0391792797
   -0.0450741974
   -0.0495050522
   -0.0471592614
   -0.0424575221
   -0.0414308470
   -0.0368854165
   -0.0366560010
   -0.0412036774
   -0.0457841327
   -0.0457632733
   -0.0423935233
   -0.0225421439
   -0.0258211340
   -0.0316666119
   -0.0338473736
   -0.0334820253
   -0.0305024691
   -0.0361343739
   -0.0396932476
   -0.0408877051
   -0.0408999665
   -0.0394379916
   -0.0349434455
   -0.0397045806
   -0.0442429492
   -0.0456087828
   -0.0453152375
   -0.0424736311
   -0.0479279092
   -0.0485426999
    0.0106016976
    0.0127337599
    0.0117701242
    0.0092836205
    0.0067372957
    0.0067894992
    0.0007280053
   -0.0025177796
   -0.0080327873
    0.0035029774
    0.0098788048
   -0.0029723091
   -0.0124105756
   -0.0160003413
   -0.0198400622
    0.0019929271
    0.0000978722
   -0.0021784169
   -0.0003810874
   -0.0025473982
   -0.0020172849
    0.0024763575
   -0.0052690780
   -0.0066709169
   -0.0072992725
   -0.0124001213
    0.0066118597
    0.0058284751
   -0.0006552903
    0.0044247925
    0.0091337733
    0.0098896668
    0.0037857438
    0.0080583910
    0.0103397688
    0.0126101057
   -0.0000006494
    0.0041727835
    0.0063758982
    0.0103408815
    0.0026359384
   -0.0069376470
   -0.0070233224
   -0.0020193863
   -0.0106356633
   -0.0096714420
   -0.0041189407
   -0.0124166845
   -0.0106209023
   -0.0105447230
   -0.0089712144
   -0.0057355892
    0.0127388184
    0.0136487930
    0.0022665329
    0.0082004161
    0.0104216527
    0.0101031520
   -0.0031056888
    0.0008091564
   -0.0071542123
   -0.0166575487
   -0.0023231302
    0.0051976642
    0.0118034210
   -0.0116890986
   -0.0190659034
   -0.0105363380
   -0.0242002442
   -0.0191081316
    0.0126401886
    0.0154938276
    0.0176829148
    0.0144124861
    0.0055445730
    0.0105279450
    0.0154545689
    0.0182966025
    0.0217710447
    0.0048048357
    0.0115703396
    0.0128086100
    0.0157018247
    0.0195249800
    0.0090755430
    0.0177196418
    0.0219040771
    0.0228760883
    0.0218926361
    0.0225887211
    0.0231841008
    0.0265297665
    0.0306416500
    0.0310640622
    0.0205965764
    0.0260449280
    0.0353495511
    0.0174927573
    0.0288787269
    0.0093582725
    0.0013713223
    0.0010029850
   -0.0063287801
   -0.0072438487
    0.0126722680
    0.0075875337
    0.0052219603
    0.0107067186
    0.0039174532
    0.0053977542
   -0.0040106412
    0.0141164676
    0.0085574613
    0.0165125661
    0.0036287772
    0.0046983262
    0.0397931405
    0.0313617598
    0.0203058521
    0.0383474300
    0.0332195600
    0.0247546532
    0.0332398683
    0.0332860128
    0.0305009345
    0.0243661579
    0.0136989798
    0.0206396105
    0.0214127885
    0.0167834808
   -0.0098741678
    0.0007988648
   -0.0057609743
   -0.0109400094
   -0.0079775606
   -0.0010093425
   -0.0005132504
    0.0076615723
    0.0001769515
   -0.0063034913
    0.0089715009
   -0.0053473785
   -0.0118354888
   -0.0107756482
    0.0166281001
    0.0107885862
   -0.0019612525
   -0.0117242758
   -0.0146169869
    0.0008877743
    0.0013613921
   -0.0033662484
   -0.0110554534
   -0.0153839161
   -0.0095725550
   -0.0090695717
   -0.0103454723
   -0.0139103714
   -0.0131490517
   -0.0122588108
   -0.0089666848
   -0.0083900763
   -0.0035397821
   -0.0019497350
    0.0029427722
    0.0011004083
    0.0038768905
   -0.0090662855
   -0.0056938317
   -0.0048485002
    0.0020913490
   -0.0012545513
   -0.0038680095
   -0.0014766321
   -0.0025088763
    0.0030247084
    0.0018069682
   -0.0013132460
    0.0070009539
    0.0072949876
    0.0062751857
    0.0035438029
    0.0109372738
    0.0096742847
    0.0075568740
    0.0040467491
    0.0116713879
    0.0092444558
    0.0056557855
    0.0075531943
   -0.0082925475
    0.0013268353
    0.0049251549
    0.0072489499
   -0.0021120285
    0.0048343079
    0.0082168672
    0.0105050136
   -0.0002168772
    0.0027482932
    0.0074670515
    0.0092623366
    0.0067364705
    0.0055109448
   -0.0050788988
    0.0003718086
    0.0046565692
    0.0016097803
   -0.0024858398
   -0.0108584609
    0.0044426731
   -0.0032619827
    0.0080942135
    0.0114783443
    0.0089956192
    0.0125551760
    0.0088346463
    0.0021439486
    0.0115143199
    0.0071361361
    0.0029749991
    0.0119716370
    0.0136929617
    0.0126730432
    0.0097993266
    0.0119302380
    0.0128897006
    0.0144849778
    0.0118773822
    0.0118741812
    0.0119745591
    0.0126824747
    0.0133531017
    0.0105225927
    0.0094582581
    0.0095006782
    0.0104752958
    0.0050854302
    0.0047987119
    0.0103047242
    0.0057594885
    0.0068036175
    0.0009473286
    0.0022307138
    0.0065949816
   -0.0028314050
    0.0081216798
   -0.0006003947
   -0.0002081624
    0.0010835053
   -0.0072931759
   -0.0060278847
   -0.0126031161
   -0.0018811304
    0.0026641762
    0.0084033352
   -0.0050909000
    0.0022378820
   -0.0072816448
   -0.0191180156
   -0.0142980868
   -0.0190085316
    0.0106697855
    0.0076485625
    0.0071134228
    0.0097376866
   -0.0018685666
   -0.0014121479
    0.0011168958
    0.0038578802
   -0.0167139567
   -0.0099372671
   -0.0049355044
   -0.0210985283
   -0.0179209349
   -0.0259141000
   -0.0268521176
   -0.0220185645
   -0.0281672274
   -0.0232224691
   -0.0271899002
   -0.0352521634
   -0.0333829262
   -0.0288409509
   -0.0348627433
   -0.0395560921
   -0.0420133543
   -0.0400853986
   -0.0025201030
    0.0025408679
    0.0086004169
    0.0070739780
    0.0140235383
   -0.0177064545
   -0.0085457388
   -0.0005521122
   -0.0166863236
   -0.0149520101
    0.0113746901
    0.0114909006
    0.0105007524
    0.0032484467
    0.0056674392
    0.0049215316
    0.0018023420
   -0.0112124073
   -0.0044819006
   -0.0098082840
    0.0056642407
    0.0006254228
    0.0081456665
    0.0038289159
   -0.0005192850
    0.0091092599
    0.0054303202
    0.0059165425
    0.0015653815
   -0.0111388212
   -0.0048371050
   -0.0018195373
   -0.0090481207
    0.0160956522
    0.0137246354
    0.0109023762
    0.0138354940
    0.0142325791
    0.0141710546
    0.0134648741
    0.0119380870
    0.0091781564
    0.0117926713
    0.0130408052
    0.0133077683
    0.0129471810
    0.0059715337
    0.0097729938
    0.0116562930
    0.0126373915
    0.0085862216
    0.0104897910
    0.0064636329
    0.0070520297
    0.0023175405
    0.0073898170
    0.0018995042
   -0.0022096020
   -0.0000207515
    0.0035852183
    0.0020929531
   -0.0070075709
   -0.0025146098
   -0.0144402305
   -0.0090099184
    0.0131937753
    0.0146491363
    0.0135019667
    0.0104806572
    0.0156167676
    0.0145614031
    0.0147934401
    0.0140314081
    0.0112946337
    0.0144755790
    0.0132003332
    0.0144344772
    0.0152229197
    0.0148861457
    0.0117692010
    0.0119669296
    0.0106562284
    0.0132368504
    0.0160984630
    0.0080341044
   -0.0281750628
   -0.0217271406
   -0.0130801424
   -0.0330221104
   -0.0286631077
   -0.0252448775
   -0.0236894110
   -0.0241061680
   -0.0275946933
   -0.0322696532
   -0.0367523885
   -0.0411270358
   -0.0428527049
   -0.0405746652
   -0.0369194458
   -0.0355399871
   -0.0318469861
   -0.0316469610
   -0.0353508837
   -0.0392150096
   -0.0391865186
   -0.0362607702
   -0.0132636316
   -0.0232593670
   -0.0248908727
   -0.0235038416
   -0.0276356393
   -0.0304953960
   -0.0318259323
   -0.0319604548
   -0.0309719064
   -0.0286544402
   -0.0341428592
   -0.0361358253
   -0.0368381833
   -0.0366376347
   -0.0352589663
   -0.0375022755
   -0.0395404561
   -0.0402256318
   -0.0398558627
    0.0109912032
    0.0101273304
    0.0091201048
    0.0067802821
    0.0073210702
    0.0025287549
   -0.0002505486
   -0.0027258756
   -0.0065851379
   -0.0121191188
    0.0037431728
    0.0082869058
   -0.0014777724
    0.0013004297
   -0.0073764629
   -0.0128960631
   -0.0172610004
   -0.0157392119
   -0.0207553478
    0.0028252887
    0.0012550425
   -0.0007389841
    0.0012648929
   -0.0003104037
    0.0017038484
   -0.0028393673
   -0.0026834016
   -0.0066227048
   -0.0090595211
   -0.0124352650
    0.0053793558
    0.0053478878
    0.0001942991
    0.0034927353
    0.0071701679
    0.0080089544
    0.0029955541
    0.0065694986
    0.0085256050
    0.0100552407
   -0.0040158672
    0.0023355470
    0.0049806087
    0.0068434415
    0.0100501695
   -0.0003560960
    0.0013890045
    0.0037460387
   -0.0004978381
   -0.0009373633
   -0.0071418896
   -0.0040257057
   -0.0002189401
   -0.0074622362
   -0.0063391767
   -0.0023626630
   -0.0092627168
   -0.0051909221
   -0.0085906589
   -0.0055704892
   -0.0052410236
    0.0117968321
    0.0095542835
    0.0103904079
    0.0123227573
   -0.0033518193
    0.0039385579
    0.0062612591
    0.0054995850
   -0.0065272927
   -0.0025981890
   -0.0093072137
   -0.0177767009
   -0.0021351088
    0.0034377950
    0.0087616086
   -0.0139390961
    0.0025078058
   -0.0111979592
   -0.0191895021
   -0.0115663603
   -0.0246323417
   -0.0039360704
   -0.0189391109
    0.0109516528
    0.0131920484
    0.0151399972
    0.0126516777
    0.0054617497
    0.0091523460
    0.0135644677
    0.0161817310
    0.0188985558
    0.0050125155
    0.0101425780
    0.0121718471
    0.0149560470
    0.0182803317
    0.0086956085
    0.0093756601
    0.0124020404
    0.0158494002
    0.0192620025
    0.0198894218
    0.0187790691
    0.0207693182
    0.0207819105
    0.0229011185
    0.0251631039
    0.0242018902
    0.0194857885
    0.0226243763
    0.0276590958
    0.0349911518
    0.0168855392
    0.0221432591
    0.0313010455
    0.0090175067
    0.0026663254
    0.0019227009
   -0.0036228844
   -0.0047542203
   -0.0076122319
    0.0098081206
    0.0079922151
    0.0102048465
    0.0130081682
    0.0050374064
    0.0159023750
    0.0057860100
   -0.0015320154
    0.0163612800
    0.0159562934
    0.0110081712
    0.0159057834
    0.0075584834
    0.0122062963
    0.0053240575
    0.0044836587
    0.0267881139
    0.0183508950
    0.0335120848
    0.0288694138
    0.0220860336
    0.0314698472
    0.0290603258
    0.0247859779
    0.0179997429
    0.0237255129
    0.0246946667
    0.0230494167
    0.0187327984
    0.0140513012
   -0.0079161746
   -0.0086830131
    0.0023591468
   -0.0040173501
   -0.0057239099
    0.0039039708
   -0.0002090695
   -0.0008192424
    0.0084234166
    0.0082786148
   -0.0002075242
    0.0037632706
   -0.0044672135
   -0.0075344145
    0.0045369523
   -0.0041587972
   -0.0091563811
   -0.0096117133
    0.0091706709
    0.0124037649
    0.0118305041
    0.0067747620
   -0.0007557564
   -0.0076060867
   -0.0109900372
   -0.0086263836
   -0.0005927530
   -0.0003685444
   -0.0028286929
   -0.0073140661
   -0.0108950552
   -0.0099234169
   -0.0068159525
   -0.0076997539
   -0.0101800293
   -0.0092515829
   -0.0087609311
   -0.0079527500
   -0.0055927862
   -0.0039916488
   -0.0050087879
   -0.0016063186
    0.0005867652
    0.0010102493
    0.0029044900
    0.0031598991
   -0.0076220835
   -0.0063333275
   -0.0052749665
   -0.0042834648
   -0.0015841276
   -0.0003820036
   -0.0001284567
   -0.0024216817
   -0.0057284688
   -0.0005499000
   -0.0016254766
    0.0025706636
    0.0035784632
    0.0035649651
    0.0018946556
    0.0070943166
    0.0063514945
    0.0046451065
    0.0016784352
    0.0092527804
    0.0075863244
    0.0053105038
    0.0018963333
    0.0091587252
    0.0068321578
    0.0037067709
    0.0057308842
   -0.0048191544
    0.0003978242
    0.0025140429
   -0.0005322941
    0.0037251128
    0.0059620513
    0.0084290315
   -0.0012041185
    0.0038405814
    0.0066364200
    0.0084919998
    0.0105492450
   -0.0000602081
    0.0019702733
    0.0055363703
    0.0070085067
    0.0051635934
    0.0040755448
    0.0024240343
    0.0048866818
    0.0062546285
    0.0083007609
   -0.0033542284
   -0.0123201886
    0.0008152266
   -0.0028713298
   -0.0102384655
    0.0021836643
   -0.0035758895
    0.0093171567
    0.0113664371
    0.0093448484
    0.0045457971
    0.0104482990
    0.0070820602
    0.0087045145
    0.0052264733
    0.0019311299
