    0.0130409294
    0.0158148770
    0.0253263125
    0.0112764021
    0.0228144848
    0.0169017916
    0.0157482723
    0.0341676659
    0.0160425447
    0.0158404404
    0.0312480867
    0.0147248910
    0.0131190045
    0.0268184280
    0.0040282744
    0.0063374881
    0.0116920375
    0.0191168698
    0.0207693562
    0.0115108684
    0.0171004635
    0.0138807852
    0.0308658633
    0.0206726671
    0.0098618168
    0.0177870982
    0.0329277244
    0.0113551405
    0.0226384188
    0.0205648056
    0.0406004646
    0.0141468261
    0.0317379553
    0.0349211241
    0.0307304765
    0.0235886428
    0.0357598033
    0.0404059681
    0.0368996442
    0.0256884206
    0.0137380115
    0.0321055804
    0.0286279222
   -0.0145958109
   -0.0192492974
   -0.0198844040
   -0.0166392426
   -0.0044131201
    0.0025833456
   -0.0038806630
   -0.0030735105
   -0.0001125450
    0.0028466882
   -0.0294159800
   -0.0347088231
   -0.0351320558
   -0.0353814508
   -0.0341000813
   -0.0309958656
   -0.0282327981
   -0.0257700763
   -0.0255069259
   -0.0253987602
   -0.0409535646
   -0.0416664300
   -0.0417133269
   -0.0403629513
   -0.0376620804
   -0.0383087133
   -0.0422317453
   -0.0344894579
   -0.0180364211
   -0.0287635957
   -0.0363384693
   -0.0386302920
   -0.0348541324
   -0.0241676674
   -0.0056746123
   -0.0209352894
   -0.0312768012
   -0.0376207522
   -0.0387341353
   -0.0348024533
   -0.0271217247
   -0.0126041695
   -0.0126149271
   -0.0243442528
   -0.0310673023
   -0.0326444485
   -0.0286346035
   -0.0196235549
   -0.0041643028
    0.0008988014
   -0.0073751344
   -0.0072587435
   -0.0025238052
    0.0047546302
    0.0171009242
    0.0077135849
    0.0154761730
    0.0180679692
    0.0264715877
    0.0159404340
    0.0152358722
    0.0269861349
    0.0096983461
    0.0102168056
    0.0176014361
    0.0173645712
    0.0180626440
    0.0192977529
    0.0354193360
    0.0164396520
    0.0091411709
    0.0287586169
    0.0214850154
    0.0157582171
    0.0040063343
    0.0219688268
    0.0324745157
   -0.0120828841
    0.0036151138
    0.0009253607
    0.0211291424
    0.0040960999
    0.0049542570
   -0.0080964930
    0.0060734155
    0.0141064293
    0.0084005517
    0.0299405803
    0.0357164817
    0.0266403954
    0.0195303461
    0.0246023087
    0.0336063263
    0.0199627961
    0.0112369458
   -0.0060982805
    0.0096408511
    0.0232726525
    0.0318213640
    0.0386451140
    0.0365868941
    0.0339812850
    0.0443698400
    0.0416568109
    0.0381322794
    0.0343491688
    0.0327647717
    0.0374862715
    0.0381998143
    0.0403008863
    0.0219398841
    0.0372929868
    0.0301980842
    0.0159700756
    0.0099894229
    0.0185383367
    0.0038913534
    0.0138852905
    0.0176489415
    0.0063937650
    0.0151002071
    0.0208779435
    0.0035593161
    0.0114119832
    0.0037774225
    0.0028025978
   -0.0073319151
    0.0167644099
    0.0358684694
    0.0132598499
    0.0082271986
    0.0148743835
    0.0204976895
    0.0319385621
    0.0200280645
    0.0352942307
    0.0194864807
    0.0089246432
    0.0161479940
    0.0173880297
    0.0231718462
    0.0092459888
    0.0177447846
    0.0122220220
    0.0133867210
    0.0082921780
    0.0326486605
    0.0178597572
    0.0144552566
    0.0170767575
    0.0274644904
    0.0258054811
    0.0194945885
    0.0185712622
    0.0203527970
    0.0271336009
    0.0142675656
    0.0036357188
    0.0240106666
    0.0013158907
    0.0195161719
    0.0087593932
   -0.0044150973
   -0.0367103333
   -0.0275873581
   -0.0178170935
   -0.0300404530
   -0.0254183906
   -0.0432587064
   -0.0227330443
   -0.0047990487
   -0.0111676558
   -0.0260397295
   -0.0100500448
   -0.0242874301
   -0.0080349396
   -0.0106623378
   -0.0139073863
   -0.0021551589
   -0.0087868259
   -0.0248668897
   -0.0175238783
    0.0019238455
   -0.0306457714
   -0.0311847628
   -0.0082383945
   -0.0091685225
   -0.0001010199
   -0.0226799664
   -0.0155606389
   -0.0215407224
   -0.0189503525
   -0.0022825953
   -0.0184547525
    0.0149630391
    0.0022663815
    0.0098729050
    0.0034916084
    0.0098718037
    0.0124951665
    0.0091155393
    0.0114985581
   -0.0021751571
   -0.0031949485
   -0.0097384585
   -0.0022386592
    0.0042723162
    0.0042774734
   -0.0014385379
    0.0060031938
    0.0184839622
    0.0264996625
    0.0255715370
    0.0086178470
    0.0382226102
    0.0330432567
    0.0258492932
    0.0098354122
    0.0350871319
    0.0264841680
    0.0153365269
    0.0274610071
    0.0410732177
    0.0383960941
    0.0378599773
    0.0396796838
    0.0332440871
    0.0362183563
    0.0347943504
    0.0387459235
    0.0325212270
    0.0146726606
    0.0029974926
    0.0136521973
    0.0189587060
   -0.0083816122
    0.0046342767
    0.0067613948
    0.0025530333
   -0.0028629306
   -0.0098234085
   -0.0324122389
   -0.0292366921
   -0.0088680327
   -0.0472537374
   -0.0440100709
   -0.0374430091
   -0.0238441777
   -0.0469228018
   -0.0468874509
   -0.0441754810
   -0.0379916649
   -0.0184108576
   -0.0394228640
   -0.0440374722
   -0.0428325442
   -0.0301482739
   -0.0325498645
   -0.0379147583
   -0.0260959149
   -0.0019087178
   -0.0131318837
   -0.0236539102
   -0.0228218975
   -0.0065267756
   -0.0241582356
   -0.0347748908
   -0.0362260729
    0.0041587413
   -0.0183741194
   -0.0341347671
   -0.0404917550
   -0.0438352007
   -0.0444718262
   -0.0264358220
   -0.0376466523
   -0.0414120389
   -0.0442997634
   -0.0440580396
   -0.0203018373
   -0.0321438993
   -0.0347089239
   -0.0304626990
   -0.0129100655
   -0.0140337736
   -0.0026468392
   -0.0113594630
   -0.0054611242
   -0.0233311954
   -0.0277976881
   -0.0279332209
   -0.0197642763
   -0.0339077318
   -0.0359575822
   -0.0363521294
   -0.0327317981
    0.0051365823
   -0.0129552088
   -0.0271913062
   -0.0356880802
   -0.0369375445
   -0.0303033937
   -0.0116745588
   -0.0149951916
   -0.0269390491
   -0.0297458447
    0.0161789050
    0.0114785600
    0.0168252330
    0.0118111191
    0.0140709830
    0.0037383870
    0.0158886747
    0.0171745813
    0.0010329663
   -0.0072249389
    0.0186746430
    0.0147283184
    0.0160870348
    0.0161669756
    0.0181951733
    0.0112500779
    0.0081245206
    0.0010945700
    0.0001558623
   -0.0001929129
   -0.0080462537
    0.0006245798
    0.0025305844
    0.0038661853
   -0.0001592591
   -0.0064544801
    0.0006800709
    0.0076766177
    0.0070082234
    0.0000081204
   -0.0111110924
   -0.0021708130
    0.0029307269
    0.0055975757
    0.0016853992
    0.0065782003
    0.0048559229
    0.0023062975
    0.0063325386
   -0.0018610137
   -0.0014385246
   -0.0018982435
    0.0090460117
    0.0033110325
    0.0049298418
    0.0107826455
    0.0146689328
    0.0077143600
    0.0006093872
    0.0029756680
    0.0118015875
    0.0166611977
    0.0125676839
    0.0073205266
    0.0159685785
    0.0091541723
    0.0049089667
    0.0066393177
    0.0076578298
    0.0087158773
   -0.0015559799
    0.0076507154
    0.0090992284
    0.0073081057
    0.0073532350
    0.0045692958
    0.0067920561
    0.0080871710
    0.0033639834
   -0.0022321023
   -0.0207188208
   -0.0229707989
   -0.0213213450
   -0.0082576921
   -0.0054246069
   -0.0133095495
   -0.0011269841
   -0.0013223811
   -0.0019465518
   -0.0205269104
    0.0033755398
    0.0052761432
    0.0074051500
    0.0008150864
    0.0038287468
    0.0033594388
    0.0056638291
    0.0015936061
   -0.0013983665
   -0.0065322801
   -0.0012097294
   -0.0001550563
    0.0020651168
    0.0015210994
    0.0042352594
    0.0043586028
    0.0072633525
    0.0073198102
    0.0096307464
    0.0119392108
    0.0050514699
    0.0003559343
    0.0033953044
    0.0067004511
    0.0079665596
    0.0044140427
    0.0089173221
    0.0081194450
    0.0061788855
    0.0027954457
    0.0021042818
   -0.0003888445
   -0.0203089152
   -0.0216974571
   -0.0096970470
   -0.0014232847
   -0.0233906865
   -0.0138278027
   -0.0188783228
   -0.0040538323
   -0.0142690581
   -0.0028639550
   -0.0216967644
   -0.0083833595
   -0.0278475459
   -0.0013766073
   -0.0090943916
   -0.0147186157
   -0.0257675622
   -0.0280822537
   -0.0177787326
   -0.0096318627
   -0.0046729722
   -0.0073845835
   -0.0165597244
   -0.0238922010
   -0.0050119809
   -0.0169662669
   -0.0038814585
   -0.0276763877
   -0.0174030694
   -0.0149980926
    0.0061828068
   -0.0250354511
   -0.0105215788
   -0.0150051812
   -0.0045507815
    0.0097619764
    0.0068490909
    0.0118840883
    0.0106537249
    0.0049995947
    0.0105352635
    0.0108890502
    0.0065145175
   -0.0009751809
    0.0082063191
    0.0000148856
   -0.0108272562
   -0.0166464067
   -0.0116553165
   -0.0121893359
   -0.0093926556
   -0.0083403929
   -0.0073030677
   -0.0072860362
   -0.0077750085
    0.0082348879
    0.0042637984
    0.0057564088
    0.0080610048
   -0.0050788588
    0.0008838202
    0.0035812253
    0.0026282104
   -0.0102311524
   -0.0039743592
   -0.0012554773
   -0.0023082470
    0.0013902587
   -0.0052760903
   -0.0002213980
    0.0051229680
    0.0105186810
    0.0027883739
   -0.0086291970
   -0.0065725467
   -0.0004715003
    0.0053962595
   -0.0002545707
    0.0150897368
    0.0076691851
    0.0085995959
    0.0132476690
    0.0150099293
    0.0121737693
    0.0137033885
    0.0043191543
    0.0118142394
    0.0041005267
    0.0009875452
    0.0071738185
    0.0103967609
    0.0095693288
    0.0121773519
    0.0118792513
    0.0067871838
    0.0116283132
    0.0108646996
    0.0014636427
    0.0061036919
    0.0022243700
    0.0109566201
    0.0047137335
    0.0110727550
    0.0108226913
    0.0075302442
    0.0122132897
    0.0120507894
    0.0130208636
    0.0093332007
   -0.0021269942
    0.0018307405
    0.0116212004
    0.0083037689
    0.0227950936
    0.0121045485
    0.0121762894
    0.0137906051
    0.0104564077
    0.0098132958
    0.0151971326
    0.0127954436
    0.0153688204
    0.0056473478
    0.0116788946
    0.0151518551
    0.0261102432
   -0.0003559783
   -0.0022070042
    0.0111880047
    0.0145803392
    0.0120537255
    0.0105116178
    0.0164303143
    0.0128188262
    0.0042186441
    0.0126546936
    0.0008545785
    0.0096667439
    0.0110405560
    0.0205970209
    0.0135647772
    0.0182266147
    0.0185253653
    0.0183858252
    0.0206286735
    0.0186171464
    0.0136810021
    0.0197877498
    0.0264667290
    0.0295179042
    0.0288805330
    0.0249778491
    0.0231250347
    0.0289789698
    0.0294194373
    0.0248842797
    0.0161244124
    0.0208865004
    0.0128728056
   -0.0042011013
   -0.0053567489
   -0.0023594020
   -0.0171705514
   -0.0208605761
   -0.0211535878
   -0.0197134303
   -0.0146623566
   -0.0085179626
   -0.0087312474
   -0.0104155431
   -0.0092180586
   -0.0076446276
   -0.0043577521
   -0.0249781685
   -0.0291054394
   -0.0297736009
   -0.0294482776
   -0.0279372773
   -0.0257159381
   -0.0240318519
   -0.0225819001
   -0.0220774014
   -0.0218631107
   -0.0323867995
   -0.0335288108
   -0.0333024699
   -0.0319752787
   -0.0303281674
   -0.0305111936
   -0.0336220910
   -0.0247670064
   -0.0111081840
   -0.0209069047
   -0.0276847503
   -0.0294982374
   -0.0257524232
   -0.0157779062
   -0.0052106258
   -0.0172095867
   -0.0249346839
   -0.0294239800
   -0.0302598072
   -0.0274068598
   -0.0209695393
   -0.0082281778
    0.0008344148
   -0.0113935065
   -0.0197263766
   -0.0249769082
   -0.0273197055
   -0.0264141836
   -0.0223262428
   -0.0149966413
   -0.0031575550
   -0.0062319060
   -0.0113985496
   -0.0151347777
   -0.0161328977
   -0.0126139466
   -0.0033220896
    0.0028474213
   -0.0102129010
    0.0008072933
    0.0169178723
    0.0253805514
   -0.0012965301
    0.0100402286
    0.0144638361
    0.0166687914
    0.0140614334
    0.0099706641
    0.0115347313
    0.0150620085
    0.0199580299
    0.0177673369
    0.0196232701
    0.0333548322
    0.0307838825
    0.0174668352
    0.0107487674
    0.0058314896
    0.0077596731
    0.0266735263
   -0.0075827184
   -0.0123470104
   -0.0017821744
   -0.0058789045
    0.0126237737
    0.0135528134
    0.0007594703
    0.0001709008
   -0.0071330842
   -0.0104167320
    0.0053435843
    0.0074303063
    0.0025404625
    0.0243793301
    0.0297702398
    0.0236324547
    0.0176206657
    0.0164006082
    0.0230199885
    0.0291346634
    0.0263284268
    0.0187871882
    0.0121133906
   -0.0002093185
    0.0000090498
    0.0137201800
    0.0227585537
    0.0303040414
    0.0062335978
    0.0332337147
    0.0311940453
    0.0298904927
    0.0337340369
    0.0346310699
    0.0325215719
    0.0294419521
    0.0283002633
    0.0251641883
    0.0341200305
    0.0318623412
    0.0286070649
    0.0316424016
    0.0339899409
    0.0217920719
    0.0261544690
    0.0191785375
    0.0339475117
    0.0057760313
    0.0132871967
    0.0018553446
    0.0127166705
    0.0169064432
    0.0101519734
    0.0168507611
    0.0197939848
   -0.0015248591
    0.0059887997
   -0.0013478320
    0.0002951538
   -0.0112344189
    0.0166854787
    0.0215321772
    0.0064300814
    0.0058482138
    0.0098439787
    0.0200077878
    0.0286860033
    0.0154162592
    0.0285645093
    0.0165537545
    0.0083460828
    0.0140080836
    0.0172086963
    0.0197418709
    0.0280237607
    0.0202467946
    0.0127810686
    0.0090229917
    0.0113679914
    0.0074638358
    0.0259904554
    0.0171953043
    0.0100260410
    0.0124506522
    0.0181986427
    0.0272601037
    0.0059377537
   -0.0036838527
    0.0144482616
    0.0142611375
    0.0181501292
   -0.0023818006
    0.0207350866
    0.0029440943
    0.0177472893
    0.0029646609
    0.0124228836
    0.0041141776
   -0.0279762189
   -0.0270029928
   -0.0263677547
   -0.0263524650
   -0.0353695011
   -0.0233704288
   -0.0178190835
   -0.0128766111
   -0.0158478882
   -0.0001243269
   -0.0011427211
   -0.0063093621
   -0.0039534462
   -0.0191461262
   -0.0057172067
   -0.0175313354
   -0.0051903784
   -0.0087714721
   -0.0077570636
    0.0005730494
   -0.0142707901
   -0.0027517730
   -0.0288125976
   -0.0195852766
   -0.0303253314
   -0.0026497165
   -0.0030389064
   -0.0143293631
   -0.0119632639
   -0.0225247468
   -0.0161216580
    0.0072132279
   -0.0008846841
   -0.0114395687
    0.0172819836
    0.0087144165
    0.0017639718
    0.0012974520
    0.0064738779
    0.0023933425
    0.0030244861
    0.0099325777
    0.0079792987
    0.0068018081
    0.0076337476
   -0.0019054164
   -0.0110973751
   -0.0035770226
    0.0015543122
    0.0070199875
    0.0005430429
   -0.0034392061
    0.0032424080
    0.0144092953
    0.0222453795
    0.0161610622
    0.0007432818
    0.0289308677
    0.0241595392
    0.0157014847
   -0.0036125265
    0.0352632110
    0.0277213865
    0.0211748643
    0.0112287973
    0.0262037495
    0.0186624742
    0.0103387723
    0.0342830309
    0.0348681657
    0.0322669118
    0.0334237388
    0.0302839675
    0.0317139498
    0.0322432853
    0.0295899333
    0.0294150192
    0.0272662441
    0.0295777351
    0.0255410159
   -0.0043472943
    0.0086528285
    0.0150094942
   -0.0083711562
    0.0038389077
    0.0056946362
   -0.0081756699
   -0.0014869681
   -0.0008416341
   -0.0023878353
   -0.0070690380
   -0.0144083363
   -0.0239538794
   -0.0205937692
   -0.0045060182
   -0.0367493667
   -0.0335256270
   -0.0274442791
   -0.0151555855
   -0.0392464382
   -0.0378555626
   -0.0350154170
   -0.0295792238
   -0.0171821440
   -0.0344402193
   -0.0369820266
   -0.0360621814
   -0.0316602094
   -0.0172528813
   -0.0286721973
   -0.0340237132
   -0.0327254379
   -0.0205946364
   -0.0240455930
   -0.0282396516
   -0.0186240292
   -0.0032006384
   -0.0095493237
   -0.0173312387
   -0.0147926882
   -0.0035444905
   -0.0164180867
   -0.0250680714
   -0.0253439791
    0.0022246769
   -0.0124714778
   -0.0246189958
   -0.0307761998
   -0.0332595488
   -0.0322388390
   -0.0084187934
   -0.0244043656
   -0.0311116202
   -0.0342970631
   -0.0366435129
   -0.0191975231
   -0.0280190764
   -0.0314399094
   -0.0330708439
   -0.0091077868
   -0.0210488204
   -0.0237639103
   -0.0197410264
   -0.0052418547
   -0.0067469424
   -0.0008177561
   -0.0152268612
   -0.0161627693
   -0.0115287595
   -0.0223953540
   -0.0251333318
   -0.0251252882
   -0.0204204101
   -0.0271837392
   -0.0293106652
   -0.0292803329
   -0.0247289534
    0.0003111093
   -0.0118798643
   -0.0217482030
   -0.0275840967
   -0.0286970787
   -0.0224965037
   -0.0090863281
   -0.0120174990
   -0.0208978621
   -0.0228096338
    0.0131144410
    0.0099745719
    0.0126742551
    0.0119147610
    0.0091699521
    0.0141450954
    0.0107765003
    0.0146640306
    0.0088153919
   -0.0007533811
   -0.0021349026
    0.0148984085
    0.0200375302
    0.0150508136
    0.0138405871
    0.0125685569
    0.0138186579
    0.0136169202
    0.0151630154
    0.0054469070
    0.0058029729
    0.0141990873
    0.0086081530
    0.0100167504
    0.0014454349
    0.0038103388
   -0.0000241213
    0.0001317399
   -0.0043609856
    0.0005659570
    0.0015731619
   -0.0001847708
   -0.0036019050
    0.0022769203
    0.0040488243
    0.0024194136
   -0.0022483346
   -0.0096572059
    0.0068862658
    0.0002523614
   -0.0102375184
    0.0014404826
    0.0026904771
    0.0039238490
    0.0018213413
    0.0050174819
    0.0036794947
    0.0020596927
    0.0049917758
    0.0002652166
    0.0000468174
   -0.0004942901
    0.0037916439
    0.0006836445
   -0.0082932878
   -0.0041334529
    0.0073369653
    0.0035461683
    0.0040289221
    0.0069736661
    0.0111633809
    0.0102559285
    0.0060719252
    0.0011286221
    0.0028398984
    0.0071533040
    0.0104527304
   -0.0023623446
    0.0042405207
    0.0068131363
    0.0097253185
    0.0065214304
    0.0073441011
    0.0060264467
    0.0063089470
   -0.0027951741
    0.0014419121
    0.0063398069
    0.0070188681
    0.0063168657
    0.0069478810
    0.0056122519
    0.0048162533
    0.0059218690
    0.0067389326
    0.0043365257
    0.0062170772
    0.0041087326
   -0.0126816698
   -0.0069583965
   -0.0076108760
   -0.0129067211
   -0.0071007302
   -0.0004977598
   -0.0004204170
   -0.0007437240
   -0.0004421197
   -0.0114511654
    0.0029477781
    0.0037401201
    0.0054606599
    0.0014026724
    0.0029672287
    0.0031667183
    0.0052646626
    0.0016174602
    0.0000671480
   -0.0021353190
   -0.0045261347
    0.0001736559
   -0.0044768084
    0.0002758754
   -0.0003330156
    0.0013228044
    0.0031669025
    0.0037605392
    0.0026780767
    0.0054199338
    0.0071095752
    0.0075887245
    0.0089371373
    0.0113905848
    0.0040463213
    0.0010683516
    0.0027420045
    0.0045550778
    0.0060492214
    0.0053487998
    0.0029086640
    0.0068439472
    0.0060556908
    0.0044879819
    0.0021081920
    0.0050752060
    0.0031894199
    0.0013814535
   -0.0000709429
   -0.0175358123
   -0.0089670375
   -0.0058337429
    0.0032916986
   -0.0189025466
   -0.0118750632
   -0.0147061280
   -0.0040077177
   -0.0159905423
   -0.0071401327
   -0.0217293755
   -0.0029433171
   -0.0165514877
   -0.0105648806
   -0.0089413195
   -0.0061400270
   -0.0121195452
   -0.0190164792
   -0.0041485472
   -0.0124019081
   -0.0031649895
   -0.0238295384
   -0.0170853086
   -0.0154668137
   -0.0074069138
   -0.0053610745
    0.0042415311
   -0.0184595240
   -0.0172858157
    0.0041397466
   -0.0073812881
   -0.0105536549
   -0.0032571956
    0.0030091743
    0.0079184276
    0.0094854482
    0.0046602691
    0.0078916107
    0.0078009145
    0.0042611339
   -0.0029793472
    0.0076514046
    0.0040564268
   -0.0015403776
    0.0003615140
   -0.0147087122
   -0.0201519598
   -0.0142701435
   -0.0144111141
   -0.0099225323
   -0.0093190111
   -0.0079217980
   -0.0071091194
   -0.0077505153
    0.0072723089
    0.0037171530
    0.0052598556
   -0.0042686610
   -0.0015288599
    0.0019138168
    0.0033245668
   -0.0117733624
   -0.0063151755
   -0.0017781820
    0.0002031136
    0.0001011230
   -0.0085115411
   -0.0044716823
   -0.0030348193
   -0.0021749747
    0.0014526131
    0.0062932525
   -0.0028370803
    0.0011846038
    0.0049230488
    0.0087369241
    0.0006205285
   -0.0076727640
   -0.0069282715
   -0.0037809236
    0.0005055521
    0.0034794089
   -0.0014471234
    0.0026833127
    0.0128013891
    0.0127600273
    0.0102935346
    0.0063353735
    0.0057691707
    0.0100902250
    0.0110621275
    0.0098776534
    0.0052711252
    0.0087246376
    0.0020751698
    0.0060730952
    0.0039581939
    0.0067842482
    0.0083908896
    0.0085336006
    0.0069024915
    0.0084759165
    0.0093998424
    0.0089918920
    0.0058206532
   -0.0013998756
    0.0086210668
    0.0079537254
    0.0035007162
    0.0077693861
    0.0041309058
   -0.0010035243
    0.0052774169
    0.0050425288
    0.0080739409
    0.0064173079
    0.0094254764
    0.0091811060
    0.0067213100
    0.0096679767
    0.0099150421
    0.0095965661
    0.0076056849
    0.0012082674
   -0.0018645068
    0.0043184234
    0.0089709937
    0.0059084285
    0.0109241167
    0.0077157048
    0.0097605424
    0.0109829121
    0.0090682750
    0.0149417532
    0.0107597082
    0.0121971541
    0.0197780375
    0.0106302088
    0.0110057980
    0.0120704292
    0.0060400221
    0.0143909955
    0.0051282745
    0.0050602335
    0.0157097648
    0.0037657497
    0.0057417298
    0.0074082299
    0.0107143612
    0.0061523281
    0.0176064045
    0.0170993839
    0.0138835870
    0.0077655084
    0.0055844933
    0.0147468058
    0.0091592333
    0.0092093828
    0.0181520873
    0.0104575758
    0.0102213680
    0.0161758866
    0.0177184020
    0.0141183612
    0.0134180974
    0.0100602283
    0.0190945230
    0.0222261409
    0.0228358417
    0.0210851654
    0.0175851631
    0.0148256780
    0.0209042034
    0.0230616449
    0.0215804313
    0.0170912531
    0.0094239067
    0.0143239126
   -0.0032911724
   -0.0016295355
   -0.0121790543
   -0.0161482200
   -0.0165319240
   -0.0153249624
   -0.0113622373
   -0.0049411256
   -0.0024502639
   -0.0052756398
   -0.0064372225
   -0.0052780611
   -0.0035952296
   -0.0186322958
   -0.0229216166
   -0.0239890779
   -0.0235939116
   -0.0221443474
   -0.0199867699
   -0.0187064701
   -0.0178931900
   -0.0169928183
   -0.0162513184
   -0.0155432237
   -0.0258621990
   -0.0272217990
   -0.0268454726
   -0.0254739149
   -0.0241841450
   -0.0241761227
   -0.0272268457
   -0.0178776019
   -0.0040315808
   -0.0145985410
   -0.0213207120
   -0.0229539599
   -0.0190286920
   -0.0086016186
    0.0006286994
   -0.0105179575
   -0.0175879188
   -0.0219969171
   -0.0238657943
   -0.0230148540
   -0.0193952739
   -0.0123226788
   -0.0057735547
   -0.0128552434
   -0.0174358769
   -0.0200771723
   -0.0206864779
   -0.0189811412
   -0.0147720016
   -0.0075733051
    0.0034792308
   -0.0011910962
   -0.0047783407
   -0.0077571510
   -0.0101061405
   -0.0100275667
   -0.0061073774
    0.0040068996
   -0.0019419783
    0.0038695242
    0.0168628218
   -0.0118573022
   -0.0018095030
    0.0143572110
    0.0195404034
    0.0046812037
    0.0109044273
    0.0165175062
    0.0320992118
    0.0103823223
    0.0086244204
    0.0139192291
    0.0201588888
    0.0082306506
    0.0127302957
    0.0162553801
    0.0233990849
    0.0182886284
    0.0193945145
    0.0308447187
    0.0167916115
    0.0119001507
    0.0298998246
    0.0089788421
    0.0077119308
    0.0076968070
    0.0000815660
   -0.0056336029
   -0.0063863547
    0.0110451682
    0.0095831630
   -0.0027183603
   -0.0033624383
   -0.0116593268
    0.0017890804
    0.0039897615
   -0.0012678123
    0.0204158848
    0.0261402626
    0.0200517309
    0.0137367549
    0.0122997364
    0.0191657466
    0.0254437791
    0.0170066592
    0.0111782082
    0.0001723551
    0.0020221240
    0.0141178656
    0.0217244642
    0.0289964279
    0.0291292089
    0.0270158697
    0.0260062449
    0.0299294990
    0.0307325324
    0.0284124111
    0.0253863497
    0.0246558167
    0.0222734374
    0.0310253344
    0.0204546188
    0.0101779165
    0.0075621935
    0.0188773786
    0.0124889738
    0.0014678622
    0.0045344446
    0.0002535345
    0.0166690081
    0.0084194619
    0.0149420190
    0.0168066777
   -0.0035574754
    0.0043227977
   -0.0043275198
   -0.0013765103
    0.0162952909
    0.0124780901
    0.0143310658
    0.0029743012
    0.0067555576
    0.0263158672
    0.0302627504
    0.0197773951
    0.0130905473
    0.0143521550
    0.0078257299
    0.0125362452
    0.0167482354
    0.0173813373
    0.0200073492
    0.0247080132
    0.0058150093
    0.0164381172
    0.0104684896
    0.0076469214
    0.0070817051
    0.0162188722
    0.0097620765
    0.0141285239
    0.0207245306
   -0.0006385979
   -0.0005325262
    0.0114155618
    0.0209885967
    0.0161449940
    0.0027163446
    0.0141255092
    0.0037833632
    0.0002547786
    0.0080356381
    0.0016285167
   -0.0192513861
   -0.0252767723
   -0.0193259673
   -0.0293943492
   -0.0276161082
   -0.0194234485
   -0.0134415891
   -0.0075516365
   -0.0106215670
    0.0010354579
   -0.0032507107
   -0.0024950804
   -0.0156143850
   -0.0116642316
   -0.0046087787
   -0.0142818345
   -0.0036557471
   -0.0067551266
    0.0024911867
   -0.0091303042
   -0.0005310102
   -0.0178585497
   -0.0119285592
   -0.0192861562
   -0.0128463759
   -0.0288288753
   -0.0287698260
    0.0007878535
   -0.0083514549
   -0.0055343183
   -0.0136581426
   -0.0124212581
   -0.0181439874
   -0.0018566943
   -0.0111929519
    0.0125977841
    0.0042341578
    0.0040717753
   -0.0000249964
    0.0004246604
    0.0075958833
    0.0058575966
    0.0045841379
    0.0050907747
   -0.0026570938
   -0.0077693321
   -0.0054595333
   -0.0001222230
   -0.0005851682
   -0.0051472937
    0.0015508020
    0.0117372891
    0.0194760685
    0.0126584370
    0.0278576217
    0.0235780725
    0.0178879117
    0.0079847722
    0.0278683774
    0.0215606421
    0.0148227656
    0.0039287001
    0.0281755834
    0.0201119040
    0.0132154399
    0.0057915871
    0.0315361337
    0.0289454499
    0.0303255263
    0.0271745393
    0.0276996406
    0.0289249916
    0.0258387206
    0.0249509884
    0.0257373553
    0.0221522771
    0.0040255232
    0.0104690899
   -0.0008488503
    0.0025539806
   -0.0056686030
   -0.0034745890
   -0.0050886484
   -0.0099720041
   -0.0161580380
   -0.0310224315
   -0.0276347119
   -0.0230812002
   -0.0145031846
   -0.0324313418
   -0.0310344399
   -0.0289830271
   -0.0248138168
   -0.0159135350
   -0.0274713723
   -0.0301064653
   -0.0296950496
   -0.0264076288
   -0.0165887023
   -0.0224110082
   -0.0274608877
   -0.0269467137
   -0.0193807191
   -0.0186971869
   -0.0224571092
   -0.0138479477
   -0.0059749863
   -0.0131820382
   -0.0091827037
    0.0002135043
   -0.0108782429
   -0.0187764015
   -0.0186801234
   -0.0010295233
   -0.0121000167
   -0.0207352070
   -0.0249832906
   -0.0263743416
   -0.0093905533
   -0.0205056858
   -0.0254940888
   -0.0280593934
   -0.0300545642
   -0.0167587663
   -0.0229662672
   -0.0257273840
   -0.0272114152
   -0.0097969267
   -0.0171763545
   -0.0188250672
   -0.0159663030
   -0.0027074544
    0.0014410100
   -0.0107262873
   -0.0122609665
   -0.0095713740
   -0.0170082605
   -0.0198785837
   -0.0200833419
   -0.0171599314
   -0.0213888741
   -0.0235596473
   -0.0238042159
   -0.0211216916
    0.0084166696
   -0.0006925737
   -0.0100282712
   -0.0170561210
   -0.0220997981
   -0.0231591274
   -0.0173498367
   -0.0084065020
   -0.0162066892
   -0.0179560805
    0.0110929665
    0.0084217354
    0.0105812506
    0.0096013826
    0.0071757360
    0.0072169686
    0.0122462892
    0.0105911088
    0.0017008114
   -0.0041821246
   -0.0023756162
    0.0106442651
    0.0185973255
    0.0125533641
    0.0105909875
    0.0115743517
    0.0112148220
    0.0125778001
    0.0089331202
    0.0063903449
    0.0024096603
    0.0019683194
    0.0040327110
    0.0004692381
    0.0009727298
    0.0001322316
    0.0010345750
   -0.0000373593
   -0.0025210604
    0.0015046838
    0.0029645038
    0.0017281111
   -0.0018905255
   -0.0077977523
    0.0062324459
    0.0004910644
   -0.0083927388
    0.0027923674
    0.0032007609
    0.0016495101
    0.0044876021
    0.0025471961
    0.0015536411
    0.0036761370
   -0.0009184078
   -0.0005502848
   -0.0003198012
    0.0019033004
   -0.0007701630
    0.0063153472
    0.0033186819
    0.0034534502
    0.0058695400
    0.0097056984
    0.0090134058
    0.0055492391
    0.0017291579
    0.0041506536
    0.0045653376
    0.0066038068
    0.0087236509
    0.0057800261
    0.0046391633
    0.0049263639
    0.0058442347
   -0.0029325820
    0.0056204452
    0.0058196376
    0.0054169547
    0.0058085083
    0.0045407830
    0.0050005094
    0.0054380944
   -0.0116648080
   -0.0007497292
   -0.0067102305
   -0.0040308806
   -0.0065986059
   -0.0114388128
   -0.0061528620
    0.0002810220
    0.0001308917
   -0.0003404289
   -0.0005205803
    0.0028898260
    0.0030029607
    0.0048048726
    0.0013344438
    0.0019867637
    0.0020263545
    0.0036739731
    0.0013065403
   -0.0007043927
   -0.0030901620
   -0.0058813690
    0.0000029383
   -0.0047346957
    0.0017187349
    0.0028409422
    0.0030662976
    0.0021345307
    0.0030915250
    0.0049329861
    0.0060807064
    0.0065556452
    0.0077028751
    0.0100252734
    0.0035922398
    0.0042435339
    0.0051333497
    0.0043609556
    0.0024811746
    0.0062029567
    0.0053934477
    0.0044515752
    0.0031208078
    0.0013939153
    0.0034068487
    0.0021659820
    0.0009349338
   -0.0133408971
   -0.0199453533
   -0.0061351504
   -0.0017818233
   -0.0148156581
   -0.0095184443
   -0.0017724913
   -0.0032863269
   -0.0111288393
   -0.0053728246
   -0.0066448337
   -0.0000713414
   -0.0032100996
   -0.0142326557
   -0.0097511416
   -0.0095743700
   -0.0051103976
   -0.0003798022
   -0.0027906915
   -0.0047505290
   -0.0089692282
   -0.0142678351
   -0.0031477464
   -0.0088857942
   -0.0022247943
   -0.0152119925
   -0.0088506756
   -0.0072016562
   -0.0013974572
   -0.0131026743
   -0.0120308552
    0.0027175543
   -0.0049379995
   -0.0072844562
   -0.0021003442
    0.0013338637
    0.0054168978
    0.0031333314
    0.0057773965
    0.0057274587
    0.0029971823
   -0.0031956016
    0.0062562880
    0.0031638773
   -0.0016624009
   -0.0186074555
   -0.0126779741
   -0.0120460467
   -0.0091107886
   -0.0089488418
   -0.0076163180
   -0.0069780628
   -0.0072246047
    0.0029800702
    0.0043764258
   -0.0042165236
   -0.0008314567
    0.0016731699
    0.0027004247
   -0.0100846944
   -0.0047639589
   -0.0014022105
   -0.0000634842
   -0.0000400447
   -0.0065137547
   -0.0035706449
   -0.0009482001
    0.0021021244
   -0.0015773281
    0.0015845720
    0.0047414667
   -0.0000816083
   -0.0082992488
   -0.0066722080
   -0.0038255355
   -0.0001149638
    0.0025955723
   -0.0019513758
    0.0011697712
    0.0101457712
    0.0078625145
    0.0046740248
    0.0063706357
    0.0086161036
    0.0088808051
    0.0080842861
    0.0040236494
    0.0071391602
    0.0007779925
    0.0041176288
    0.0028325809
    0.0049626393
    0.0063266078
    0.0067304625
    0.0061324914
    0.0068072253
    0.0072728145
    0.0070891281
    0.0051904598
    0.0007988356
    0.0069440986
    0.0060763296
    0.0022638070
    0.0029921522
    0.0039349164
    0.0038272025
    0.0063124936
    0.0048585369
    0.0074534162
    0.0074398051
    0.0067608331
    0.0079778055
    0.0078573335
    0.0075829902
    0.0060450502
    0.0004561139
    0.0031561648
    0.0070749965
    0.0044466141
    0.0106449650
    0.0076120199
    0.0086059690
    0.0067815078
    0.0069149384
    0.0061463020
    0.0101827361
    0.0127948890
    0.0094351260
    0.0113732227
    0.0028637388
    0.0112208123
    0.0075484243
    0.0133437148
    0.0068988642
    0.0071404918
    0.0167118968
   -0.0018229136
   -0.0016694650
    0.0007506213
    0.0102323257
    0.0007099073
    0.0027020425
    0.0052054147
    0.0099488570
    0.0146114616
    0.0032887560
    0.0102745759
    0.0058288590
    0.0004374702
    0.0067469255
    0.0067505289
    0.0123595015
    0.0081514418
    0.0105974240
    0.0157171691
    0.0183442753
    0.0053572011
    0.0149325481
    0.0155823979
    0.0146357001
    0.0124976560
    0.0138228854
    0.0172382593
    0.0188139659
    0.0185293135
    0.0166609104
    0.0084178469
    0.0144906808
    0.0167100485
    0.0157106340
    0.0074644016
   -0.0074339838
   -0.0084231923
   -0.0080751296
   -0.0060317927
   -0.0003967388
   -0.0130711359
   -0.0158897171
   -0.0162009704
   -0.0154434389
   -0.0133947881
   -0.0099563701
   -0.0071099535
   -0.0070650795
   -0.0080854250
   -0.0079990539
   -0.0070531245
   -0.0055669113
   -0.0169741654
   -0.0197721670
   -0.0207206874
   -0.0204877490
   -0.0195211432
   -0.0180044041
   -0.0167317051
   -0.0160686860
   -0.0154897704
   -0.0149066240
   -0.0144435998
   -0.0145776477
   -0.0214923438
   -0.0226560812
   -0.0222488662
   -0.0210629718
   -0.0201247249
   -0.0201134123
   -0.0224312638
   -0.0129523466
   -0.0105816003
   -0.0164063675
   -0.0177208041
   -0.0141174056
   -0.0052444109
   -0.0070669597
   -0.0129669250
   -0.0167776943
   -0.0188200155
   -0.0190676167
   -0.0174097901
   -0.0135917076
   -0.0067023276
   -0.0050277706
   -0.0105342055
   -0.0143225454
   -0.0166895669
   -0.0176950761
   -0.0171995494
   -0.0150402788
   -0.0109686794
   -0.0044124826
   -0.0012510689
   -0.0057895160
   -0.0086470435
   -0.0106688141
   -0.0119825772
   -0.0121885376
   -0.0108071992
   -0.0074448325
   -0.0017304504
    0.0023134104
   -0.0008041821
   -0.0013023542
   -0.0012425447
    0.0032691123
   -0.0055610263
   -0.0000330669
    0.0156716768
   -0.0048395894
    0.0092675020
    0.0123667460
    0.0149027549
    0.0075236812
    0.0215679836
    0.0156430612
    0.0283416717
    0.0108423670
    0.0082184801
    0.0152176798
    0.0210952264
    0.0088585467
    0.0082825120
    0.0119767125
    0.0174955692
    0.0175813459
    0.0185400180
    0.0280097671
    0.0167063753
    0.0129119908
    0.0288848132
    0.0157754220
    0.0102155676
    0.0083205477
    0.0037196239
    0.0041505621
    0.0228284408
   -0.0069122896
   -0.0097747575
    0.0070127417
    0.0055986683
   -0.0038554764
   -0.0053170210
   -0.0012397325
    0.0011074168
   -0.0037617610
    0.0174396875
    0.0223751470
    0.0174266088
    0.0119985950
    0.0108729909
    0.0165221572
    0.0218527179
    0.0154974159
    0.0099597633
    0.0016609946
    0.0032091393
    0.0125524823
    0.0193425002
    0.0253495713
    0.0110995027
    0.0258232067
    0.0239844234
    0.0233662306
    0.0273772385
    0.0252973327
    0.0227920159
    0.0218411831
    0.0204948447
    0.0275730966
    0.0191031360
    0.0100012496
    0.0198752642
    0.0081693523
    0.0036077690
   -0.0010328062
    0.0162896249
    0.0077573049
    0.0138084913
    0.0064890836
    0.0127036638
   -0.0047025963
    0.0032802527
    0.0031262738
    0.0008541830
   -0.0060768509
   -0.0025985490
    0.0154866417
    0.0120564959
    0.0165848448
    0.0099662397
    0.0045516660
    0.0241404098
    0.0267127463
    0.0183687753
    0.0164869663
    0.0113586815
    0.0073387110
    0.0055437588
    0.0123211148
    0.0070211916
    0.0113140425
    0.0158872709
    0.0154604833
    0.0101501521
    0.0193465813
    0.0220737102
    0.0198718576
    0.0150646970
    0.0091761383
    0.0047332317
    0.0139134688
    0.0090388058
    0.0067693584
    0.0066117276
    0.0149365146
    0.0158526029
    0.0088839245
    0.0078317025
    0.0117561962
    0.0166728034
    0.0095808413
    0.0013973439
    0.0010022123
    0.0092976131
    0.0092411387
    0.0168964025
    0.0125673191
    0.0027761316
    0.0118577304
    0.0041416564
    0.0121006421
    0.0051324706
    0.0001066732
   -0.0224337997
   -0.0221554272
   -0.0216735324
   -0.0132600187
   -0.0092656943
   -0.0057499964
   -0.0072308589
    0.0019961084
   -0.0015552954
   -0.0014876631
   -0.0068710371
   -0.0188121063
   -0.0082094702
   -0.0099223448
   -0.0029904456
   -0.0051760657
    0.0035948828
   -0.0061495646
   -0.0009521762
   -0.0094672883
   -0.0137713506
   -0.0101292334
   -0.0006643493
   -0.0176493903
    0.0029100220
   -0.0040191682
   -0.0037772910
   -0.0003687599
   -0.0111278640
   -0.0119002810
   -0.0019080059
   -0.0087907860
    0.0097436767
    0.0041353275
    0.0007232444
    0.0024639981
   -0.0006637522
   -0.0001465581
    0.0053129903
    0.0044529674
    0.0032616862
    0.0033197237
   -0.0026375814
   -0.0065944283
   -0.0050140543
   -0.0008376371
   -0.0007311858
   -0.0048702413
    0.0004468946
    0.0164604540
    0.0099338257
    0.0196966591
    0.0142539575
    0.0048176652
    0.0268687543
    0.0211635526
    0.0158243664
    0.0084240772
    0.0227572981
    0.0169354833
    0.0106436340
    0.0015156488
    0.0173932918
    0.0114443616
    0.0266267084
    0.0275756440
    0.0249442637
    0.0258886821
    0.0229978302
    0.0235424955
    0.0234110447
    0.0223363204
    0.0212254662
    0.0227265309
    0.0028931348
   -0.0041417499
    0.0023244011
    0.0049833462
   -0.0046567539
   -0.0026106881
   -0.0100754278
   -0.0072266162
   -0.0074201353
   -0.0070974570
   -0.0125730357
   -0.0117540038
   -0.0218998709
   -0.0183056680
   -0.0122301843
   -0.0022510473
   -0.0254351957
   -0.0235003798
   -0.0201028998
   -0.0137787499
   -0.0029661025
   -0.0255536778
   -0.0251729974
   -0.0233828505
   -0.0192616419
   -0.0105680073
   -0.0203391301
   -0.0239463549
   -0.0244283959
   -0.0223852981
   -0.0158940879
   -0.0170718803
   -0.0215684427
   -0.0218361398
   -0.0176982381
   -0.0144981905
   -0.0175969172
   -0.0114446727
   -0.0050181782
   -0.0104806391
   -0.0053256893
    0.0015256477
   -0.0070816186
   -0.0134012128
   -0.0127207359
    0.0031483778
   -0.0042666389
   -0.0118305442
   -0.0170715979
   -0.0194993875
   -0.0194904172
   -0.0114442480
   -0.0178987309
   -0.0211896498
   -0.0228722775
   -0.0242621445
   -0.0044090323
   -0.0144616295
   -0.0192824164
   -0.0218172981
   -0.0235018329
   -0.0256203365
   -0.0130276311
   -0.0175830035
   -0.0196538183
   -0.0206123176
   -0.0076855801
   -0.0121408198
   -0.0127933584
   -0.0033554148
   -0.0057334904
   -0.0042822425
   -0.0118160788
   -0.0134836325
   -0.0129498031
   -0.0100626431
   -0.0135918814
   -0.0164927954
   -0.0180201201
   -0.0180365802
   -0.0161183166
   -0.0180378562
   -0.0197463109
   -0.0199857998
   -0.0183479691
   -0.0125304937
    0.0024903648
   -0.0037462190
   -0.0098864849
   -0.0147519045
   -0.0179051991
   -0.0187860603
   -0.0142202808
   -0.0073906731
   -0.0132280272
   -0.0145688203
    0.0096375530
    0.0080476967
    0.0091171922
    0.0082705081
    0.0067563340
    0.0068264100
    0.0102311934
    0.0089744201
    0.0030684553
   -0.0009629058
    0.0006245124
    0.0129114815
    0.0131950898
    0.0107017151
    0.0094401875
    0.0099858542
    0.0097707206
    0.0107848650
    0.0051863322
    0.0087016173
    0.0081891003
    0.0066520774
    0.0084832752
    0.0026260396
    0.0023125947
    0.0040859485
    0.0012707870
    0.0009264161
    0.0003592810
    0.0003374260
   -0.0000132643
    0.0001944343
   -0.0048340932
    0.0004890654
   -0.0002275045
    0.0014286599
    0.0009189442
   -0.0011287736
   -0.0044779922
    0.0035462449
    0.0018509871
   -0.0019787926
   -0.0080299150
   -0.0004791787
    0.0027767555
    0.0039359968
    0.0022786259
    0.0014939357
    0.0033175275
    0.0003074890
    0.0002607603
    0.0001662708
    0.0029962389
    0.0008021314
   -0.0045038573
   -0.0025882123
   -0.0055740256
    0.0056047125
    0.0034881358
    0.0034523940
    0.0052892148
    0.0081222206
    0.0077200389
    0.0052334717
    0.0023308066
    0.0045118499
    0.0001396152
    0.0070771224
    0.0047084330
    0.0078746392
    0.0053714201
    0.0049144140
    0.0045407230
    0.0050753642
    0.0004448313
    0.0033032576
    0.0051375691
    0.0050112750
    0.0049972203
    0.0057366738
    0.0044790815
    0.0045208127
    0.0047542313
    0.0044088337
    0.0033467458
   -0.0106293278
   -0.0152161727
    0.0001082418
   -0.0091754312
   -0.0013235099
   -0.0075243190
   -0.0049063616
   -0.0056495069
   -0.0098525833
   -0.0067750986
   -0.0052919369
    0.0028211380
    0.0016144133
    0.0008534370
    0.0004861127
    0.0001468351
    0.0007360590
    0.0005630472
    0.0002332002
    0.0004074609
    0.0010557680
    0.0001187155
   -0.0104595647
    0.0028924664
    0.0026368924
    0.0042656304
    0.0015401377
    0.0018522442
    0.0022168939
    0.0013255259
    0.0001414279
   -0.0010230076
   -0.0018741831
    0.0005094740
   -0.0025770581
   -0.0067788439
   -0.0006043273
    0.0011965521
    0.0016600185
    0.0015725824
    0.0012855604
    0.0013282412
    0.0027354077
    0.0035641546
    0.0037860783
    0.0032570001
    0.0049086078
    0.0060523300
    0.0072140138
    0.0033384385
    0.0040973495
    0.0044143636
    0.0037013149
    0.0024148489
    0.0045993625
    0.0038619774
    0.0028718570
    0.0016302661
    0.0040043530
    0.0030434466
    0.0021913163
    0.0012068472
    0.0016525986
    0.0010874419
   -0.0097019581
   -0.0107464997
   -0.0057339232
   -0.0034908213
   -0.0115527142
   -0.0075552265
   -0.0018237898
   -0.0025601463
   -0.0108822829
   -0.0057080828
   -0.0006130483
    0.0003761129
   -0.0032288611
   -0.0118262866
   -0.0089798408
   -0.0057306752
   -0.0022813721
   -0.0046398022
   -0.0017164467
    0.0008426532
   -0.0016612638
   -0.0037392334
   -0.0068244011
   -0.0023921484
   -0.0064174952
   -0.0015075945
   -0.0130148563
   -0.0088033941
   -0.0075170333
   -0.0035882121
   -0.0005874615
   -0.0024432908
    0.0021257297
   -0.0111762981
   -0.0093632263
   -0.0085121836
   -0.0041100307
    0.0020408563
   -0.0033191730
   -0.0050711147
   -0.0013174312
    0.0004276674
    0.0039010814
    0.0037290012
    0.0044443364
    0.0030809726
    0.0050806751
    0.0041444866
    0.0014774375
   -0.0036152909
    0.0049277208
    0.0013939718
   -0.0027120066
   -0.0175298335
   -0.0140528781
   -0.0099773651
   -0.0079681972
   -0.0063285948
    0.0032042984
    0.0041189037
   -0.0024729738
   -0.0003655662
    0.0016985418
    0.0029740647
   -0.0113172221
   -0.0064045414
   -0.0023689294
   -0.0000865941
    0.0008709729
    0.0009489400
   -0.0088278164
   -0.0044437503
   -0.0020064091
   -0.0009479006
   -0.0019977068
    0.0004219518
    0.0030450854
   -0.0013482695
    0.0012372716
    0.0037530929
   -0.0008347882
   -0.0057678654
   -0.0034239363
   -0.0005256417
    0.0015288382
   -0.0021496503
    0.0052350834
    0.0019050689
    0.0082311158
    0.0079686263
    0.0067977927
    0.0051606126
    0.0042602498
    0.0065025184
    0.0071513259
    0.0072465874
    0.0028216371
    0.0056203086
   -0.0001992624
    0.0022173332
    0.0039145257
    0.0051392095
    0.0039887971
    0.0048761938
    0.0054857097
    0.0053551106
    0.0042182280
    0.0060422963
    0.0059209580
    0.0054181869
    0.0036172414
    0.0000848196
    0.0054656852
    0.0045066888
    0.0014948250
    0.0022544098
    0.0007472644
    0.0033733002
    0.0017699811
    0.0047290186
    0.0048401435
    0.0073569511
    0.0060543295
    0.0052485073
    0.0063862778
    0.0063328131
    0.0051044979
    0.0064963204
    0.0066104691
    0.0059547302
    0.0047006259
    0.0025268375
    0.0055050757
    0.0034665796
