    0.0115932204
    0.0027771199
   -0.0001717743
    0.0014032167
    0.0045429354
    0.0094447817
    0.0152336577
    0.0050035717
    0.0098569156
    0.0120542826
    0.0116076692
    0.0018696280
    0.0062850664
    0.0077720159
    0.0060082802
    0.0021380258
    0.0011789154
   -0.0243123867
   -0.0522225761
   -0.0313497220
    0.0054012229
   -0.0360362169
   -0.0622994497
   -0.0490972554
   -0.0292813316
   -0.0545907479
   -0.0476099449
   -0.0373417487
   -0.0158970864
   -0.0235273247
   -0.0420554398
    0.0065304478
    0.0055085679
    0.0025347529
    0.0005667524
    0.0002294152
    0.0012897089
    0.0039028906
    0.0061649243
    0.0079788756
    0.0062134018
    0.0043661723
    0.0048487170
    0.0070401943
    0.0076323071
   -0.0111022434
   -0.0122914058
    0.0084500453
    0.0023025708
   -0.0038551734
   -0.0029227027
    0.0069454703
    0.0056922586
    0.0023566712
    0.0022115679
    0.0055817642
    0.0066415472
   -0.0101222085
   -0.0029052824
    0.0031954371
    0.0125472841
   -0.0011127026
    0.0034486438
    0.0061097441
    0.0076499312
    0.0031165243
    0.0059602633
    0.0062466441
    0.0139840636
    0.0130642416
    0.0127769760
    0.0120872508
    0.0084492683
    0.0032537896
    0.0056871504
    0.0075281811
    0.0083038531
    0.0054280956
    0.0020837190
    0.0023815956
   -0.0023779952
    0.0129310111
    0.0157547119
   -0.0001447953
    0.0196181688
    0.0225390324
    0.0207804486
    0.0088822330
    0.0149153167
    0.0220452122
    0.0224081835
    0.0136726964
   -0.0039649046
    0.0029380868
    0.0154622316
   -0.0112493782
    0.0131453551
    0.0217998049
    0.0215657019
    0.0200283606
    0.0170992883
    0.0233107573
    0.0205266396
    0.0010247287
    0.0040458616
    0.0001169245
    0.0002338361
   -0.0180779716
    0.0040606869
    0.0130041586
    0.0182768400
    0.0078011651
    0.0104008776
    0.0118674916
    0.0129176721
    0.0050208362
    0.0072965399
    0.0081348771
    0.0075944992
    0.0068285265
    0.0025189077
    0.0045256148
    0.0046427068
    0.0033881491
    0.0013812397
   -0.0182761508
   -0.0366238738
   -0.0234063921
   -0.0039030919
    0.0013748318
   -0.0262978538
   -0.0461274029
   -0.0371961126
   -0.0172568206
   -0.0236232836
   -0.0409368310
   -0.0424484531
   -0.0354477599
   -0.0201126408
   -0.0076703008
   -0.0262800425
   -0.0389619924
    0.0052426127
    0.0047572315
    0.0033128412
    0.0018131082
    0.0010273247
    0.0009519351
    0.0014778200
    0.0026299447
    0.0041654068
    0.0051444239
    0.0060591112
    0.0052465638
    0.0040603627
    0.0037566245
    0.0045214203
    0.0056995555
    0.0056744172
   -0.0185963009
    0.0044540420
   -0.0028729153
   -0.0097322762
   -0.0073319959
    0.0066780771
    0.0037553686
    0.0008530898
   -0.0029349921
   -0.0016512461
    0.0050254937
    0.0038478396
    0.0013968028
    0.0021009119
    0.0046054481
    0.0038412913
   -0.0163239027
   -0.0089521574
   -0.0020040857
    0.0087766927
   -0.0056634836
   -0.0017862064
    0.0015864011
    0.0047358312
    0.0089037110
   -0.0004757182
    0.0023159477
    0.0043434085
    0.0053511787
   -0.0020866508
    0.0025502872
    0.0042019484
    0.0176246493
    0.0116229583
    0.0139210148
    0.0121202780
    0.0096944877
    0.0064456427
    0.0077157348
    0.0085695986
    0.0083944042
    0.0066885430
    0.0037847198
    0.0044725143
    0.0053942106
    0.0044381295
    0.0017783996
    0.0018286674
   -0.0040075806
    0.0101859583
    0.0075621207
   -0.0069763461
    0.0161718996
    0.0163980131
    0.0121432994
    0.0003154926
    0.0166594379
    0.0185993528
    0.0171776821
    0.0111117421
   -0.0018002496
    0.0163882862
   -0.0044581009
    0.0080513858
    0.0094712442
    0.0044486725
    0.0136846951
    0.0163393516
    0.0157451874
    0.0038554012
    0.0138431017
    0.0180926193
    0.0180886696
    0.0156169749
    0.0119898739
    0.0176781836
    0.0094046520
    0.0026713450
    0.0033297291
    0.0011725997
    0.0031215632
    0.0017864468
    0.0012801982
    0.0008076868
    0.0008958109
    0.0014056075
   -0.0231045244
   -0.0100968242
    0.0005869624
    0.0127971386
    0.0063869112
    0.0082039084
    0.0097843456
    0.0108400771
    0.0119347746
    0.0036396304
    0.0054482855
    0.0066619894
    0.0069292433
    0.0064434168
    0.0032380308
    0.0041490845
    0.0038896232
   -0.0140605574
   -0.0266554030
   -0.0178537850
   -0.0046743124
   -0.0005436969
   -0.0055810028
   -0.0197461113
   -0.0344554041
   -0.0282653465
   -0.0145642222
    0.0095576188
   -0.0188039963
   -0.0308540667
   -0.0348894787
   -0.0296514486
   -0.0179751257
   -0.0083624580
   -0.0227267119
   -0.0323103872
   -0.0278917787
   -0.0235261746
   -0.0144410527
   -0.0024920676
    0.0121053437
   -0.0077274153
   -0.0183980392
   -0.0259796085
    0.0041636757
    0.0040026601
    0.0031977702
    0.0021622953
    0.0014272589
    0.0012255983
    0.0018505438
    0.0027462349
    0.0037190750
    0.0041791767
    0.0048154666
    0.0042416164
    0.0033560239
    0.0031032001
    0.0036909431
    0.0045636744
    0.0045286469
   -0.0184020380
    0.0015679501
   -0.0046127155
   -0.0107145781
   -0.0073206738
    0.0049615292
    0.0021844539
   -0.0005775519
   -0.0038392158
   -0.0018305567
    0.0039211238
    0.0024895901
    0.0003648165
    0.0017414526
    0.0031044001
   -0.0162443948
   -0.0099166285
   -0.0038704464
    0.0045734144
   -0.0059286862
   -0.0028059760
    0.0001754765
    0.0031385062
    0.0068560849
   -0.0009568314
    0.0011586874
    0.0030335962
    0.0043682133
    0.0020171071
    0.0033900035
    0.0118169726
    0.0130611456
    0.0113442256
    0.0095600010
    0.0074010948
    0.0067413674
    0.0073043262
    0.0073642543
    0.0064750477
    0.0047217359
    0.0038586290
    0.0045853449
    0.0043268967
    0.0028624394
    0.0019141394
    0.0078243927
    0.0052317860
   -0.0073218667
    0.0130950096
    0.0134308730
    0.0121925270
    0.0071302718
   -0.0039455007
    0.0133478070
    0.0147621413
    0.0150803578
    0.0125663062
    0.0064664928
    0.0119949104
   -0.0051577452
    0.0057336010
    0.0073718543
    0.0001406130
    0.0089932419
    0.0126555451
    0.0131932269
    0.0001826312
    0.0092441960
    0.0138267321
    0.0151551677
    0.0140745492
    0.0134536582
    0.0063717852
    0.0039138447
    0.0023565461
    0.0038967893
    0.0033305655
    0.0028325872
    0.0014263168
    0.0015467131
    0.0025035198
    0.0029349328
    0.0016638033
    0.0013397188
    0.0014205711
   -0.0130916536
    0.0077584224
    0.0011392195
    0.0074712637
    0.0085570952
    0.0099977570
    0.0115945404
    0.0052450916
    0.0063627530
    0.0070883596
    0.0072845760
    0.0070930959
    0.0034342206
    0.0045013016
    0.0050409929
    0.0049496910
    0.0044908936
    0.0024811326
    0.0031057462
    0.0029852608
   -0.0111060251
   -0.0200811772
   -0.0139655775
   -0.0046555053
   -0.0014815286
   -0.0053878125
   -0.0152675838
   -0.0262659267
   -0.0218557065
   -0.0121666109
    0.0062854062
   -0.0150952194
   -0.0236907159
   -0.0281147168
   -0.0246208307
   -0.0167846062
   -0.0060808357
    0.0109455954
   -0.0104710976
   -0.0201815880
   -0.0264996853
   -0.0251828134
   -0.0220630488
   -0.0153050798
   -0.0060549916
    0.0115439708
   -0.0006355372
   -0.0103806902
   -0.0185443529
   -0.0239004562
    0.0034639772
    0.0036146833
    0.0035124155
    0.0030650664
    0.0024452905
    0.0019371073
    0.0016607929
    0.0017844889
    0.0022310581
    0.0028208509
    0.0033880218
    0.0036330306
    0.0039986620
    0.0036485890
    0.0030867953
    0.0029089383
    0.0032992707
    0.0038491019
    0.0037756733
   -0.0071503132
   -0.0138637675
   -0.0105961529
    0.0032997896
   -0.0001842466
   -0.0033736149
   -0.0068543834
   -0.0044571216
    0.0036094143
    0.0018186639
   -0.0001484603
   -0.0023683181
   -0.0007769696
    0.0032895875
    0.0021510530
    0.0005873842
    0.0027924476
   -0.0133332777
   -0.0091253148
   -0.0058846675
   -0.0026355940
    0.0008949239
    0.0056501167
   -0.0035182917
   -0.0015181267
    0.0005365035
    0.0025291069
    0.0046574275
   -0.0002546900
    0.0011690161
    0.0025996198
    0.0036180887
    0.0020510252
    0.0029638850
    0.0120691278
    0.0098365441
    0.0080082047
    0.0079194897
    0.0077664010
    0.0070933465
    0.0059349044
    0.0046128314
    0.0051685292
    0.0054682406
    0.0051588228
    0.0042032353
    0.0028811051
    0.0034686720
    0.0032713242
    0.0022826958
    0.0050571205
    0.0027233835
    0.0101440958
    0.0101321400
    0.0086909119
    0.0041937160
   -0.0049340450
    0.0120173419
    0.0122926322
    0.0112572817
    0.0080141238
    0.0017323332
    0.0125404286
    0.0097775914
    0.0047019559
    0.0031189711
   -0.0017826056
    0.0057285506
    0.0091538878
    0.0100900025
    0.0046201752
    0.0095144770
    0.0117710977
    0.0121549671
    0.0119713770
    0.0070687461
    0.0111207952
    0.0129490357
