   1.4657814752   -1.6080539591   -1.7319735740
  -2.1031448954   -1.1273786214   -2.7819735740
   0.6913288254    1.0294895474   -3.8319735740
   0.4608329212   -1.5341424004   -4.6006269219
   1.3606727827    1.0297369076   -1.4848122126
  -1.4138366512    1.1539465730   -3.1196065963
  -2.1163665053    0.3167040955   -3.1196065963
  -0.3374984696    1.3437340348   -4.1579036974
  -1.4138366512    1.1539465730   -4.1579036974
  -2.1163665053    0.3167040955   -4.1579036974
  -2.1163665053   -0.7762383375   -4.1579036974
  -1.4138366512   -1.6134808149   -4.1579036974
   0.3725300463   -0.2297671210   -4.9979036974
  -0.3098013158    0.7093814296   -4.9979036974
  -1.4138366512    0.3506586038   -4.9979036974
  -1.4138366512   -0.8101928457   -4.9979036974
  -0.3098013158   -1.1689156715   -4.9979036974
  -0.6149491775   -0.2297671210   -5.3187551469
  -1.0373832493   -2.2840186215   -1.3837646616
  -1.7399131034   -2.2500641132   -2.2237646616
  -1.0373832493   -3.0873065907   -2.2237646616
   0.0389549323   -3.2770940525   -2.2237646616
   0.9854708441   -2.7306228360   -2.2237646616
  -1.7399131034   -2.2500641132   -3.2620617627
  -1.0373832493   -3.0873065907   -3.2620617627
   0.0389549323   -3.2770940525   -3.2620617627
   0.9854708441   -2.7306228360   -3.2620617627
  -1.0373832493   -2.2840186215   -4.1020617627
   0.0666520861   -2.6427414473   -4.1020617627
   2.5992787486   -0.4686842220   -2.4523502868
   2.2254704210    0.5583457172   -2.4523502868
   1.2789545091    1.1048169337   -2.4523502868
   2.2254704210   -1.4957141612   -2.4523502868
   2.5992787486   -0.4686842220   -3.4906473879
   2.2254704210    0.5583457172   -3.4906473879
   1.2789545091    1.1048169337   -3.4906473879
   2.2254704210   -1.4957141612   -3.4906473879
   1.9889830251   -0.4686842220   -4.3306473879
   1.3066516630    0.4704643286   -4.3306473879
   1.3066516630   -1.4078327725   -4.3306473879
   1.0015038012   -0.4686842220   -4.6514988373
   0.8701579569    2.1597950841   -1.0653213354
  -0.0763579550    2.7062663006   -1.0653213354
  -1.1526961366    2.5164788388   -1.0653213354
  -1.8552259906    1.6792363614   -1.0653213354
   1.2439662845    1.1327651449   -2.1036184365
   0.8701579569    2.1597950841   -2.1036184365
  -0.0763579550    2.7062663006   -2.1036184365
  -1.1526961366    2.5164788388   -2.1036184365
  -1.8552259906    1.6792363614   -2.1036184365
  -0.0486608011    2.0719136954   -2.9436184365
  -1.1526961366    1.7131908696   -2.9436184365
   1.7845342475   -1.4525643151    0.7890480652
   2.9235316320   -0.2635039867    0.1389360230
   2.5497233045    0.7635259525    0.1389360230
   2.5497233045   -1.2905339260    0.1389360230
   2.9235316320   -0.2635039867   -0.8993610781
   2.5497233045    0.7635259525   -0.8993610781
   1.6032073926    1.3099971690   -0.8993610781
   2.5497233045   -1.2905339260   -0.8993610781
   2.3132359085   -0.2635039867   -1.7393610781
   1.6309045464    0.6756445638   -1.7393610781
  -1.3430364795   -2.1068922819    0.2814764386
  -0.6405066255   -2.9441347594    0.2814764386
   0.4358315561   -3.1339222212    0.2814764386
   1.3823474680   -2.5874510047    0.2814764386
  -1.3430364795   -2.1068922819   -0.7568206625
  -0.6405066255   -2.9441347594   -0.7568206625
   0.4358315561   -3.1339222212   -0.7568206625
   1.3823474680   -2.5874510047   -0.7568206625
   0.7518037912    3.2505096204    2.2709803696
   0.2494349156    3.6808929823    1.2209803696
   0.7518037912    3.2505096204    0.1709803696
   1.0463078870    1.5962043467   -0.5976729783
   1.5296915872   -0.6518172996    4.0600827968
   1.0046915872   -1.5611439736    4.0600827968
   1.2351874914    1.0024879742    3.2914294488
  -2.0895556227    0.4691862382    2.5353018293
  -2.0895556227   -0.6916652113    2.5353018293
  -2.0895556227    1.2724742074    1.6953018293
  -2.7920854767    0.4352317300    1.6953018293
  -2.7920854767   -0.6577107030    1.6953018293
  -2.0895556227   -1.4949531805    1.6953018293
  -2.0895556227    1.2724742074    0.6570047282
  -2.7920854767    0.4352317300    0.6570047282
  -2.7920854767   -0.6577107030    0.6570047282
  -2.0895556227   -1.4949531805    0.6570047282
   2.5500665513   -0.4963932660    3.5687993668
   1.8677351892    0.4427552846    3.5687993668
   3.1603622748   -0.4963932660    2.7287993668
   2.7865539473    0.5306366732    2.7287993668
   1.8400380354    1.0771078897    2.7287993668
   2.7865539473   -1.5234232052    2.7287993668
   3.1603622748   -0.4963932660    1.6905022657
   2.7865539473    0.5306366732    1.6905022657
   2.7865539473   -1.5234232052    1.6905022657
   2.5500665513   -0.4963932660    0.8505022657
   1.8677351892   -1.4355418165    0.8505022657
  -0.5019125293   -2.3084662468    3.5508280304
   0.6021228061   -2.6671890726    3.5508280304
  -1.2044423833   -2.2745117385    2.7108280304
  -0.5019125293   -3.1117542160    2.7108280304
   0.5744256523   -3.3015416778    2.7108280304
   1.5209415642   -2.7550704613    2.7108280304
  -1.2044423833   -2.2745117385    1.6725309293
  -0.5019125293   -3.1117542160    1.6725309293
   0.5744256523   -3.3015416778    1.6725309293
   1.5209415642   -2.7550704613    1.6725309293
   0.1224292823   -0.2974440291    4.8914729896
   1.1099085061   -0.2974440291    4.5706215402
   0.4275771440    0.6417045215    4.5706215402
  -0.6764581914    0.2829816957    4.5706215402
  -0.6764581914   -0.8778697538    4.5706215402
   0.4275771440   -1.2365925796    4.5706215402
   1.3463959021    0.7295859102    3.7306215402
   0.3998799902    1.2760571267    3.7306215402
  -0.6764581914    1.0862696649    3.7306215402
  -1.3789880455    0.2490271874    3.7306215402
  -1.3789880455   -0.8439152456    3.7306215402
  -0.6764581914   -1.6811577230    3.7306215402
   2.0414137458    1.8543873852    2.4648823938
   1.3590823837    2.7935359358    2.4648823938
   2.6517094693    1.8543873852    1.6248823938
   2.2779011418    2.8814173245    1.6248823938
   1.3313852299    3.4278885410    1.6248823938
   2.6517094693    1.8543873852    0.5865852927
   2.2779011418    2.8814173245    0.5865852927
   1.3313852299    3.4278885410    0.5865852927
   2.2779011418    0.8273574460    0.5865852927
   2.0414137458    1.8543873852   -0.2534147073
   1.3590823837    2.7935359358   -0.2534147073
  -0.3253684569    1.9499183258    3.8837127866
   0.6621107670    1.9499183258    3.5628613371
  -0.0202205951    2.8890668763    3.5628613371
  -1.1242559306    2.5303440505    3.5628613371
  -1.1242559306    1.3694926011    3.5628613371
   0.8985981629    2.9769482650    2.7228613371
  -0.0479177490    3.5234194815    2.7228613371
  -1.1242559306    3.3336320197    2.7228613371
  -1.8267857846    2.4963895423    2.7228613371
  -1.8267857846    1.4034471093    2.7228613371
  -1.1242559306    3.3336320197    1.6845642360
  -0.2900009953    3.7289620578    0.9918179842
  -1.3663391769    3.5391745961    0.9918179842
  -2.0688690309    2.7019321186    0.9918179842
   0.6565149166    3.1824908413   -0.0464791169
  -0.2900009953    3.7289620578   -0.0464791169
  -1.3663391769    3.5391745961   -0.0464791169
  -2.0688690309    2.7019321186   -0.0464791169
  -2.0688690309    1.6089896856   -0.0464791169
  -0.2623038415    3.0946094526   -0.8864791169
  -1.3663391769    2.7358866268   -0.8864791169
  -2.3727879514    0.4813326418    0.0196954628
  -2.3727879514   -0.6795188077    0.0196954628
  -2.3727879514    1.2846206110   -0.8203045372
  -3.0753178055    0.4473781335   -0.8203045372
  -3.0753178055   -0.6455642995   -0.8203045372
  -2.3727879514   -1.4828067769   -0.8203045372
  -2.3727879514    1.2846206110   -1.8586016383
  -3.0753178055    0.4473781335   -1.8586016383
  -3.0753178055   -0.6455642995   -1.8586016383
  -2.3727879514   -1.4828067769   -1.8586016383
  -2.3727879514    0.4813326418   -2.6986016383
  -2.3727879514   -0.6795188077   -2.6986016383
   0.4564934082    1.6563469151   -3.3160238155
  -2.1722783524   -1.6400286094   -3.3160238155
   0.7153158063    1.0820137090   -4.2783490984
   0.9771538951   -0.6248157264   -4.9442988569
   0.4564934082   -1.5266261433   -4.9442988569
  -1.7275626434    1.4719033906   -2.9811877371
  -0.6149491775    1.6902328790   -3.6387551469
  -1.5749491775    1.4330016543   -3.6387551469
  -2.2777179528    0.7302328790   -3.6387551469
  -2.5349491775   -0.2297671210   -3.6387551469
  -2.2777179528   -1.1897671210   -3.6387551469
   0.7302590194    0.7475838431   -4.5987551469
  -0.1011253683    1.3516199579   -4.5987551469
  -1.1287729868    1.3516199579   -4.5987551469
  -1.9601573744    0.7475838431   -4.5987551469
  -2.2777179528   -0.2297671210   -4.5987551469
  -1.9601573744   -1.2071180850   -4.5987551469
  -1.1287729868   -1.8111541998   -4.5987551469
   0.3450508225   -0.2297671210   -5.3015239221
  -0.1349491775    0.6016172667   -5.3015239221
  -1.0949491775    0.6016172667   -5.3015239221
  -1.5749491775   -0.2297671210   -5.3015239221
  -1.0949491775   -1.0611515086   -5.3015239221
  -0.1349491775   -1.0611515086   -5.3015239221
  -0.6149491775   -0.2297671210   -5.5587551469
  -1.5837039726   -2.6809438608   -1.7829132122
  -0.7523195849   -3.2849799755   -1.7829132122
   0.2753280336   -3.2849799755   -1.7829132122
   1.1067124213   -2.6809438608   -1.7829132122
  -1.9012645509   -2.6635928967   -2.7429132122
  -1.1984957756   -3.3663616720   -2.7429132122
  -0.2384957756   -3.6235928967   -2.7429132122
   0.7215042244   -3.3663616720   -2.7429132122
   1.4242729996   -2.6635928967   -2.7429132122
  -1.5837039726   -2.6809438608   -3.7029132122
  -0.7523195849   -3.2849799755   -3.7029132122
   0.2753280336   -3.2849799755   -3.7029132122
   1.1067124213   -2.6809438608   -3.7029132122
  -0.7184957756   -2.5349772844   -4.4056819874
   0.2415042244   -2.5349772844   -4.4056819874
   2.6642725765   -0.4686842220   -2.0114988373
   2.3467119981    0.5086667421   -2.0114988373
   2.3467119981   -1.4460351861   -2.0114988373
   2.9215038012   -0.4686842220   -2.9714988373
   2.6642725765    0.4913157780   -2.9714988373
   1.9615038012    1.1940845533   -2.9714988373
   1.9615038012   -2.1314529973   -2.9714988373
   2.6642725765   -1.4286842220   -2.9714988373
   2.6642725765   -0.4686842220   -3.9314988373
   2.3467119981    0.5086667421   -3.9314988373
   1.5153276105    1.1127028568   -3.9314988373
   1.5153276105   -2.0500713008   -3.9314988373
   2.3467119981   -1.4460351861   -3.9314988373
   1.9615038012   -0.4686842220   -4.6342676126
   1.4815038012    0.3627001656   -4.6342676126
   1.4815038012   -1.3000686096   -4.6342676126
   1.3089601124    2.0927651449   -1.5844698859
   0.6061913371    2.7955339202   -1.5844698859
  -0.3538086629    3.0527651449   -1.5844698859
  -1.3138086629    2.7955339202   -1.5844698859
  -2.0165774382    2.0927651449   -1.5844698859
   0.9913995340    2.1101161090   -2.5444698859
   0.1600151464    2.7141522237   -2.5444698859
  -0.8676324722    2.7141522237   -2.5444698859
  -1.6990168598    2.1101161090   -2.5444698859
   0.1261913371    1.9641495325   -3.2472386612
  -0.8338086629    1.9641495325   -3.2472386612
   2.9885254599   -0.2635039867    0.5797874724
   2.6709648816    0.7138469773    0.5797874724
   2.6709648816   -1.2408549508    0.5797874724
   3.2457566847   -0.2635039867   -0.3802125276
   2.9885254599    0.6964960133   -0.3802125276
   2.2857566847    1.3992647885   -0.3802125276
   2.2857566847   -1.9262727620   -0.3802125276
   2.9885254599   -1.2235039867   -0.3802125276
   2.9885254599   -0.2635039867   -1.3402125276
   2.6709648816    0.7138469773   -1.3402125276
   1.8395804939    1.3178830921   -1.3402125276
   2.6709648816   -1.2408549508   -1.3402125276
  -1.1868273487   -2.5377720295    0.7223278880
  -0.3554429611   -3.1418081442    0.7223278880
   0.6722046575   -3.1418081442    0.7223278880
   1.5035890451   -2.5377720295    0.7223278880
  -1.5043879271   -2.5204210654   -0.2376721120
  -0.8016191518   -3.2231898407   -0.2376721120
   0.1583808482   -3.4804210654   -0.2376721120
   1.1183808482   -3.2231898407   -0.2376721120
   1.8211496235   -2.5204210654   -0.2376721120
  -1.1868273487   -2.5377720295   -1.1976721120
  -0.3554429611   -3.1418081442   -1.1976721120
   0.6722046575   -3.1418081442   -1.1976721120
   1.5035890451   -2.5377720295   -1.1976721120
   0.5169683740    3.8773669882    1.7550306111
  -0.5243525999    3.8773669882    1.7550306111
  -2.1118033865    2.6114172297    1.7550306111
  -2.3435191022    1.5962043467    1.7550306111
   0.5169683740    3.8773669882    0.6869301281
   1.0003520741   -1.5536277165    4.4037547318
   1.2591744723   -2.3586467350    3.7378049733
   2.0582159793   -1.6662733279    3.7378049733
  -1.6284196864   -1.6670301826    2.7754796903
  -1.7706681490    0.7201449011    2.8389220540
  -2.2506681490   -0.1112394865    2.8389220540
  -2.6358763459    0.8661114775    2.1361532787
  -2.9534369242   -0.1112394865    2.1361532787
  -2.6358763459   -1.0885904506    2.1361532787
  -1.8044919582   -1.6926265654    2.1361532787
  -2.9534369242    0.8487605135    1.1761532787
  -3.2106681490   -0.1112394865    1.1761532787
  -2.9534369242   -1.0712394865    1.1761532787
  -2.2506681490   -1.7740082618    1.1761532787
  -2.6358763459    0.8661114775    0.2161532787
  -2.9534369242   -0.1112394865    0.2161532787
  -2.6358763459   -1.0885904506    0.2161532787
  -1.8044919582   -1.6926265654    0.2161532787
   2.5225873275   -0.4963932660    3.8724195915
   2.0425873275    0.3349911216    3.8724195915
   3.2253561027   -0.4963932660    3.1696508162
   2.9077955244    0.4809576981    3.1696508162
   2.0764111367    1.0849938128    3.1696508162
   2.9077955244   -1.4737442301    3.1696508162
   3.4825873275   -0.4963932660    2.2096508162
   3.2253561027    0.4636067340    2.2096508162
   2.5225873275    1.1663755093    2.2096508162
   2.5225873275   -2.1591620413    2.2096508162
   3.2253561027   -1.4563932660    2.2096508162
   3.2253561027   -0.4963932660    1.2496508162
   2.9077955244    0.4809576981    1.2496508162
   2.9077955244   -1.4737442301    1.2496508162
  -0.1830250556   -2.5594249097    3.8544482551
   0.7769749444   -2.5594249097    3.8544482551
  -1.0482332525   -2.7053914861    3.1516794798
  -0.2168488649   -3.3094276008    3.1516794798
   0.8107987537   -3.3094276008    3.1516794798
   1.6421831413   -2.7053914861    3.1516794798
  -1.3657938309   -2.6880405220    2.1916794798
  -0.6630250556   -3.3908092973    2.1916794798
   0.2969749444   -3.6480405220    2.1916794798
   1.2569749444   -3.3908092973    2.1916794798
   1.9597437196   -2.6880405220    2.1916794798
  -1.0482332525   -2.7053914861    1.2316794798
  -0.2168488649   -3.3094276008    1.2316794798
   0.8107987537   -3.3094276008    1.2316794798
   1.6421831413   -2.7053914861    1.2316794798
   0.1224292823   -0.2974440291    5.1314729896
   1.0824292823   -0.2974440291    4.8742417649
   0.6024292823    0.5339403586    4.8742417649
  -0.3575707177    0.5339403586    4.8742417649
  -0.8375707177   -0.2974440291    4.8742417649
  -0.3575707177   -1.1288284167    4.8742417649
   0.6024292823   -1.1288284167    4.8742417649
   1.4676374792    0.6799069350    4.1714729896
   0.6362530915    1.2839430498    4.1714729896
  -0.3913945270    1.2839430498    4.1714729896
  -1.2227789146    0.6799069350    4.1714729896
  -1.5403394930   -0.2974440291    4.1714729896
  -1.2227789146   -1.2747949931    4.1714729896
  -0.3913945270   -1.8788311079    4.1714729896
  -1.5403394930    0.6625559709    3.2114729896
  -1.7975707177   -0.2974440291    3.2114729896
   2.0139345220    1.8543873852    2.7685026185
   1.5339345220    2.6857717729    2.7685026185
   2.7167032972    1.8543873852    2.0657338433
   2.3991427189    2.8317383493    2.0657338433
   1.5677583312    3.4357744640    2.0657338433
   2.9739345220    1.8543873852    1.1057338433
   2.7167032972    2.8143873852    1.1057338433
   2.0139345220    3.5171561605    1.1057338433
   1.0539345220    3.7743873852    1.1057338433
   2.7167032972    0.8943873852    1.1057338433
   2.7167032972    1.8543873852    0.1457338433
   2.3991427189    2.8317383493    0.1457338433
   1.5677583312    3.4357744640    0.1457338433
   2.0139345220    1.8543873852   -0.5570349320
   1.5339345220    2.6857717729   -0.5570349320
  -0.3253684569    1.9499183258    4.1237127866
   0.6346315431    1.9499183258    3.8664815618
   0.1546315431    2.7813027134    3.8664815618
  -0.8053684569    2.7813027134    3.8664815618
  -1.2853684569    1.9499183258    3.8664815618
   1.0198397400    2.9272692899    3.1637127866
   0.1884553524    3.5313054046    3.1637127866
  -0.8391922662    3.5313054046    3.1637127866
  -1.6705766538    2.9272692899    3.1637127866
  -1.9881372322    1.9499183258    3.1637127866
  -1.6705766538    0.9725673617    3.1637127866
  -0.3253684569    3.8699183258    2.2037127866
  -1.2853684569    3.6126871010    2.2037127866
  -1.9881372322    2.9099183258    2.2037127866
  -2.2453684569    1.9499183258    2.2037127866
  -1.0812755125    3.7368479809    1.4326694337
  -1.9126599001    3.1328118662    1.4326694337
  -0.5674517032    4.0754609021    0.4726694337
  -1.5274517032    3.8182296774    0.4726694337
  -2.2302204785    3.1154609021    0.4726694337
  -2.4874517032    2.1554609021    0.4726694337
   0.7777564937    3.1328118662   -0.4873305663
  -0.0536278939    3.7368479809   -0.4873305663
  -1.0812755125    3.7368479809   -0.4873305663
  -1.9126599001    3.1328118662   -0.4873305663
  -2.2302204785    2.1554609021   -0.4873305663
  -1.0474517032    2.9868452897   -1.1900993416
  -2.9191086747    0.8782578811   -0.3794530877
  -3.2366692530   -0.0990930830   -0.3794530877
  -2.9191086747   -1.0764440470   -0.3794530877
  -2.0877242870   -1.6804801618   -0.3794530877
  -2.5339004778    1.5636756923   -1.3394530877
  -3.2366692530    0.8609069170   -1.3394530877
  -3.4939004778   -0.0990930830   -1.3394530877
  -3.2366692530   -1.0590930830   -1.3394530877
  -2.5339004778   -1.7618618582   -1.3394530877
  -2.9191086747    0.8782578811   -2.2994530877
  -3.2366692530   -0.0990930830   -2.2994530877
  -2.9191086747   -1.0764440470   -2.2994530877
  -2.5339004778   -0.0990930830   -3.0022218630
   1.4911124812   -2.5750746086   -1.7487283066
  -2.5586418166   -1.6580609938   -2.7819735740
   1.8450212304   -2.5340040356   -2.7819735740
   0.4909057696    1.8071173217   -3.8152188414
  -2.3116111593   -1.7071277528   -3.8152188414
   1.4911124812   -2.5750746086   -3.8152188414
   0.7289384075    1.1118430448   -4.6911618832
  -1.3144195362   -2.0676839784   -4.6911618832
   0.7289384075   -2.3614744976   -4.6911618832
   0.9690781886   -0.6248157264   -5.2764483117
   0.4524555549   -1.5196323763   -5.2764483117
  -2.4079731804    1.9630065556   -1.4848122126
  -1.3808957335    1.7898679632   -3.6387551469
  -2.2317323936    1.2025778208   -3.6387551469
  -2.7121835032    0.2871547139   -3.6387551469
  -2.7121835032   -0.7466889558   -3.6387551469
   0.1621323239    1.4718040178   -4.7187551469
  -0.8811654305    1.6218075890   -4.7187551469
  -1.8399414057    1.1839492725   -4.7187551469
  -2.4097910037    0.2972459898   -4.7187551469
  -2.4097910037   -0.7567802318   -4.7187551469
  -1.8399414057   -1.6434835144   -4.7187551469
   0.4650508225   -0.2297671210   -5.5093700191
  -0.0749491775    0.7055403151   -5.5093700191
  -1.1549491775    0.7055403151   -5.5093700191
  -1.6949491775   -0.2297671210   -5.5093700191
  -1.1549491775   -1.1650745570   -5.5093700191
  -0.0749491775   -1.1650745570   -5.5093700191
  -0.6149491775   -0.2297671210   -5.7987551469
  -2.0333376018   -2.2306060075   -1.6629132122
  -1.4634880038   -3.1173092902   -1.6629132122
  -0.5047120287   -3.5551676067   -1.6629132122
   0.5385857258   -3.4051640354   -1.6629132122
   1.3351655941   -2.7149236504   -1.6629132122
  -2.3357301013   -2.2205147316   -2.7429132122
  -1.8552789917   -3.1359378385   -2.7429132122
  -1.0044423317   -3.7232279809   -2.7429132122
   0.0218634537   -3.8478440648   -2.7429132122
   0.9885240773   -3.4812380471   -2.7429132122
   1.6740892398   -2.7073949483   -2.7429132122
  -2.0333376018   -2.2306060075   -3.8229132122
  -1.4634880038   -3.1173092902   -3.8229132122
  -0.5047120287   -3.5551676067   -3.8229132122
   0.5385857258   -3.4051640354   -3.8229132122
   1.3351655941   -2.7149236504   -3.8229132122
  -0.7784957756   -2.6389003328   -4.6135280843
   0.3015042244   -2.6389003328   -4.6135280843
   2.8721186734   -0.4686842220   -1.8914988373
   2.5751651710   -1.4800149756   -1.8914988373
   3.1615038012   -0.4686842220   -2.9714988373
   2.9140888166    0.5351178296   -2.9714988373
   2.2285236542    1.3089609283   -2.9714988373
   2.2285236542   -2.2463293723   -2.9714988373
   2.9140888166   -1.4724862736   -2.9714988373
   2.8721186734   -0.4686842220   -4.0514988373
   2.5751651710    0.5426465316   -4.0514988373
   1.7785853027    1.2328869167   -4.0514988373
   1.7785853027   -2.1702553607   -4.0514988373
   2.5751651710   -1.4800149756   -4.0514988373
   2.0815038012   -0.4686842220   -4.8421137095
   1.5415038012    0.4666232141   -4.8421137095
   1.5415038012   -1.4039916581   -4.8421137095
   1.5587763525    2.1365671965   -1.5844698859
   0.8732111900    2.9104102952   -1.5844698859
  -0.0934494335    3.2770163129   -1.5844698859
  -1.1197552189    3.1524002291   -1.5844698859
  -1.9705918789    2.5651100867   -1.5844698859
   1.2198527069    2.1440958985   -2.6644698859
   0.4232728386    2.8343362836   -2.6644698859
  -0.6200249159    2.9843398549   -2.6644698859
  -1.5788008910    2.5464815383   -2.6644698859
   0.1861913371    2.0680725810   -3.4550847581
  -0.8938086629    2.0680725810   -3.4550847581
   2.1637740027   -2.3785143916   -0.2609519348
   3.1963715568   -0.2635039867    0.6997874724
   2.8994180545    0.7478267669    0.6997874724
   2.8994180545   -1.2748347404    0.6997874724
   3.4857566847   -0.2635039867   -0.3802125276
   3.2383417001    0.7402980649   -0.3802125276
   2.5527765376   -2.0411491371   -0.3802125276
   3.2383417001   -1.2673060384   -0.3802125276
   3.1963715568   -0.2635039867   -1.4602125276
   2.8994180545    0.7478267669   -1.4602125276
   2.1028381861    1.4380671520   -1.4602125276
   2.8994180545   -1.2748347404   -1.4602125276
  -1.0666113799   -2.9741374588    0.8423278880
  -0.1078354048   -3.4119957754    0.8423278880
  -1.9388534774   -2.0773429003   -0.2376721120
  -1.4584023678   -2.9927660072   -0.2376721120
  -0.6075657078   -3.5800561496   -0.2376721120
   0.4187400776   -3.7046722335   -0.2376721120
   1.3854007011   -3.3380662157   -0.2376721120
   2.0709658636   -2.5642231170   -0.2376721120
  -0.1078354048   -3.4119957754   -1.3176721120
   0.9354623497   -3.2619922041   -1.3176721120
   1.7320422180   -2.5717518190   -1.3176721120
   1.9054961962    1.5962043467    3.1301686788
   1.6024192970    2.6283894748    3.1301686788
   0.5513807354    4.0281373948    2.2542256370
  -2.4981668507    1.5962043467    2.2542256370
   1.0295531544    4.0906790845    1.2209803696
  -0.0036921130    4.2962043467    1.2209803696
  -2.7036921130    1.5962043467    1.2209803696
   0.5513807354    4.0281373948    0.1877351023
   2.0858029972    0.3803678286    4.1506177580
  -0.7705608702   -2.0946855516    4.1506177580
   1.2727970735   -2.3884760708    4.1506177580
   2.0858029972   -1.6840024278    4.1506177580
  -2.0147831506   -0.6518172996    3.2746747162
  -1.7677524933   -1.7341293260    3.2746747162
   2.0349711472   -2.6020761818    3.2746747162
   2.3888798964   -2.5610056088    2.2414294488
   2.0349711472   -2.6020761818    1.2081841814
  -2.3706681490   -0.1112394865    3.0467681509
  -2.5156603771    1.3024769069    2.2561532787
  -3.0855099752    0.4157736243    2.2561532787
  -3.0855099752   -0.6382525973    2.2561532787
  -2.5156603771   -1.5249558800    2.2561532787
  -2.9074513650    1.3211054553    1.1761532787
  -3.3879024746    0.4056823483    1.1761532787
  -3.3879024746   -0.6281613214    1.1761532787
  -2.9074513650   -1.5435844283    1.1761532787
  -2.0566147050   -2.1308745707    1.1761532787
  -2.5156603771   -1.5249558800    0.0961532787
   2.6425873275   -0.4963932660    4.0802656884
   3.4332021996   -0.4963932660    3.2896508162
   3.1362486972    0.5149374876    3.2896508162
   2.3396688289    1.2051778727    3.2896508162
   3.1362486972   -1.5077240196    3.2896508162
   3.7225873275   -0.4963932660    2.2096508162
   3.4751723429    0.5074087856    2.2096508162
   2.7896071804   -2.2740384163    2.2096508162
   3.4751723429   -1.5001953176    2.2096508162
   3.4332021996   -0.4963932660    1.1296508162
   3.1362486972    0.5149374876    1.1296508162
   3.1362486972   -1.5077240196    1.1296508162
  -0.2430250556   -2.6633479581    4.0622943520
   0.8369749444   -2.6633479581    4.0622943520
  -1.4978668818   -2.2550536328    3.2716794798
  -0.9280172837   -3.1417569155    3.2716794798
   0.0307586914   -3.5796152320    3.2716794798
   1.0740564458   -3.4296116607    3.2716794798
   1.8706363142   -2.7393712757    3.2716794798
  -1.8002593813   -2.2449623569    2.1916794798
  -1.3198082717   -3.1603854638    2.1916794798
  -0.4689716116   -3.7476756062    2.1916794798
   0.5573341737   -3.8722916901    2.1916794798
   1.5239947973   -3.5056856724    2.1916794798
   2.2095599598   -2.7318425736    2.1916794798
  -0.9280172837   -3.1417569155    1.1116794798
   0.0307586914   -3.5796152320    1.1116794798
   1.0740564458   -3.4296116607    1.1116794798
   1.8706363142   -2.7393712757    1.1116794798
   0.1224292823   -0.2974440291    5.3714729896
   1.2024292823   -0.2974440291    5.0820878618
   0.6624292823    0.6378634070    5.0820878618
  -0.4175707177    0.6378634070    5.0820878618
  -0.9575707177   -0.2974440291    5.0820878618
  -0.4175707177   -1.2327514651    5.0820878618
   0.6624292823   -1.2327514651    5.0820878618
   1.6960906520    0.7138867246    4.2914729896
   0.8995107837    1.4041271097    4.2914729896
  -1.1025629459    1.1162723644    4.2914729896
  -1.6724125439    0.2295690817    4.2914729896
  -1.6724125439   -0.8244571399    4.2914729896
  -1.1025629459   -1.7111604225    4.2914729896
  -1.9748050434    0.2194778058    3.2114729896
   2.1339345220    1.8543873852    2.9763487154
   2.9245493941    1.8543873852    2.1857338433
   2.6275958917    2.8657181389    2.1857338433
   1.8310160234    3.5559585239    2.1857338433
   3.2139345220    1.8543873852    1.1057338433
   2.9665195374    2.8581894368    1.1057338433
   2.2809543749    3.6320325356    1.1057338433
   1.3142937513    3.9986385533    1.1057338433
   2.9665195374    0.8505853336    1.1057338433
   2.9245493941    1.8543873852    0.0257338433
   2.6275958917    2.8657181389    0.0257338433
   1.8310160234    3.5559585239    0.0257338433
   2.1339345220    1.8543873852   -0.7648810289
   1.5939345220    2.7896948213   -0.7648810289
  -0.3253684569    1.9499183258    4.3637127866
   0.7546315431    1.9499183258    4.0743276587
   0.2146315431    2.8852257619    4.0743276587
  -0.8653684569    2.8852257619    4.0743276587
  -1.4053684569    1.9499183258    4.0743276587
   1.2482929129    2.9612490794    3.2837127866
   0.4517130445    3.6514894645    3.2837127866
  -0.5915847099    3.8014930358    3.2837127866
  -1.5503606850    3.3636347192    3.2837127866
  -2.1202102831    2.4769314366    3.2837127866
  -2.1202102831    1.4229052150    3.2837127866
  -1.0913150129    3.9695534100    2.2037127866
  -1.9421516729    3.3822632676    2.2037127866
  -2.4226027825    2.4668401606    2.2037127866
  -0.3070924739    4.2997120701    0.4726694337
  -1.3333982592    4.1750959863    0.4726694337
  -2.1842349193    3.5878058439    0.4726694337
  -2.6646860289    2.6723827370    0.4726694337
  -2.6646860289    1.6385390672    0.4726694337
   0.2096297982    3.8570320408   -0.6073305663
  -0.8336679562    4.0070356121   -0.6073305663
  -1.7924439313    3.5691772955   -0.6073305663
  -2.3622935294    2.6824740129   -0.6073305663
  -2.7988927059    1.3146233105   -0.2594530877
  -3.3687423039    0.4279200278   -0.2594530877
  -3.3687423039   -0.6261061938   -0.2594530877
  -2.7988927059   -1.5128094764   -0.2594530877
  -3.1906836938    1.3332518588   -1.3394530877
  -3.6711348034    0.4178287519   -1.3394530877
  -3.6711348034   -0.6160149178   -1.3394530877
  -3.1906836938   -1.5314380248   -1.3394530877
  -2.3398470338   -2.1187281672   -1.3394530877
  -2.7988927059    1.3146233105   -2.4194530877
  -3.3687423039    0.4279200278   -2.4194530877
  -3.3687423039   -0.6261061938   -2.4194530877
  -2.7988927059   -1.5128094764   -2.4194530877
  -2.5760683598   -2.1801191527   -2.2610290410
   2.1191780549   -2.6151978055   -2.2610290410
   1.2527326870    2.0198755222   -3.3029181070
  -2.9682856675   -1.1676895757   -3.3029181070
  -2.5760683598   -2.1801191527   -3.3029181070
   2.1191780549   -2.6151978055   -3.3029181070
   0.7386826232    1.8461015842   -4.2819735740
  -2.1660548864   -2.1519266078   -4.2819735740
   1.6742852319   -2.5555626191   -4.2819735740
  -1.3269761763   -2.0821751137   -5.0801069033
  -0.3386017229   -2.5335506023   -5.0801069033
   0.7369037909   -2.3789162544   -5.0801069033
   1.5580749637   -1.6673673827   -5.0801069033
   0.9618933512   -0.6248157264   -5.6010514363
   0.4488631362   -1.5134101246   -5.6010514363
  -2.6006726789    1.5809291277   -2.9848122126
  -0.0942886906    2.0513955205   -4.1728053884
  -1.1356096645    2.0513955205   -4.1728053884
  -2.0738074434    1.5995832828   -4.1728053884
  -2.7230604511    0.7854457620   -4.1728053884
  -2.9547761668   -0.2297671210   -4.1728053884
  -2.7230604511   -1.2449800039   -4.1728053884
   0.1645337076    1.4770623145   -5.1351306713
  -0.8819881079    1.6275294357   -5.1351306713
  -1.8437269498    1.1883180233   -5.1351306713
  -2.4153375311    0.2988745972   -5.1351306713
  -2.4153375311   -0.7584088391   -5.1351306713
  -1.8437269498   -1.6478522652   -5.1351306713
   0.4263717963   -0.2297671210   -5.8010804298
  -0.0942886906    0.6720432959   -5.8010804298
  -1.1356096645    0.6720432959   -5.8010804298
  -1.6562701514   -0.2297671210   -5.8010804298
  -1.1356096645   -1.1315775378   -5.8010804298
  -0.0942886906   -1.1315775378   -5.8010804298
  -0.6149491775   -0.2297671210   -6.0387551469
  -1.4672735479   -3.1216780410   -1.2465376877
  -2.3466070492   -2.7188057797   -2.2088629707
  -1.6973540415   -3.5329433004   -2.2088629707
  -0.7591562626   -3.9847555382   -2.2088629707
   0.2821647113   -3.9847555382   -2.2088629707
   1.2203624903   -3.5329433004   -2.2088629707
  -2.3466070492   -2.7188057797   -3.2769634536
  -1.6973540415   -3.5329433004   -3.2769634536
  -0.7591562626   -3.9847555382   -3.2769634536
   0.2821647113   -3.9847555382   -3.2769634536
   1.2203624903   -3.5329433004   -3.2769634536
  -1.4672735479   -3.1216780410   -4.2392887366
  -0.5055347060   -3.5608894534   -4.2392887366
   0.5409871094   -3.4104223322   -4.2392887366
   3.3413307904   -0.4686842220   -2.4374485958
   3.1096150748    0.5465286610   -2.4374485958
   2.4603620671    1.3606661817   -2.4374485958
   2.4603620671   -2.2980346257   -2.4374485958
   3.1096150748   -1.4838971050   -2.4374485958
   3.3413307904   -0.4686842220   -3.5055490788
   3.1096150748    0.5465286610   -3.5055490788
   2.4603620671    1.3606661817   -3.5055490788
   2.4603620671   -2.2980346257   -3.5055490788
   3.1096150748   -1.4838971050   -3.5055490788
   2.8778993591   -0.4686842220   -4.4678743618
   2.5800281933    0.5457718063   -4.4678743618
   1.7809866863    1.2381452134   -4.4678743618
   2.5800281933   -1.4831402503   -4.4678743618
   2.0428247751   -0.4686842220   -5.1338241203
   1.5221642882    0.4331261949   -5.1338241203
   1.7543026107    2.1479780279   -2.1185201274
   1.1050496030    2.9621155486   -2.1185201274
   0.1668518240    3.4139277864   -2.1185201274
  -0.8744691498    3.4139277864   -2.1185201274
  -1.8126669288    2.9621155486   -2.1185201274
   1.2247157292    2.1472211732   -3.0808454104
   0.4256742222    2.8395945803   -3.0808454104
  -0.6208475933    2.9900617016   -3.0808454104
  -1.5825864351    2.5508502891   -3.0808454104
   2.4379308272   -2.4597081615    0.2599925982
   2.4379308272   -2.4597081615   -0.7818964678
   3.6655836739   -0.2635039867    0.1538377139
   3.4338679583    0.7517088962    0.1538377139
   2.7846149506   -2.0928543905    0.1538377139
   3.4338679583   -1.2787168697    0.1538377139
   3.6655836739   -0.2635039867   -0.9142627691
   3.4338679583    0.7517088962   -0.9142627691
   2.7846149506    1.5658464170   -0.9142627691
   2.7846149506   -2.0928543905   -0.9142627691
   3.4338679583   -1.2787168697   -0.9142627691
   3.2021522426   -0.2635039867   -1.8765880520
   2.9042810768    0.7509520416   -1.8765880520
  -1.9497304254   -2.5756339484    0.2963781295
  -1.3004774177   -3.3897714691    0.2963781295
  -0.3622796387   -3.8415837069    0.2963781295
   0.6790413351   -3.8415837069    0.2963781295
   1.6172391141   -3.3897714691    0.2963781295
  -1.9497304254   -2.5756339484   -0.7717223534
  -1.3004774177   -3.3897714691   -0.7717223534
  -0.3622796387   -3.8415837069   -0.7717223534
   0.6790413351   -3.8415837069   -0.7717223534
   1.6172391141   -3.3897714691   -0.7717223534
   1.6185499296    2.6387560029    3.5191136990
   1.7347601977    3.5269512393    2.7209803696
   0.7991575890    4.0671216573    2.7209803696
   1.3132076528    4.2408955953    1.7419249026
   0.2689076743    4.5380245569    1.7419249026
  -0.8122084160    4.4378443980    1.7419249026
  -1.7841298994    3.9538850041    1.7419249026
  -2.5155933940    3.1515077730    1.7419249026
  -2.9078107017    2.1390781959    1.7419249026
   1.3132076528    4.2408955953    0.7000358366
   0.2689076743    4.5380245569    0.7000358366
   0.7991575890    4.0671216573   -0.2790196304
   2.4080544163   -0.6518172996    4.5395627782
   2.1019336297    0.3907343567    4.5395627782
  -0.7831175104   -2.1091766869    4.5395627782
   0.2052569430   -2.5605521755    4.5395627782
   1.2807624569   -2.4059178276    4.5395627782
   2.1019336297   -1.6943689558    4.5395627782
   2.2181438979    1.2789295931    3.7414294488
  -2.0616104255   -1.1919877176    3.7414294488
  -1.6221962205   -2.1789281810    3.7414294488
   2.2181438979   -2.5825641923    3.7414294488
  -2.0322096938   -2.2071207259    2.7623739818
   2.6630367209   -2.6421993787    2.7623739818
   2.6630367209   -2.6421993787    1.7204849158
   2.2181438979   -2.5825641923    0.7414294488
  -2.3319891228   -0.1112394865    3.3384785617
  -3.0910565025    0.4174022316    2.6725288032
  -3.0910565025   -0.6398812047    2.6725288032
  -2.5194459212   -1.5293246308    2.6725288032
  -3.3987794225    0.9039733964    1.7102035202
  -3.6304951382   -0.1112394865    1.7102035202
  -3.3987794225   -1.1264523695    1.7102035202
  -2.7495264149   -1.9405898903    1.7102035202
  -3.3987794225    0.9039733964    0.6421030372
  -3.6304951382   -0.1112394865    0.6421030372
  -3.3987794225   -1.1264523695    0.6421030372
  -2.7495264149   -1.9405898903    0.6421030372
   2.6039083013   -0.4963932660    4.3719760992
   3.4389828854   -0.4963932660    3.7060263407
   3.1411117196    0.5180627623    3.7060263407
   2.3420702126    1.2104361694    3.7060263407
   3.1411117196   -1.5108492943    3.7060263407
   3.9024143167   -0.4963932660    2.7437010577
   3.6706986010    0.5188196170    2.7437010577
   3.0214455934    1.3329571377    2.7437010577
   3.0214455934   -2.3257436697    2.7437010577
   3.6706986010   -1.5116061490    2.7437010577
   3.9024143167   -0.4963932660    1.6756005747
   3.6706986010    0.5188196170    1.6756005747
   3.0214455934   -2.3257436697    1.6756005747
   3.6706986010   -1.5116061490    1.6756005747
   3.1411117196   -1.5108492943    0.7132752917
  -0.9318028279   -3.1461256662    3.6880550043
   0.0299360140   -3.5853370787    3.6880550043
   1.0764578295   -3.4348699575    3.6880550043
  -1.8111363292   -2.7432534050    2.7257297213
  -1.1618833215   -3.5573909257    2.7257297213
  -0.2236855426   -4.0092031635    2.7257297213
   0.8176354313   -4.0092031635    2.7257297213
   1.7558332103   -3.5573909257    2.7257297213
  -1.8111363292   -2.7432534050    1.6576292383
  -1.1618833215   -3.5573909257    1.6576292383
  -0.2236855426   -4.0092031635    1.6576292383
   0.8176354313   -4.0092031635    1.6576292383
   1.7558332103   -3.5573909257    1.6576292383
   0.1224292823   -0.2974440291    5.6114729896
   1.1637502561   -0.2974440291    5.3737982726
   0.6430897692    0.6043663878    5.3737982726
  -0.3982312047    0.6043663878    5.3737982726
  -0.9188916916   -0.2974440291    5.3737982726
  -0.3982312047   -1.1992544459    5.3737982726
   0.6430897692   -1.1992544459    5.3737982726
   1.7009536744    0.7170119992    4.7078485141
   0.9019121674    1.4093854064    4.7078485141
  -0.1446096481    1.5598525276    4.7078485141
  -1.1063484900    1.1206411152    4.7078485141
  -1.6779590713    0.2311976891    4.7078485141
  -1.6779590713   -0.8260857472    4.7078485141
  -1.1063484900   -1.7155291733    4.7078485141
  -1.9856819913    0.7177688539    3.7455232311
  -2.2173977070   -0.2974440291    3.7455232311
   2.9303300799    1.8543873852    2.6021093677
   2.6324589141    2.8688434135    2.6021093677
   1.8334174071    3.5612168207    2.6021093677
   3.3937615112    1.8543873852    1.6397840848
   3.1620457955    2.8696002682    1.6397840848
   2.5127927879    3.6837377889    1.6397840848
   1.5745950089    4.1355500267    1.6397840848
   3.3937615112    1.8543873852    0.5716836018
   3.1620457955    2.8696002682    0.5716836018
   2.5127927879    3.6837377889    0.5716836018
   1.5745950089    4.1355500267    0.5716836018
   2.9303300799    1.8543873852   -0.3906416812
   2.6324589141    2.8688434135   -0.3906416812
   1.8334174071    3.5612168207   -0.3906416812
   1.5745950089    2.7561978021   -1.0565914397
  -0.3253684569    1.9499183258    4.6037127866
   0.7159525170    1.9499183258    4.3660380695
   0.1952920300    2.8517287427    4.3660380695
  -0.8460289438    2.8517287427    4.3660380695
  -1.3666894308    1.9499183258    4.3660380695
   1.2531559352    2.9643743541    3.7000883110
   0.4541144282    3.6567477612    3.7000883110
  -0.5924073873    3.8072148825    3.7000883110
  -1.5541462291    3.3680034700    3.7000883110
  -2.1257568104    2.4785600440    3.7000883110
  -2.1257568104    1.4212766076    3.7000883110
   0.1952920300    4.2310809673    2.7377630281
  -0.8460289438    4.2310809673    2.7377630281
  -1.7842267228    3.7792687295    2.7377630281
  -2.4334797305    2.9651312088    2.7377630281
  -2.6651954461    1.9499183258    2.7377630281
  -1.0881121902    4.4366235436    1.0067196752
  -2.0263099691    3.9848113058    1.0067196752
  -2.6755629768    3.1706737851    1.0067196752
  -0.0467912163    4.4366235436   -0.0613808078
  -1.0881121902    4.4366235436   -0.0613808078
  -2.0263099691    3.9848113058   -0.0613808078
  -2.6755629768    3.1706737851   -0.0613808078
  -2.9072786925    2.1554609021   -0.0613808078
   0.2120311819    3.8622903375   -1.0237060908
  -0.8344906336    4.0127574588   -1.0237060908
  -1.7962294755    3.5735460463   -1.0237060908
  -2.3678400568    2.6841026203   -1.0237060908
  -3.0327587437    1.7302573208   -0.8054028462
  -3.6820117513    0.9161198000   -0.8054028462
  -3.9137274670   -0.0990930830   -0.8054028462
  -3.6820117513   -1.1143059659   -0.8054028462
  -3.0327587437   -1.9284434867   -0.8054028462
  -3.0327587437    1.7302573208   -1.8735033292
  -3.6820117513    0.9161198000   -1.8735033292
  -3.9137274670   -0.0990930830   -1.8735033292
  -3.6820117513   -1.1143059659   -1.8735033292
  -3.0327587437   -1.9284434867   -1.8735033292
  -3.3742888313    0.4295486352   -2.8358286122
  -3.3742888313   -0.6277348011   -2.8358286122
