   -0.0037976985
   -0.0015774815
   -0.0034910579
   -0.0051889741
    0.0019809979
    0.0003834813
    0.0003647236
    0.0003562288
    0.0031547731
    0.0032234640
    0.0003449848
   -0.0039302282
   -0.0027954300
    0.0016145748
    0.0044031458
    0.0014547357
   -0.0026492975
    0.0017729301
    0.0037439722
    0.0013715532
    0.0043878934
    0.0038372468
   -0.0010360832
   -0.0009051821
    0.0028754945
    0.0026344969
   -0.0018540425
   -0.0024828521
   -0.0015033184
    0.0036540778
    0.0036328002
    0.0011533748
   -0.0005526274
    0.0037511650
    0.0030430848
   -0.0009678958
    0.0001812413
    0.0006749149
   -0.0022200220
   -0.0037306455
   -0.0042148527
    0.0011174360
    0.0051638665
    0.0061546412
   -0.0014240848
    0.0015156623
    0.0025162786
    0.0043160954
    0.0028001955
   -0.0021638922
    0.0018158798
    0.0002209786
   -0.0033558027
    0.0035076072
    0.0044703935
   -0.0010532319
    0.0035568515
    0.0038040279
    0.0011830223
   -0.0006567350
    0.0032903372
    0.0029527682
    0.0022134295
    0.0044341689
    0.0036437579
   -0.0013659994
    0.0024088443
    0.0043366270
    0.0031762939
   -0.0017255378
   -0.0048100461
   -0.0049867683
   -0.0039245223
    0.0004097066
   -0.0048432082
   -0.0049915223
   -0.0041819627
    0.0010538944
    0.0007739364
   -0.0006992988
    0.0023856019
    0.0033049976
    0.0016250372
    0.0000057642
    0.0024758120
    0.0037181010
    0.0023347063
   -0.0012553732
   -0.0040991361
    0.0028823744
    0.0020712288
   -0.0024150118
   -0.0005969180
    0.0039747194
    0.0043481696
   -0.0001174005
    0.0030804887
   -0.0032709456
   -0.0023191666
   -0.0014963826
   -0.0002270790
    0.0032627173
    0.0028028453
   -0.0018719476
    0.0021291024
    0.0048735035
    0.0039040241
   -0.0013315996
    0.0028906349
   -0.0012075106
    0.0028076675
    0.0048981403
    0.0017230924
   -0.0015599780
   -0.0037541287
    0.0015472277
    0.0055202792
    0.0032006391
   -0.0002369663
   -0.0040147475
   -0.0011374370
   -0.0042322061
    0.0036978114
    0.0018080119
   -0.0029238325
    0.0048428510
    0.0028645377
   -0.0020192499
    0.0052325050
    0.0023877753
   -0.0013836030
    0.0044479078
   -0.0001712688
    0.0025862510
    0.0045523673
    0.0047190447
   -0.0038258498
   -0.0009678122
    0.0007701044
    0.0011378447
    0.0012734377
   -0.0041091416
   -0.0036085768
   -0.0013657740
   -0.0012641751
   -0.0033674295
    0.0006572688
    0.0033927762
    0.0031443802
    0.0008250390
    0.0039258882
    0.0053652648
    0.0022357793
    0.0041988305
   -0.0008533055
    0.0029015506
    0.0042361323
    0.0026527690
   -0.0020949064
    0.0019843245
    0.0031635789
    0.0014123501
   -0.0003952776
   -0.0000799883
   -0.0009398690
   -0.0024700974
   -0.0029157400
   -0.0038322745
   -0.0042000952
   -0.0008655553
    0.0000539179
    0.0008298087
    0.0009918370
    0.0001778624
   -0.0020233709
   -0.0030996088
   -0.0002820041
    0.0019311781
    0.0026223554
    0.0016431811
   -0.0007876940
   -0.0033611262
   -0.0021252445
    0.0002259390
    0.0023666841
    0.0020097042
   -0.0004169704
   -0.0023473318
    0.0006662044
    0.0021075929
    0.0032581898
    0.0020556053
   -0.0017197280
    0.0007414483
    0.0025276802
    0.0025771350
    0.0005741127
   -0.0028325154
   -0.0005788723
    0.0010134426
    0.0001500294
   -0.0027938370
   -0.0021800821
   -0.0028105288
    0.0021098341
    0.0027139025
   -0.0011982023
    0.0025313126
    0.0026928934
    0.0011354197
   -0.0028646962
    0.0004183990
    0.0016852948
    0.0013739689
   -0.0009931183
   -0.0037168071
   -0.0003851959
   -0.0007508056
   -0.0018906078
   -0.0030012709
    0.0009606910
    0.0021004277
    0.0034445061
    0.0027093228
   -0.0006821532
    0.0010776752
    0.0022623504
    0.0019602783
   -0.0003082876
    0.0001871704
    0.0003990279
    0.0025070085
    0.0037708682
   -0.0009012769
    0.0024215126
    0.0031342531
    0.0024635907
   -0.0035579268
   -0.0000464954
    0.0022127121
    0.0026008465
    0.0011738555
   -0.0005330822
    0.0024134178
    0.0036228860
    0.0020733163
   -0.0023032360
    0.0020688672
    0.0031796576
    0.0028459015
    0.0005717963
   -0.0029159152
    0.0027468372
    0.0032755218
    0.0011116816
   -0.0026131526
   -0.0041782808
   -0.0036866018
   -0.0027975561
   -0.0015185097
   -0.0036633814
   -0.0038755359
   -0.0038386997
   -0.0042530061
   -0.0017830458
    0.0010508015
    0.0005760779
    0.0005233967
    0.0017049154
    0.0013460052
   -0.0001782841
    0.0009784713
    0.0023461263
    0.0023748107
    0.0014964380
    0.0006559665
    0.0025980317
    0.0025477541
    0.0015305462
   -0.0023037713
   -0.0034344835
    0.0006774564
    0.0002433493
   -0.0025738514
   -0.0013048242
    0.0023130732
    0.0025463134
    0.0012917955
   -0.0029868472
    0.0002643989
    0.0023996277
    0.0034740266
   -0.0005303723
   -0.0020849318
   -0.0028424599
   -0.0001965758
    0.0012413767
    0.0002326563
   -0.0028641969
    0.0013008377
    0.0029017364
    0.0027497609
    0.0005607464
   -0.0029793835
    0.0027473392
    0.0036106999
    0.0018372887
   -0.0021468921
    0.0015482748
   -0.0009501102
    0.0012205508
    0.0031050849
    0.0023549739
    0.0001060964
   -0.0013661072
   -0.0025600182
    0.0003860588
    0.0035776601
    0.0032528809
    0.0015278854
   -0.0009372198
   -0.0031301194
    0.0019937624
    0.0000848795
   -0.0022727556
   -0.0035440542
    0.0013823637
    0.0001698392
   -0.0026106855
    0.0032319676
    0.0021566343
   -0.0002576371
   -0.0034492338
    0.0037033716
    0.0030569227
    0.0016629798
   -0.0012120661
    0.0011680960
   -0.0007064217
    0.0030101944
    0.0000356981
    0.0013604919
    0.0028303829
    0.0033460212
   -0.0024602236
   -0.0006259267
    0.0008048368
    0.0014408930
    0.0015733538
    0.0018727247
   -0.0028327957
   -0.0019571000
   -0.0016285124
   -0.0012776753
   -0.0032387507
   -0.0026176469
   -0.0010566430
    0.0003922437
    0.0006075940
   -0.0000499759
   -0.0018868124
    0.0004625967
    0.0024327492
    0.0027886707
    0.0012336012
    0.0041120044
    0.0008892268
    0.0026527662
    0.0026970592
    0.0016595694
   -0.0013144103
    0.0009666984
    0.0024637970
    0.0024860139
    0.0015178189
   -0.0002270463
    0.0012710500
    0.0009212743
   -0.0002392201
   -0.0026556029
   -0.0008013852
   -0.0027586186
   -0.0010799370
   -0.0018809444
   -0.0028615183
   -0.0019865459
   -0.0024768066
   -0.0030960435
   -0.0028702121
   -0.0031305408
   -0.0009162292
    0.0004167900
    0.0005615663
    0.0004280106
   -0.0005732447
   -0.0007485925
    0.0009471686
    0.0017479730
    0.0015402926
    0.0003006951
   -0.0015625091
   -0.0019101689
   -0.0000918381
    0.0015415140
    0.0012520464
   -0.0006281733
   -0.0021468541
    0.0001870917
    0.0010019387
    0.0021439180
    0.0024953732
    0.0011022551
   -0.0020382796
   -0.0003937019
    0.0010985250
    0.0019413267
    0.0015305624
   -0.0001926352
   -0.0025790205
   -0.0017001263
   -0.0000349052
    0.0005009195
   -0.0005300272
   -0.0026417239
   -0.0019251590
   -0.0024996649
    0.0016559639
   -0.0009988320
    0.0017278689
    0.0019790596
    0.0010468444
   -0.0020621365
    0.0001919256
    0.0009956126
    0.0009185257
   -0.0004877850
   -0.0026901206
   -0.0004249630
   -0.0008876681
   -0.0016307001
   -0.0026535954
    0.0006715210
    0.0011562847
    0.0022817853
    0.0025478349
    0.0007158903
    0.0006242530
    0.0014515761
    0.0016087098
    0.0004991217
   -0.0001149549
    0.0003124193
   -0.0030608072
    0.0021181925
    0.0032088316
   -0.0005223630
    0.0017818605
    0.0024668178
   -0.0025369973
   -0.0000430837
    0.0016882944
    0.0021056051
    0.0011991811
   -0.0003180500
    0.0025298109
    0.0029532182
    0.0014266036
    0.0021039790
    0.0025511399
    0.0018135646
   -0.0001720994
   -0.0026619136
    0.0024243372
    0.0002014265
   -0.0026113858
   -0.0028341940
   -0.0027104270
   -0.0029579110
   -0.0006082490
   -0.0028483590
   -0.0028783108
   -0.0007719797
   -0.0021847743
   -0.0027711231
   -0.0022831338
   -0.0031483859
   -0.0033705358
   -0.0003485220
   -0.0015146426
   -0.0030389382
   -0.0028703784
   -0.0027510794
    0.0004675377
   -0.0002650814
    0.0009519168
    0.0012437924
    0.0005642382
   -0.0000696675
    0.0013644893
    0.0019058444
    0.0016214320
    0.0011677445
    0.0018565131
   -0.0020799578
    0.0001890070
    0.0000163014
   -0.0017900726
   -0.0011597803
    0.0015259423
    0.0018480862
   -0.0021608453
    0.0000520980
    0.0017617039
    0.0028331467
   -0.0004387457
   -0.0018029223
   -0.0025088609
   -0.0012992417
    0.0002463576
    0.0006596523
   -0.0004952497
   -0.0027760116
    0.0001881342
    0.0015138010
    0.0022023124
    0.0016191368
   -0.0002417057
   -0.0027069959
    0.0026692996
    0.0026485296
    0.0007756849
   -0.0022856384
    0.0008920894
   -0.0010559080
    0.0006691843
    0.0022050801
    0.0015896819
   -0.0001918907
   -0.0013865041
   -0.0023322931
   -0.0004362657
    0.0028922502
    0.0017772832
    0.0002336634
   -0.0015310245
    0.0007413259
   -0.0020373939
    0.0009093478
    0.0000038589
   -0.0018285470
    0.0024099844
    0.0015397514
   -0.0001253359
   -0.0023602877
    0.0030696630
    0.0023758169
    0.0012880528
   -0.0006155515
    0.0010524523
   -0.0004042940
    0.0022418796
   -0.0002297121
    0.0007782787
    0.0019523222
    0.0024984423
   -0.0022185256
   -0.0010370791
    0.0000762793
    0.0007529622
    0.0010317538
    0.0012334045
   -0.0018749805
   -0.0014373461
   -0.0011960468
   -0.0014553334
   -0.0002038906
    0.0002836192
    0.0000718451
   -0.0002510671
   -0.0001121701
    0.0013523183
    0.0019702718
    0.0013680219
    0.0000987403
    0.0015373111
    0.0022649718
    0.0019246239
    0.0000573224
    0.0013863816
    0.0019416898
    0.0016317290
    0.0011421821
   -0.0007871333
    0.0005271970
    0.0008901456
    0.0001400658
    0.0002692238
   -0.0020978293
   -0.0001352133
   -0.0005426655
   -0.0007831785
   -0.0019727172
   -0.0009411611
   -0.0014244229
   -0.0022255402
   -0.0017438750
   -0.0020810721
   -0.0024301957
   -0.0022545809
   -0.0021041656
   -0.0023128403
   -0.0004018255
   -0.0002491855
    0.0005510946
    0.0008629222
    0.0008456601
    0.0003558966
   -0.0006763577
   -0.0004312741
    0.0007586748
    0.0013440019
    0.0011913005
    0.0003134181
   -0.0009849371
   -0.0013844241
   -0.0001359102
    0.0009646209
    0.0007610196
   -0.0005247263
   -0.0015811925
   -0.0000357925
    0.0020084258
    0.0007068016
    0.0014994698
    0.0017609823
    0.0011313594
   -0.0003870032
   -0.0002416794
    0.0007080060
    0.0010411394
    0.0005119160
   -0.0007860992
   -0.0005617455
   -0.0002387988
   -0.0009622434
    0.0013055748
    0.0017248704
    0.0012188695
   -0.0016996575
   -0.0000259910
    0.0010901773
    0.0012729101
    0.0006692232
   -0.0014217467
    0.0000801909
    0.0002685987
    0.0002383418
   -0.0006918659
   -0.0007263844
   -0.0011163236
   -0.0014964094
    0.0007037752
    0.0009595690
    0.0014846091
    0.0016485024
    0.0008611547
    0.0001763785
    0.0008259188
    0.0009811831
    0.0003709700
   -0.0023322035
   -0.0022215626
    0.0014813570
    0.0022252480
   -0.0019331240
    0.0000002147
    0.0013589673
    0.0018725391
    0.0016160465
   -0.0017281949
    0.0000485237
    0.0015293814
    0.0018365324
    0.0014965755
    0.0020158740
    0.0021126358
    0.0012516142
   -0.0005012767
    0.0015052000
    0.0020368618
    0.0019883140
    0.0010157291
   -0.0006437967
   -0.0018694468
   -0.0019377212
   -0.0020345934
   -0.0021225615
   -0.0022959278
   -0.0019321786
   -0.0015250660
   -0.0012423421
   -0.0008113687
   -0.0017679201
   -0.0019026852
   -0.0012032345
   -0.0022579534
   -0.0019915003
   -0.0015158596
   -0.0019507094
   -0.0024363379
   -0.0025860913
   -0.0019502224
   -0.0005537545
   -0.0011679313
   -0.0024558970
   -0.0003278771
   -0.0021685475
   -0.0020506918
   -0.0024301853
    0.0004516917
    0.0006919805
    0.0007551203
    0.0001009529
    0.0006008860
    0.0012471281
    0.0013037101
    0.0009543076
    0.0007539795
    0.0015512912
    0.0017092057
    0.0014263002
   -0.0020388897
   -0.0005013570
   -0.0006206943
   -0.0017979723
   -0.0014268172
    0.0007000248
    0.0008731007
    0.0001794747
   -0.0017111901
   -0.0002628281
    0.0012818845
    0.0018385910
   -0.0015538650
    0.0000641666
   -0.0006406202
   -0.0003439936
   -0.0001156044
   -0.0009447903
    0.0001615797
    0.0009936605
    0.0012123142
    0.0005690480
   -0.0008290479
    0.0011370970
    0.0018398466
    0.0019299828
    0.0011028180
   -0.0005109515
    0.0005356235
   -0.0007460905
    0.0004672131
    0.0015329394
    0.0011209725
   -0.0001212048
   -0.0009837121
   -0.0014441200
   -0.0000652240
    0.0017235758
    0.0021768896
    0.0014921257
    0.0003974657
   -0.0008474360
    0.0014266892
    0.0004415014
    0.0000543990
   -0.0005823737
   -0.0017974659
    0.0015345394
    0.0008427822
   -0.0003019449
   -0.0018260800
    0.0020522049
    0.0013248979
    0.0001499237
   -0.0013636835
    0.0017986286
    0.0008573427
   -0.0004480962
   -0.0000412049
    0.0017601501
    0.0000640270
    0.0006647850
    0.0015094161
    0.0020363702
   -0.0013201767
   -0.0004869472
    0.0003235746
    0.0008726799
    0.0011623191
    0.0014086478
   -0.0016536196
   -0.0009674334
   -0.0005033585
   -0.0002450959
    0.0000096867
   -0.0013047264
   -0.0007235563
   -0.0005956420
   -0.0007268873
    0.0002307054
    0.0007327419
    0.0006861386
    0.0002738525
    0.0004868785
    0.0013581310
    0.0016589932
    0.0009434974
    0.0000048488
    0.0008367947
    0.0015514294
    0.0017060269
    0.0014414266
   -0.0004147436
    0.0005014995
    0.0011287447
    0.0011770685
    0.0008141915
    0.0002509442
    0.0003333166
