    0.0321501102
    0.0208569856
    0.0172340425
    0.0149925095
    0.0125037811
    0.0124974772
    0.0088816601
   -0.0011394015
    0.0195779943
    0.0142475750
    0.0096319973
    0.0202214124
    0.0189763038
    0.0140630018
    0.0052069021
    0.0245006427
    0.0201216146
    0.0180547911
    0.0147689516
    0.0105196905
    0.0181254490
    0.0158797161
    0.0140244992
    0.0085693901
    0.0017542257
    0.0118052482
    0.0119281388
    0.0078952110
   -0.0004219169
    0.0125121997
    0.0130719832
    0.0094593476
    0.0005185943
    0.0107508697
    0.0064351817
    0.0067525447
    0.0266610204
    0.0187995100
    0.0161005144
    0.0258244435
    0.0223908835
    0.0198499358
    0.0171860052
    0.0139415611
    0.0075785868
    0.0181812785
    0.0182089993
    0.0134288189
    0.0068088500
    0.0139174330
   -0.0209781051
   -0.0238238320
   -0.0168961543
   -0.0097768068
   -0.0142196086
   -0.0214380401
   -0.0241152947
   -0.0251293263
   -0.0135332937
   -0.0118792986
   -0.0215787658
   -0.0264353925
   -0.0280655574
   -0.0231578785
   -0.0129898910
   -0.0263886944
   -0.0304382690
    0.0116801540
    0.0065429025
    0.0191872744
    0.0261577078
    0.0096034215
    0.0172967430
    0.0231137483
    0.0274400799
    0.0065929875
    0.0163452766
    0.0230008268
    0.0281841780
    0.0191054593
   -0.0234329155
   -0.0069821158
   -0.0098750636
   -0.0277524219
   -0.0299195748
   -0.0256100593
   -0.0188309824
   -0.0043176377
   -0.0182391854
   -0.0263299327
   -0.0276191670
   -0.0234363163
   -0.0186545870
   -0.0096111462
   -0.0107025870
   -0.0199115271
   -0.0238790701
   -0.0204526291
    0.0074118903
    0.0208468658
    0.0102489149
    0.0114925179
    0.0105033135
    0.0107997217
    0.0065446389
   -0.0029618818
    0.0217406509
    0.0104752497
    0.0148160350
    0.0153886277
    0.0132746742
    0.0086467253
    0.0014093729
    0.0211319691
    0.0176612260
    0.0159144670
    0.0138591731
    0.0107990989
    0.0066832901
    0.0205599473
    0.0166141644
    0.0148528564
    0.0131505576
    0.0111791821
    0.0042750615
    0.0087611442
    0.0068387589
    0.0011890148
    0.0102077508
    0.0096672265
    0.0070030772
    0.0012313821
    0.0103193587
    0.0099039403
    0.0086545422
    0.0040764354
    0.0071072068
    0.0015841157
    0.0265584906
    0.0197906186
    0.0166649157
    0.0146663510
    0.0129385397
    0.0148339984
    0.0176445458
    0.0168778251
    0.0153644851
    0.0131934547
    0.0106810440
    0.0047644416
    0.0128193266
    0.0146576312
    0.0128134459
    0.0090377744
    0.0038676776
    0.0104568360
   -0.0161698747
   -0.0186394425
   -0.0132037709
   -0.0081616211
   -0.0110207933
   -0.0167122589
   -0.0193501337
   -0.0199780020
   -0.0133264271
   -0.0026037862
    0.0074536630
    0.0114024977
   -0.0051138703
   -0.0134201826
   -0.0186132418
   -0.0213650997
   -0.0221191629
   -0.0199068245
   -0.0090575558
   -0.0129808869
   -0.0201985017
   -0.0238169246
   -0.0241524564
   -0.0117110567
   -0.0239430910
    0.0125508103
    0.0179151220
    0.0036203775
    0.0118077294
    0.0170488828
    0.0208563657
    0.0253768124
    0.0040761011
    0.0109506875
    0.0161793225
    0.0200435471
    0.0234546860
    0.0100220060
    0.0167231499
    0.0217155378
    0.0114828821
    0.0210842972
   -0.0183009162
   -0.0261937792
   -0.0204275178
   -0.0134206095
   -0.0012444164
   -0.0088997549
   -0.0200070585
   -0.0239371225
   -0.0237121723
   -0.0202571814
   -0.0160222107
   -0.0079801462
    0.0029305264
   -0.0085579260
   -0.0170748063
   -0.0211040272
   -0.0217520861
   -0.0185344311
   -0.0142679288
   -0.0077719799
   -0.0084928301
   -0.0152428848
   -0.0189349587
   -0.0156169062
    0.0056262187
   -0.0009995129
    0.0089927551
    0.0211634089
    0.0163498525
    0.0139675163
    0.0122081503
    0.0104055677
    0.0091446185
    0.0104157425
    0.0090649941
    0.0051142158
   -0.0031033005
   -0.0004752755
    0.0150559895
    0.0079150369
    0.0119844355
    0.0127712321
    0.0108400930
    0.0065448269
    0.0194602208
    0.0159335387
    0.0141250575
    0.0126030734
    0.0105851634
    0.0078563621
    0.0156537342
    0.0136533193
    0.0122129339
    0.0106940090
    0.0028637351
    0.0082512614
    0.0065877256
    0.0036738259
   -0.0029584503
    0.0089454829
    0.0082505182
    0.0068464916
    0.0035251233
   -0.0027296587
    0.0086243287
    0.0077561211
    0.0055576182
    0.0003548160
    0.0054845952
   -0.0003166533
    0.0187093361
    0.0155035447
    0.0136497826
    0.0121916183
    0.0149069467
    0.0146874870
    0.0136477554
    0.0121833917
    0.0103810744
    0.0020098288
    0.0101728307
    0.0121168587
    0.0106131129
    0.0072795995
    0.0018214488
    0.0081390018
   -0.0127088865
   -0.0148700622
   -0.0104826466
   -0.0066674283
   -0.0086782119
   -0.0132756142
   -0.0156685580
   -0.0161140219
   -0.0112363508
   -0.0038648576
    0.0028813141
    0.0057366930
   -0.0047482179
   -0.0109944583
   -0.0151071402
   -0.0173667001
   -0.0178898593
   -0.0165906086
   -0.0099901509
    0.0005470934
   -0.0073538151
   -0.0135379741
   -0.0175601960
   -0.0195544407
   -0.0194734938
   -0.0175231314
   -0.0101924507
   -0.0175179926
   -0.0212382693
   -0.0216008166
    0.0095510724
    0.0146334630
    0.0082778440
    0.0131451325
    0.0166465851
    0.0200568030
    0.0075384876
    0.0124057492
    0.0160131753
    0.0190691829
    0.0223747396
    0.0063216368
    0.0126339947
    0.0171382548
    0.0218127735
    0.0082788583
   -0.0164529623
   -0.0091136107
   -0.0102488962
   -0.0188991597
   -0.0215340514
   -0.0204721660
   -0.0170100209
   -0.0125720621
   -0.0052575049
   -0.0113448216
   -0.0172430956
   -0.0194208908
   -0.0191837951
   -0.0163642430
   -0.0129895761
   -0.0070885169
    0.0004780225
   -0.0076093999
   -0.0137350859
   -0.0169645108
   -0.0176125028
   -0.0148393667
   -0.0111470748
   -0.0061906970
   -0.0066862389
   -0.0119175681
   -0.0151831766
   -0.0121542295
    0.0042560671
   -0.0023785256
    0.0068751677
    0.0157654018
    0.0088454914
    0.0077467417
    0.0189411399
    0.0115992455
    0.0099391705
    0.0085576051
    0.0085347013
    0.0059737547
    0.0040123674
   -0.0014865597
    0.0106070447
    0.0060794346
    0.0090593940
    0.0103481163
    0.0087908527
    0.0050897097
    0.0149185924
    0.0133515162
    0.0120438880
    0.0107291985
    0.0089539884
    0.0064246866
    0.0146172062
    0.0127245952
    0.0114516553
    0.0101747374
    0.0087414820
    0.0115203834
    0.0047853925
    0.0014572096
    0.0072880535
    0.0060733892
    0.0039972578
    0.0000739148
    0.0075120989
    0.0065290037
    0.0046856168
    0.0011351419
   -0.0053614080
    0.0073909540
    0.0060683227
    0.0037288195
   -0.0012032353
    0.0040816453
   -0.0011684550
    0.0155631603
    0.0137956087
    0.0124781453
    0.0113140271
    0.0101502359
    0.0113369904
    0.0120900226
    0.0115527772
    0.0104490003
    0.0089642312
    0.0014906213
    0.0078708711
    0.0098351377
    0.0087722534
    0.0059947960
    0.0014395247
    0.0064770763
   -0.0101717816
   -0.0120572040
   -0.0084659427
   -0.0054676213
   -0.0069583186
   -0.0107163924
   -0.0128176055
   -0.0132051529
   -0.0094112811
   -0.0039713591
    0.0009317552
    0.0030817916
    0.0012104013
   -0.0041620046
   -0.0090440619
   -0.0124393754
   -0.0143470287
   -0.0147247404
   -0.0138354000
   -0.0090160076
   -0.0016339547
   -0.0069778912
   -0.0115754137
   -0.0146348539
   -0.0161545402
   -0.0160424773
   -0.0144089895
   -0.0082816938
   -0.0070956733
   -0.0126956503
   -0.0161425645
   -0.0177300012
   -0.0173351141
   -0.0071304521
   -0.0152427546
   -0.0195746987
    0.0067770254
    0.0111790597
    0.0057080509
    0.0103161075
    0.0135637861
    0.0166014187
    0.0052994801
    0.0096051987
    0.0128085969
    0.0154483522
    0.0181390038
    0.0043158318
    0.0091952407
    0.0127409135
    0.0156862490
    0.0186970285
    0.0033043553
    0.0097024703
    0.0141899624
   -0.0140618848
   -0.0065266181
   -0.0201110630
   -0.0185082572
   -0.0142440751
   -0.0098193898
   -0.0030988627
   -0.0125371921
   -0.0164606907
   -0.0175995317
   -0.0167769519
   -0.0141819430
   -0.0108018909
   -0.0054028988
    0.0018532493
   -0.0096998191
   -0.0141481858
   -0.0159402619
   -0.0158414415
   -0.0134286885
   -0.0106329245
   -0.0060426478
   -0.0004267260
   -0.0064597251
   -0.0111955112
   -0.0138761406
   -0.0144933248
   -0.0120227820
   -0.0088710333
   -0.0049629034
   -0.0053208884
   -0.0094881446
   -0.0123128458
   -0.0096291958
