  -0.0076796512    4.0001763879   -1.3701372973
  -1.9541402216    3.7203176078   -1.3701372973
  -3.1227036602    0.0701802247    1.1016026464
  -2.6764092568    3.4081608279    0.0516026464
  -1.9317389940    1.4446267183   -2.0483973536
  -0.9344188361    3.3627999947    1.7227137079
  -0.6292709743    4.3019485452    1.4018622584
  -1.7333063097    3.9432257194    1.4018622584
   0.2895477837    4.3898299339    0.5618622584
  -0.6569681281    4.9363011504    0.5618622584
  -1.7333063097    4.7465136886    0.5618622584
  -2.4358361638    3.9092712112    0.5618622584
   0.2895477837    4.3898299339   -0.4764348427
  -0.6569681281    4.9363011504   -0.4764348427
  -1.7333063097    4.7465136886   -0.4764348427
  -2.4358361638    3.9092712112   -0.4764348427
  -0.6292709743    4.3019485452   -1.3164348427
  -1.7333063097    3.9432257194   -1.3164348427
  -3.0184921184   -0.8837689353    0.6925724311
  -3.6052587508    0.1139435072   -0.2874275689
  -3.3426685422   -0.8660564928   -0.2874275689
  -2.6252587508   -1.5834662842   -0.2874275689
  -3.3426685422    0.1139435072   -1.2674275689
  -3.0184921184   -0.8837689353   -1.2674275689
  -2.1697872227   -1.5003891357   -1.2674275689
  -0.6652587508    0.1139435072   -1.9848373603
  -2.1352587508    0.9626484029   -1.9848373603
  -2.6252587508    0.1139435072   -1.9848373603
  -2.1352587508   -0.7347613885   -1.9848373603
  -1.6452587508    0.1139435072   -2.2474275689
  -2.2183186048   -0.8722482749    1.3402007340
   0.4657972527    1.8396820662    3.0470359983
   1.4532764766    1.8396820662    2.7261845488
   0.7709451145    2.7788306168    2.7261845488
  -0.3330902209    2.4201077910    2.7261845488
  -0.3330902209    1.2592563415    2.7261845488
   0.7709451145    0.9005335157    2.7261845488
   2.0635722001    1.8396820662    1.8861845488
   1.6897638725    2.8667120055    1.8861845488
   0.7432479607    3.4131832220    1.8861845488
  -0.3330902209    3.2233957602    1.8861845488
   1.6897638725    0.8126521270    1.8861845488
   1.6003749796    0.4115461037    1.6096505791
   2.3177847710    0.4115461037    0.8922407877
   2.3177847710    0.4115461037   -1.0677592123
   1.9936083473   -0.5861663388   -1.0677592123
   1.6003749796    0.4115461037   -1.7851690037
  -0.3596250204    0.4115461037   -1.7851690037
   1.1103749796   -0.4371587920   -1.7851690037
   0.6203749796    0.4115461037   -2.0477592123
   3.4675414368    2.3868551787   -1.8090955773
   3.0937331092    3.4138851180   -1.8090955773
   2.1472171973    3.9603563345   -1.8090955773
   1.0708790157    3.7705688727   -1.8090955773
   2.1472171973    0.8133540230   -1.8090955773
   3.0937331092    1.3598252395   -1.8090955773
   2.8572457132    2.3868551787   -2.6490955773
   2.1749143511    3.3260037293   -2.6490955773
   1.0708790157    2.9672809035   -2.6490955773
   1.0708790157    1.8064294540   -2.6490955773
   2.1749143511    1.4477066282   -2.6490955773
   1.8697664894    2.3868551787   -2.9699470268
   0.2616343830    3.5721455485    1.3211984443
   2.0504042941    0.7887652366    1.3211984443
   0.5553881566    3.4091970947   -1.9275024579
  -0.3911277553    3.9556683112   -1.9275024579
  -1.4674659369    3.7658808494   -1.9275024579
  -2.1699957909    2.9286383719   -1.9275024579
  -0.3911277553    0.8086659997   -1.9275024579
   0.5553881566    1.3551372162   -1.9275024579
   0.3189007606    2.3821671554   -2.7675024579
  -0.3634306014    3.3213157060   -2.7675024579
  -1.4674659369    2.9625928802   -2.7675024579
  -1.4674659369    1.8017414307   -2.7675024579
  -0.3634306014    1.4430186049   -2.7675024579
  -0.6685784632    2.3821671554   -3.0883539074
  -2.1416952094    1.5171127353    2.8068196402
  -1.1542159856    1.5171127353    2.4859681907
  -1.8365473477    2.4562612858    2.4859681907
  -2.9405826831    2.0975384600    2.4859681907
  -2.9405826831    0.9366870105    2.4859681907
  -1.8365473477    0.5779641847    2.4859681907
  -1.8642445015    3.0906138910    1.6459681907
  -2.9405826831    2.9008264292    1.6459681907
  -3.6431125371    2.0635839518    1.6459681907
  -3.6431125371    0.9706415187    1.6459681907
  -2.9405826831    0.1333990413    1.6459681907
   2.6590645969    2.0025336543    1.9253773212
   3.6465438207    2.0025336543    1.6045258718
   2.9642124586    2.9416822049    1.6045258718
   2.9642124586    1.0633851038    1.6045258718
   4.2568395442    2.0025336543    0.7645258718
   3.8830312167    3.0295635936    0.7645258718
   2.9365153048    0.4290324986    0.7645258718
   3.8830312167    0.9755037151    0.7645258718
   4.2568395442    2.0025336543   -0.2737712293
   3.8830312167    3.0295635936   -0.2737712293
   2.9365153048    0.4290324986   -0.2737712293
   3.8830312167    0.9755037151   -0.2737712293
   3.6465438207    2.0025336543   -1.1137712293
   2.0236703908   -4.3488602250    2.1505848119
   3.0111496146   -4.3488602250    1.8297333624
   2.3288182525   -3.4097116745    1.8297333624
   1.2247829171   -4.9292859497    1.8297333624
   2.3288182525   -5.2880087756    1.8297333624
   3.6214453381   -4.3488602250    0.9897333624
   3.2476370105   -3.3218302858    0.9897333624
   2.3011210987   -5.9223613807    0.9897333624
   3.2476370105   -5.3758901642    0.9897333624
   3.6214453381   -4.3488602250   -0.0485637387
   3.2476370105   -3.3218302858   -0.0485637387
   2.3011210987   -5.9223613807   -0.0485637387
   3.2476370105   -5.3758901642   -0.0485637387
   3.0111496146   -4.3488602250   -0.8885637387
   0.2813494029   -4.5122633927    1.9170165934
  -0.5175380708   -3.9318376680    1.5961651439
  -0.5175380708   -5.0926891174    1.5961651439
   0.5864972646   -5.4514119433    1.5961651439
  -1.2200679249   -3.9657921762    0.7561651439
  -1.2200679249   -5.0587346092    0.7561651439
  -0.5175380708   -5.8959770867    0.7561651439
   0.5588001108   -6.0857645485    0.7561651439
  -1.2200679249   -5.0587346092   -0.2821319572
  -0.5175380708   -5.8959770867   -0.2821319572
   0.5588001108   -6.0857645485   -0.2821319572
  -0.5175380708   -5.0926891174   -1.1221319572
   2.8964803602   -3.9343272185   -1.6035992102
   2.5226720326   -2.9072972793   -1.6035992102
   1.5761561208   -2.3608260628   -1.6035992102
  -0.2027119149   -4.4807984350   -1.6035992102
   0.4998179392   -5.3180409125   -1.6035992102
   1.5761561208   -5.5078283743   -1.6035992102
   2.5226720326   -4.9613571578   -1.6035992102
   2.2861846367   -3.9343272185   -2.4435992102
   1.6038532746   -2.9951786680   -2.4435992102
   0.4998179392   -3.3539014938   -2.4435992102
   0.4998179392   -4.5147529432   -2.4435992102
   1.6038532746   -4.8734757691   -2.4435992102
   1.2987054128   -3.9343272185   -2.7644506597
  -0.5756307259   -0.3125942422    3.0655539746
   0.4118484980   -0.3125942422    2.7447025252
  -0.2704828641    0.6265543083    2.7447025252
  -1.3745181996    0.2678314825    2.7447025252
  -1.3745181996   -0.8930199669    2.7447025252
  -0.2704828641   -1.2517427928    2.7447025252
   1.0221442215   -0.3125942422    1.9047025252
  -2.0770480536   -0.8590654587    1.9047025252
  -1.3745181996   -1.6963079362    1.9047025252
   2.7745800878   -2.4555295379    1.5221322960
  -1.1674339453   -2.3433133748    1.7429620009
  -1.9663214190   -1.7628876500    1.4221105514
  -1.9663214190   -2.9237390995    1.4221105514
  -0.8622860835   -3.2824619253    1.4221105514
  -2.6688512730   -1.7968421583    0.5821105514
  -2.6688512730   -2.8897845913    0.5821105514
  -1.9663214190   -3.7270270687    0.5821105514
  -2.6688512730   -1.7968421583   -0.4561865497
  -2.6688512730   -2.8897845913   -0.4561865497
  -1.9663214190   -3.7270270687   -0.4561865497
  -1.9663214190   -2.9237390995   -1.2961865497
   1.4421539355   -1.7662331167   -1.7738293383
   1.0683456079   -0.7392031775   -1.7738293383
  -1.6570383396   -1.2197619002   -1.7738293383
  -1.6570383396   -2.3127043332   -1.7738293383
  -0.9545084855   -3.1499468107   -1.7738293383
   0.8318582120   -1.7662331167   -2.6138293383
   0.1495268499   -0.8270845662   -2.6138293383
  -0.9545084855   -1.1858073920   -2.6138293383
  -0.9545084855   -2.3466588414   -2.6138293383
   0.1495268499   -2.7053816673   -2.6138293383
  -0.1556210118   -1.7662331167   -2.9346807877
   1.4037023434   -5.9779486999   -0.0019858799
   2.6805238688   -2.9100218316   -1.0519858799
   0.8917539578   -5.6934021434   -1.0519858799
   1.9060712190   -5.5475653380   -1.0519858799
   2.8366116565   -1.8691790667    1.6070064461
   2.1542802944   -0.9300305162    1.6070064461
   3.4469073801   -1.8691790667    0.7670064461
   3.0730990525   -0.8421491275    0.7670064461
   3.0730990525   -2.8962090060    0.7670064461
   3.4469073801   -1.8691790667   -0.2712906550
   3.0730990525   -0.8421491275   -0.2712906550
   3.0730990525   -2.8962090060   -0.2712906550
   2.8366116565   -1.8691790667   -1.1112906550
   2.1542802944   -0.9300305162   -1.1112906550
   1.8491324327   -1.8691790667   -1.4321421045
   0.8449447579   -2.4469071039    3.2423130783
   1.8324239818   -2.4469071039    2.9214616288
   1.1500926197   -1.5077585534    2.9214616288
   0.0460572843   -1.8664813792    2.9214616288
   0.0460572843   -3.0273328286    2.9214616288
   1.1500926197   -3.3860556545    2.9214616288
   2.4427197053   -2.4469071039    2.0814616288
   2.0689113777   -1.4198771647    2.0814616288
   1.1223954659   -0.8734059482    2.0814616288
  -0.6564725698   -1.9004358874    2.0814616288
  -0.6564725698   -2.9933783204    2.0814616288
   0.0460572843   -3.8306207979    2.0814616288
   2.0689113777   -3.4739370432    2.0814616288
   3.3100835044    3.4486183094    0.8449792239
   3.6395926043    3.4412987380   -0.2050207761
   3.5987882983    2.4653800767   -1.2550207761
   3.3100835044    3.4486183094   -1.2550207761
   0.5891702842    3.8398265704   -1.2550207761
   2.5356308546    0.8110748030   -1.2550207761
   3.3100835044    1.4821418440   -1.2550207761
  -3.6372992119    3.1026655980    0.0353227819
  -4.3398290660    2.2654231205    0.0353227819
  -4.3398290660    1.1724806875    0.0353227819
  -2.5609610303    3.2924530598   -1.0029743192
  -3.6372992119    3.1026655980   -1.0029743192
  -4.3398290660    2.2654231205   -1.0029743192
  -4.3398290660    1.1724806875   -1.0029743192
  -3.6372992119    0.3352382101   -1.0029743192
  -2.5332638765    2.6581004546   -1.8429743192
  -3.6372992119    2.2993776288   -1.8429743192
  -3.6372992119    1.1385261793   -1.8429743192
  -2.8384117383    1.7189519040   -2.1638257687
   1.7635775616    3.5223421058    1.7494454580
   2.7510567854    3.5223421058    1.4285940085
   2.0687254233    4.4614906563    1.4285940085
   0.9646900879    4.1027678305    1.4285940085
   2.9875441814    4.5493720450    0.5885940085
   2.0410282695    5.0958432615    0.5885940085
   0.9646900879    4.9060557997    0.5885940085
   2.9875441814    4.5493720450   -0.4497030926
   2.0410282695    5.0958432615   -0.4497030926
   0.9646900879    4.9060557997   -0.4497030926
   2.0687254233    4.4614906563   -1.2897030926
   0.9646900879    4.1027678305   -1.2897030926
  -1.9919533276    3.7639562584   -1.8165128218
  -3.3905972599    3.2739771220    0.5856528879
  -4.0398502676    0.4294138353    0.5856528879
  -0.9344188361    3.3627999947    1.9627137079
  -0.4544188361    4.1941843823    1.7054824832
  -1.4144188361    4.1941843823    1.7054824832
  -1.8944188361    3.3627999947    1.7054824832
  -0.4205950268    4.9441870735    1.0027137079
  -1.4482426453    4.9441870735    1.0027137079
  -2.2796270330    4.3401509587    1.0027137079
   0.0255811639    5.0255687699    0.0427137079
  -0.9344188361    5.2827999947    0.0427137079
  -1.8944188361    5.0255687699    0.0427137079
  -2.5971876113    4.3227999947    0.0427137079
  -0.4205950268    4.9441870735   -0.9172862921
  -1.4482426453    4.9441870735   -0.9172862921
  -2.2796270330    4.3401509587   -0.9172862921
  -3.0620922523   -0.9154462868    1.1091895873
  -3.7656388955   -0.4086832597    0.2110193232
  -3.2798853577   -1.3342092995    0.2110193232
  -3.7656388955   -0.4086832597   -0.7858744609
  -3.2798853577   -1.3342092995   -0.7858744609
  -3.3965612715    0.1139435072   -1.6840447250
  -3.0620922523   -0.9154462868   -1.6840447250
  -2.1864409920   -1.5516441671   -1.6840447250
  -0.6733591751    0.1139435072   -2.3055978330
  -2.1312085386    0.9556332296   -2.3055978330
  -2.6171583264    0.1139435072   -2.3055978330
  -2.1312085386   -0.7277462152   -2.3055978330
  -1.6452587508    0.1139435072   -2.5274275689
   0.4657972527    1.8396820662    3.2870359983
   1.4257972527    1.8396820662    3.0298047736
   0.9457972527    2.6710664539    3.0298047736
  -0.0142027473    2.6710664539    3.0298047736
  -0.4942027473    1.8396820662    3.0298047736
  -0.0142027473    1.0082976786    3.0298047736
   0.9457972527    1.0082976786    3.0298047736
   2.1285660280    1.8396820662    2.3270359983
   1.8110054496    2.8170330303    2.3270359983
   0.9796210620    3.4210691450    2.3270359983
  -0.0480265565    3.4210691450    2.3270359983
  -0.8794109442    2.8170330303    2.3270359983
   1.8110054496    0.8623311022    2.3270359983
   2.3716775004    0.4115461037    1.3088579439
   2.3716775004    0.4115461037   -1.4843763685
   2.0372084812   -0.6178436903   -1.4843763685
   1.5922745552    0.4115461037   -2.1059294764
  -0.3515245960    0.4115461037   -2.1059294764
   1.1063247674   -0.4301436187   -2.1059294764
   0.6203749796    0.4115461037   -2.3277592123
   3.5325352646    2.3868551787   -2.2499470268
   3.2149746863    3.3642061428   -2.2499470268
   2.3835902987    3.9682422575   -2.2499470268
   1.3559426801    3.9682422575   -2.2499470268
   1.3559426801    0.8054680999   -2.2499470268
   2.3835902987    0.8054680999   -2.2499470268
   3.2149746863    1.4095042147   -2.2499470268
   2.8297664894    2.3868551787   -2.9527158020
   2.3497664894    3.2182395664   -2.9527158020
   1.3897664894    3.2182395664   -2.9527158020
   0.9097664894    2.3868551787   -2.9527158020
   1.3897664894    1.5554707911   -2.9527158020
   2.3497664894    1.5554707911   -2.9527158020
   1.8697664894    2.3868551787   -3.2099470268
   2.0989801322    0.7575474410    1.7675739687
  -0.1547546539    3.9635542342   -2.3683539074
  -1.1824022725    3.9635542342   -2.3683539074
  -2.0137866601    3.3595181195   -2.3683539074
  -2.3313472385    2.3821671554   -2.3683539074
  -2.0137866601    1.4048161914   -2.3683539074
  -0.1547546539    0.8007800766   -2.3683539074
   0.2914215368    2.3821671554   -3.0711226827
  -0.1885784632    3.2135515431   -3.0711226827
  -1.1485784632    3.2135515431   -3.0711226827
  -1.6285784632    2.3821671554   -3.0711226827
  -1.1485784632    1.5507827678   -3.0711226827
  -0.1885784632    1.5507827678   -3.0711226827
  -0.6685784632    2.3821671554   -3.3283539074
  -2.1416952094    1.5171127353    3.0468196402
  -1.1816952094    1.5171127353    2.7895884154
  -1.6616952094    2.3484971229    2.7895884154
  -2.6216952094    2.3484971229    2.7895884154
  -3.1016952094    1.5171127353    2.7895884154
  -2.6216952094    0.6857283476    2.7895884154
  -1.6616952094    0.6857283476    2.7895884154
  -1.6278714001    3.0984998141    2.0868196402
  -2.6555190187    3.0984998141    2.0868196402
  -3.4869034063    2.4944636993    2.0868196402
  -3.8044639847    1.5171127353    2.0868196402
  -3.4869034063    0.5397617712    2.0868196402
  -2.6555190187   -0.0642743436    2.0868196402
   2.6590645969    2.0025336543    2.1653773212
   3.6190645969    2.0025336543    1.9081460965
   3.1390645969    2.8339180420    1.9081460965
   3.1390645969    1.1711492667    1.9081460965
   4.3218333721    2.0025336543    1.2053773212
   4.0042727938    2.9798846184    1.2053773212
   3.1728884061    0.4211465755    1.2053773212
   4.0042727938    1.0251826903    1.2053773212
   4.5790645969    2.0025336543    0.2453773212
   4.3218333721    2.9625336543    0.2453773212
   3.6190645969    0.3397648791    0.2453773212
   4.3218333721    1.0425336543    0.2453773212
   4.3218333721    2.0025336543   -0.7146226788
   3.1728884061    0.4211465755   -0.7146226788
   4.0042727938    1.0251826903   -0.7146226788
  -2.0573233334   -2.3130264753   -1.6631562206
  -1.4857127520   -3.2024699013   -1.6631562206
   2.0236703908   -4.3488602250    2.3905848119
   2.9836703908   -4.3488602250    2.1333535872
   2.5036703908   -3.5174758374    2.1333535872
   1.5436703908   -5.1802446126    2.1333535872
   2.5036703908   -5.1802446126    2.1333535872
   3.6864391660   -4.3488602250    1.4305848119
   3.3688785877   -3.3715092609    1.4305848119
   1.5098465815   -5.9302473038    1.4305848119
   2.5374942000   -5.9302473038    1.4305848119
   3.3688785877   -5.3262111891    1.4305848119
   3.9436703908   -4.3488602250    0.4705848119
   3.6864391660   -3.3888602250    0.4705848119
   2.0236703908   -6.2688602250    0.4705848119
   2.9836703908   -6.0116290003    0.4705848119
   3.6864391660   -5.3088602250    0.4705848119
   3.6864391660   -4.3488602250   -0.4894151881
   2.5374942000   -5.9302473038   -0.4894151881
   3.3688785877   -5.3262111891   -0.4894151881
   0.2813494029   -4.5122633927    2.1570165934
  -0.6786505971   -4.5122633927    1.8997853686
  -0.1986505971   -5.3436477803    1.8997853686
   0.7613494029   -5.3436477803    1.8997853686
  -1.3814193724   -4.5122633927    1.1970165934
  -1.0638587940   -5.4896143568    1.1970165934
  -0.2324744064   -6.0936504715    1.1970165934
   0.7951732121   -6.0936504715    1.1970165934
  -1.6386505971   -4.5122633927    0.2370165934
  -1.3814193724   -5.4722633927    0.2370165934
  -0.6786505971   -6.1750321680    0.2370165934
   0.2813494029   -6.4322633927    0.2370165934
  -1.3814193724   -4.5122633927   -0.7229834066
  -1.0638587940   -5.4896143568   -0.7229834066
  -0.2324744064   -6.0936504715   -0.7229834066
  -0.1986505971   -5.3436477803   -1.4257521819
   2.9614741881   -3.9343272185   -2.0444506597
   2.6439136097   -2.9569762544   -2.0444506597
   1.8125292221   -2.3529401397   -2.0444506597
  -0.3640633624   -3.9343272185   -2.0444506597
  -0.0465027841   -4.9116781826   -2.0444506597
   0.7848816036   -5.5157142973   -2.0444506597
   1.8125292221   -5.5157142973   -2.0444506597
   2.6439136097   -4.9116781826   -2.0444506597
   2.2587054128   -3.9343272185   -2.7472194350
   1.7787054128   -3.1029428309   -2.7472194350
   0.8187054128   -3.1029428309   -2.7472194350
   0.3387054128   -3.9343272185   -2.7472194350
   0.8187054128   -4.7657116062   -2.7472194350
   1.7787054128   -4.7657116062   -2.7472194350
   1.2987054128   -3.9343272185   -3.0044506597
  -0.5756307259   -0.3125942422    3.3055539746
   0.3843692741   -0.3125942422    3.0483227499
  -0.0956307259    0.5187901454    3.0483227499
  -1.0556307259    0.5187901454    3.0483227499
  -1.5356307259   -0.3125942422    3.0483227499
  -1.0556307259   -1.1439786299    3.0483227499
  -0.0956307259   -1.1439786299    3.0483227499
   1.0871380494   -0.3125942422    2.3455539746
  -2.2383995011   -0.3125942422    2.3455539746
  -1.9208389228   -1.2899452063    2.3455539746
  -1.0894545351   -1.8939813210    2.3455539746
   2.8323222978   -2.4555295379    1.9685078205
   1.7354096250   -0.7487001025    1.9685078205
  -1.1674339453   -2.3433133748    1.9829620009
  -2.1274339453   -2.3433133748    1.7257307762
  -1.6474339453   -3.1746977624    1.7257307762
  -2.8302027206   -2.3433133748    1.0229620009
  -2.5126421422   -3.3206643388    1.0229620009
  -1.6812577546   -3.9247004536    1.0229620009
  -3.0874339453   -2.3433133748    0.0629620009
  -2.8302027206   -3.3033133748    0.0629620009
  -2.1274339453   -4.0060821500    0.0629620009
  -2.8302027206   -2.3433133748   -0.8970379991
  -2.5126421422   -3.3206643388   -0.8970379991
  -1.6812577546   -3.9247004536   -0.8970379991
  -2.1274339453   -2.3433133748   -1.5998067744
  -1.6474339453   -3.1746977624   -1.5998067744
   1.5071477634   -1.7662331167   -2.2146807877
   1.1895871851   -0.7888821526   -2.2146807877
  -1.8183897871   -1.7662331167   -2.2146807877
  -1.5008292088   -2.7435840808   -2.2146807877
  -0.6694448211   -3.3476201955   -2.2146807877
   0.8043789882   -1.7662331167   -2.9174495630
   0.3243789882   -0.9348487291   -2.9174495630
  -0.6356210118   -0.9348487291   -2.9174495630
  -1.1156210118   -1.7662331167   -2.9174495630
  -0.6356210118   -2.5976175043   -2.9174495630
   0.3243789882   -2.5976175043   -2.9174495630
  -0.1556210118   -1.7662331167   -3.1746807877
   0.6299148279   -4.7950704812    2.1603394031
   1.6712358018   -6.1744227058   -0.5360361214
  -0.6498130387   -4.4219017825   -1.4983614043
  -0.0782024574   -5.3113452085   -1.4983614043
   2.8091324327   -1.8691790667    1.9106266708
   2.3291324327   -1.0377946791    1.9106266708
   3.5119012079   -1.8691790667    1.2078578955
   3.1943406296   -0.8918281027    1.2078578955
   2.3629562420   -0.2877919879    1.2078578955
   3.7691324327   -1.8691790667    0.2478578955
   3.5119012079   -0.9091790667    0.2478578955
   2.8091324327   -0.2064102915    0.2478578955
   3.5119012079   -2.8291790667    0.2478578955
   3.5119012079   -1.8691790667   -0.7121421045
   3.1943406296   -0.8918281027   -0.7121421045
   3.1943406296   -2.8465300308   -0.7121421045
   2.8091324327   -1.8691790667   -1.4149108797
   2.3291324327   -1.0377946791   -1.4149108797
   0.8449447579   -2.4469071039    3.4823130783
   1.8049447579   -2.4469071039    3.2250818536
   1.3249447579   -1.6155227163    3.2250818536
   0.3649447579   -1.6155227163    3.2250818536
  -0.1150552421   -2.4469071039    3.2250818536
   0.3649447579   -3.2782914916    3.2250818536
   1.3249447579   -3.2782914916    3.2250818536
   2.5077135332   -2.4469071039    2.5223130783
   2.1901529548   -1.4695561398    2.5223130783
   1.3587685672   -0.8655200251    2.5223130783
  -0.8178240173   -2.4469071039    2.5223130783
  -0.5002634390   -3.4242580680    2.5223130783
   0.3311209487   -4.0282941827    2.5223130783
   1.3587685672   -4.0282941827    2.5223130783
   2.1901529548   -3.4242580680    2.5223130783
   2.3007954373    3.3671904936    1.9573045068
   3.3586593425    3.4798361050    1.2913547483
   3.8882462240    3.4805929597    0.3290294654
   3.8882462240    3.4805929597   -0.7390710176
   2.5596178355    4.1722095122   -1.7013963006
   1.5130960200    4.3226766334   -1.7013963006
   0.5513571782    3.8834652210   -1.7013963006
  -4.1836199352    2.6963028681    0.4761742313
  -4.5011805135    1.7189519040    0.4761742313
  -2.8384117383    3.6389519040   -0.4838257687
  -3.7984117383    3.3817206793   -0.4838257687
  -4.5011805135    2.6789519040   -0.4838257687
  -4.7584117383    1.7189519040   -0.4838257687
  -4.5011805135    0.7589519040   -0.4838257687
  -3.3522355475    3.3003389829   -1.4438257687
  -4.1836199352    2.6963028681   -1.4438257687
  -4.5011805135    1.7189519040   -1.4438257687
  -4.1836199352    0.7416009400   -1.4438257687
  -3.3184117383    2.5503362917   -2.1465945439
  -3.7984117383    1.7189519040   -2.1465945439
  -3.3184117383    0.8875675164   -2.1465945439
  -2.8384117383    1.7189519040   -2.4038257687
   1.7635775616    3.5223421058    1.9894454580
   2.7235775616    3.5223421058    1.7322142333
   2.2435775616    4.3537264934    1.7322142333
   1.2835775616    4.3537264934    1.7322142333
   3.1087857585    4.4996930698    1.0294454580
   2.2774013708    5.1037291846    1.0294454580
   1.2497537523    5.1037291846    1.0294454580
   0.4183693647    4.4996930698    1.0294454580
   3.4263463368    4.4823421058    0.0694454580
   2.7235775616    5.1851108810    0.0694454580
   1.7635775616    5.4423421058    0.0694454580
   0.8035775616    5.1851108810    0.0694454580
   3.1087857585    4.4996930698   -0.8905545420
   2.2774013708    5.1037291846   -0.8905545420
   1.2497537523    5.1037291846   -0.8905545420
   0.4183693647    4.4996930698   -0.8905545420
  -1.2797981891    3.2406877641    2.1743374404
  -2.3184551154    4.2961299964   -1.3533825647
  -3.4870185540    3.3948856005    1.0848479138
  -4.1791830745    2.5269387446    1.0848479138
  -4.4262137318    1.4446267183    1.0848479138
  -4.1791830745    0.3623146919    1.0848479138
  -0.9344188361    3.3627999947    2.2027137079
  -0.3944188361    4.2981074307    1.9133285801
  -1.4744188361    4.2981074307    1.9133285801
  -0.1573373346    5.0643711334    1.1227137079
  -1.2006350891    5.2143747046    1.1227137079
  -2.1594110642    4.7765163881    1.1227137079
  -2.7292606622    3.8898131055    1.1227137079
   0.2926010169    5.1404451450    0.0427137079
  -0.6740596067    5.5070511627    0.0427137079
  -1.7003653921    5.3824350789    0.0427137079
  -2.5512020521    4.7951449365    0.0427137079
  -0.1573373346    5.0643711334   -1.0372862921
  -1.2006350891    5.2143747046   -1.0372862921
  -2.1594110642    4.7765163881   -1.0372862921
  -3.5356665220   -0.4411302969    1.2837667318
  -2.9354754116   -1.3750458942    1.2837667318
  -3.8587755880   -0.9520300199    0.2733251847
  -3.8587755880   -0.9520300199   -0.8481803224
  -3.1770599300   -1.8068744167   -0.8481803224
  -3.5356665220   -0.4411302969   -1.8586218696
  -2.9354754116   -1.3750458942   -1.8586218696
  -0.5518717282    0.1139435072   -2.5578691160
  -2.7386457733    0.1139435072   -2.5578691160
  -2.1919522620   -0.8329574305   -2.5578691160
  -1.6452587508    0.1139435072   -2.8074275689
   1.4358548132   -0.3598744172    2.1993890432
   0.4657972527    1.8396820662    3.5270359983
   1.5457972527    1.8396820662    3.2376508705
   1.0057972527    2.7749895023    3.2376508705
  -0.0742027473    2.7749895023    3.2376508705
  -0.6142027473    1.8396820662    3.2376508705
  -0.0742027473    0.9043746301    3.2376508705
   1.0057972527    0.9043746301    3.2376508705
   2.3364121249    1.8396820662    2.4470359983
   1.2428787542    3.5412532049    2.4470359983
   0.1995809997    3.6912567762    2.4470359983
  -0.7591949754    3.2533984597    2.4470359983
   2.0394586225    0.8283513126    2.4470359983
   2.2778255913   -0.6536327260   -1.6589535130
   1.7137620022    0.4115461037   -2.3582007594
   0.6203749796    0.4115461037   -2.6077592123
   3.7403813616    2.3868551787   -2.3699470268
   3.4434278592    3.3981859324   -2.3699470268
   2.6468479908    4.0884263174   -2.3699470268
   1.6035502364    4.2384298887   -2.3699470268
   2.6468479908    0.6852840400   -2.3699470268
   3.4434278592    1.3755244251   -2.3699470268
   2.9497664894    2.3868551787   -3.1605618989
   2.4097664894    3.3221626148   -3.1605618989
   1.3297664894    3.3221626148   -3.1605618989
   0.7897664894    2.3868551787   -3.1605618989
   1.3297664894    1.4515477426   -3.1605618989
   2.4097664894    1.4515477426   -3.1605618989
   1.8697664894    2.3868551787   -3.4499470268
   0.1085030382    4.0837382942   -2.4883539074
  -0.9347947162    4.2337418654   -2.4883539074
  -1.8935706913    3.7958835489   -2.4883539074
  -2.4634202894    2.9091802662   -2.4883539074
   0.4114215368    2.3821671554   -3.2789687796
  -0.1285784632    3.3174745915   -3.2789687796
  -1.2085784632    3.3174745915   -3.2789687796
  -1.7485784632    2.3821671554   -3.2789687796
  -1.2085784632    1.4468597193   -3.2789687796
  -0.1285784632    1.4468597193   -3.2789687796
  -0.6685784632    2.3821671554   -3.5683539074
  -2.1416952094    1.5171127353    3.2868196402
  -1.0616952094    1.5171127353    2.9974345123
  -1.6016952094    2.4524201713    2.9974345123
  -2.6816952094    2.4524201713    2.9974345123
  -3.2216952094    1.5171127353    2.9974345123
  -2.6816952094    0.5818052992    2.9974345123
  -1.3646137080    3.2186838740    2.2068196402
  -2.4079114624    3.3686874452    2.2068196402
  -3.3666874375    2.9308291287    2.2068196402
  -3.9365370356    2.0441258461    2.2068196402
  -3.9365370356    0.9900996244    2.2068196402
  -3.3666874375    0.1033963418    2.2068196402
   2.6590645969    2.0025336543    2.4053773212
   3.7390645969    2.0025336543    2.1159921934
   3.1990645969    2.9378410904    2.1159921934
   3.1990645969    1.0672262183    2.1159921934
   4.5296794690    2.0025336543    1.3253773212
   4.2327259667    3.0138644080    1.3253773212
   3.4361460983    0.3009625156    1.3253773212
   4.2327259667    0.9912029007    1.3253773212
   4.8190645969    2.0025336543    0.2453773212
   4.5716496123    3.0063357060    0.2453773212
   3.8860844498    0.2248885040    0.2453773212
   4.5716496123    0.9987316027    0.2453773212
   4.5296794690    2.0025336543   -0.8346226788
   3.4361460983    0.3009625156   -0.8346226788
   4.2327259667    0.9912029007   -0.8346226788
  -2.0887877478   -2.3222652610   -2.0759690053
   2.0236703908   -4.3488602250    2.6305848119
   3.1036703908   -4.3488602250    2.3411996841
   1.4836703908   -5.2841676611    2.3411996841
   2.5636703908   -5.2841676611    2.3411996841
   3.8942852629   -4.3488602250    1.5505848119
   3.5973317605   -3.3375294714    1.5505848119
   1.7574541377   -6.2004349350    1.5505848119
   2.8007518922   -6.0504313637    1.5505848119
   3.5973317605   -5.3601909786    1.5505848119
   4.1836703908   -4.3488602250    0.4705848119
   3.9362554062   -3.3450581734    0.4705848119
   2.2840296201   -6.4931113931    0.4705848119
   3.2506902437   -6.1265053753    0.4705848119
   3.9362554062   -5.3526622766    0.4705848119
   3.8942852629   -4.3488602250   -0.6094151881
   2.8007518922   -6.0504313637   -0.6094151881
   3.5973317605   -5.3601909786   -0.6094151881
  -0.7986505971   -4.5122633927    2.1076314655
  -0.2586505971   -5.4475708288    2.1076314655
  -1.5134924233   -5.0392765035    1.3170165934
  -0.9436428253   -5.9259797861    1.3170165934
   0.0151331499   -6.3638381027    1.3170165934
  -1.8158849228   -5.0291852276    0.2370165934
  -1.3354338132   -5.9446083345    0.2370165934
  -0.4845971531   -6.5318984769    0.2370165934
   0.5417086322   -6.6565145608    0.2370165934
  -1.5134924233   -5.0392765035   -0.8429834066
  -0.9436428253   -5.9259797861   -0.8429834066
   0.0151331499   -6.3638381027   -0.8429834066
   3.1693202850   -3.9343272185   -2.1644506597
   2.8723667826   -2.9229964649   -2.1644506597
   2.0757869143   -2.2327560798   -2.1644506597
  -0.4961364134   -4.4613403293   -2.1644506597
   0.0737131847   -5.3480436119   -2.1644506597
   1.0324891598   -5.7859019285   -2.1644506597
   2.0757869143   -5.6358983572   -2.1644506597
   2.8723667826   -4.9456579722   -2.1644506597
   2.3787054128   -3.9343272185   -2.9550655319
   1.8387054128   -2.9990197824   -2.9550655319
   0.7587054128   -2.9990197824   -2.9550655319
   0.2187054128   -3.9343272185   -2.9550655319
   0.7587054128   -4.8696346546   -2.9550655319
   1.8387054128   -4.8696346546   -2.9550655319
   1.2987054128   -3.9343272185   -3.2444506597
  -0.5756307259   -0.3125942422    3.5455539746
   0.5043692741   -0.3125942422    3.2561688468
  -0.0356307259    0.6227131939    3.2561688468
  -1.1156307259    0.6227131939    3.2561688468
  -1.6556307259   -0.3125942422    3.2561688468
  -1.1156307259   -1.2479016783    3.2561688468
  -0.0356307259   -1.2479016783    3.2561688468
   1.2949841463   -0.3125942422    2.4655539746
  -2.3704725521   -0.8396073530    2.4655539746
  -1.8006229540   -1.7263106356    2.4655539746
   2.8651150491   -2.4555295379    2.3813206052
   2.5620381498   -1.4233444097    2.3813206052
   2.5620381498   -3.4877146661    2.3813206052
  -2.2474339453   -2.3433133748    1.9335768731
  -1.7074339453   -3.2786208109    1.9335768731
  -2.9622757715   -1.8163002640    1.1429620009
  -2.9622757715   -2.8703264856    1.1429620009
  -2.3924261734   -3.7570297682    1.1429620009
  -3.2646682709   -1.8263915399    0.0629620009
  -3.2646682709   -2.8602352096    0.0629620009
  -2.7842171613   -3.7756583166    0.0629620009
  -1.9333805013   -4.3629484590    0.0629620009
  -2.9622757715   -2.8703264856   -1.0170379991
  -2.3924261734   -3.7570297682   -1.0170379991
   1.7149938603   -1.7662331167   -2.3346807877
   1.4180403579   -0.7549023631   -2.3346807877
  -1.9504628380   -2.2932462275   -2.3346807877
  -1.3806132400   -3.1799495101   -2.3346807877
   0.9243789882   -1.7662331167   -3.1252956599
   0.3843789882   -0.8309256806   -3.1252956599
  -0.6956210118   -0.8309256806   -3.1252956599
  -1.2356210118   -1.7662331167   -3.1252956599
  -0.6956210118   -2.7015405528   -3.1252956599
   0.3843789882   -2.7015405528   -3.1252956599
  -0.1556210118   -1.7662331167   -3.4146807877
   0.6339526811   -4.7880767142    2.4924888579
   0.8788694894   -5.7830155893    1.9072024293
   1.1505753148   -6.5932600643   -0.0019858799
   3.6450500526   -3.8932600643   -1.0352311472
   3.3980193954   -2.8109480379   -1.0352311472
   0.5955024665   -6.3251931124   -1.0352311472
   1.7056481632   -6.3251931124   -1.0352311472
   2.7058548748   -5.8435189465   -1.0352311472
  -0.6812774531   -4.4311405681   -1.9111741891
   3.7197473049   -1.8691790667    1.3278578955
   3.4227938025   -0.8578483131    1.3278578955
   2.6262139341   -0.1676079280    1.3278578955
   4.0091324327   -1.8691790667    0.2478578955
   3.7617174481   -0.8653770151    0.2478578955
   3.7617174481   -2.8729811184    0.2478578955
   3.7197473049   -1.8691790667   -0.8321421045
   3.4227938025   -0.8578483131   -0.8321421045
   2.9291324327   -1.8691790667   -1.6227569766
   2.3891324327   -0.9338716307   -1.6227569766
   0.8449447579   -2.4469071039    3.7223130783
   1.9249447579   -2.4469071039    3.4329279505
   1.3849447579   -1.5115996678    3.4329279505
   0.3049447579   -1.5115996678    3.4329279505
  -0.2350552421   -2.4469071039    3.4329279505
   0.3049447579   -3.3822145400    3.4329279505
   1.3849447579   -3.3822145400    3.4329279505
   2.7155596301   -2.4469071039    2.6423130783
   2.4186061277   -1.4355763503    2.6423130783
   1.6220262594   -0.7453359652    2.6423130783
  -0.9498970683   -2.9739202147    2.6423130783
  -0.3800474702   -3.8606234973    2.6423130783
   0.5787285049   -4.2984818139    2.6423130783
   2.4186061277   -3.4582378576    2.6423130783
   2.2967575841    3.3601967266    2.2894539616
   3.3862463604    3.4975652049    1.7041675331
   4.2746096882    3.4986253441   -0.2050207761
   4.2746096882    2.4653800767   -1.2382660435
   4.0275790309    3.5476921031   -1.2382660435
   3.3354145104    4.4156389590   -1.2382660435
   3.3354145104    0.5151211945   -1.2382660435
   1.5084291249    4.3551356018   -2.1142090853
  -4.0634039664    3.1326682975    0.5961742313
  -4.6332535644    2.2459650148    0.5961742313
  -4.6332535644    1.1919387932    0.5961742313
  -3.6043582943    3.7385869882   -0.4838257687
  -4.4551949543    3.1512968458   -0.4838257687
  -4.9356460639    2.2358737389   -0.4838257687
  -4.9356460639    1.2020300692   -0.4838257687
  -4.4551949543    0.2866069622   -0.4838257687
  -3.1046279913    3.5705266140   -1.5638257687
  -4.0634039664    3.1326682975   -1.5638257687
  -4.6332535644    2.2459650148   -1.5638257687
  -4.6332535644    1.1919387932   -1.5638257687
  -4.0634039664    0.3052355106   -1.5638257687
  -3.3784117383    2.6542593401   -2.3544406408
  -3.9184117383    1.7189519040   -2.3544406408
  -3.3784117383    0.7836444680   -2.3544406408
  -2.8384117383    1.7189519040   -2.6438257687
   2.3035775616    4.4576495419    1.9400603302
   1.2235775616    4.4576495419    1.9400603302
   3.3372389314    4.5336728594    1.1494454580
   2.5406590630    5.2239132445    1.1494454580
   1.4973613086    5.3739168157    1.1494454580
   0.5385853334    4.9360584992    1.1494454580
   3.6761625770    4.5261441574    0.0694454580
   2.9905974145    5.2999872561    0.0694454580
   2.0239367909    5.6665932738    0.0694454580
   0.9976310056    5.5419771900    0.0694454580
   3.3372389314    4.5336728594   -1.0105545420
   2.5406590630    5.2239132445   -1.0105545420
   1.4973613086    5.3739168157   -1.0105545420
   0.5385853334    4.9360584992   -1.0105545420
   0.0396741466    4.8167884248   -1.8201372973
  -1.0347484692    4.9297147922   -1.8201372973
  -2.0622136611    4.5958711142   -1.8201372973
  -2.8650633630    3.8729819956   -1.8201372973
  -3.2307770997    3.6946267183    1.5516026464
  -4.0336268017    2.9717375996    1.5516026464
  -4.4730410067    1.9847971363    1.5516026464
  -4.4730410067    0.9044563003    1.5516026464
  -4.0336268017   -0.0824841631    1.5516026464
  -3.7121767804    3.8023073757    0.5725471794
  -4.8358575827    0.9017528690    0.5725471794
  -4.4436402750   -0.1106767080    0.5725471794
  -4.4436402750   -0.1106767080   -0.4693418866
  -0.4137583491    4.2646104115    2.2050389909
  -1.4550793230    4.2646104115    2.2050389909
  -0.1549359510    5.0696294301    1.5390892323
  -1.2014577664    5.2200965513    1.5390892323
  -2.1631966083    4.7808851389    1.5390892323
  -0.4137583491    5.6439626361    0.5767639494
  -1.4550793230    5.6439626361    0.5767639494
  -2.3932771020    5.1921503984    0.5767639494
  -3.0425301096    4.3780128776    0.5767639494
  -0.4137583491    5.6439626361   -0.4913365336
  -1.4550793230    5.6439626361   -0.4913365336
  -2.3932771020    5.1921503984   -0.4913365336
  -3.0425301096    4.3780128776   -0.4913365336
  -0.1549359510    5.0696294301   -1.4536618166
  -1.2014577664    5.2200965513   -1.4536618166
  -2.1631966083    4.7808851389   -1.4536618166
  -3.3599015707   -0.8760059865    1.6924714184
  -4.1755922854   -0.4238954888    0.7840860417
  -3.7380746299   -1.4065762323    0.7840860417
  -4.3975834299   -0.4005551427   -0.2874275689
  -4.0258667308   -1.3600665488   -0.2874275689
  -4.1755922854   -0.4238954888   -1.3589411795
  -3.7380746299   -1.4065762323   -1.3589411795
  -3.6251577381    0.1139435072   -2.2673265562
  -3.3599015707   -0.8760059865   -2.2673265562
  -2.6352082444   -1.6006993127   -2.2673265562
  -0.5737451401    0.1139435072   -2.8742902599
  -2.7167723614    0.1139435072   -2.8742902599
  -2.1810155561   -0.8140145001   -2.8742902599
  -1.6452587508    0.1139435072   -3.0874275689
   0.4657972527    1.8396820662    3.7670359983
   1.5071182266    1.8396820662    3.5293612813
   0.9864577397    2.7414924831    3.5293612813
  -0.0548632342    2.7414924831    3.5293612813
  -0.5755237211    1.8396820662    3.5293612813
  -0.0548632342    0.9378716494    3.5293612813
   0.9864577397    0.9378716494    3.5293612813
   2.3421928107    1.8396820662    2.8634115228
   2.0443216448    2.8541380945    2.8634115228
   1.2452801378    3.5465115017    2.8634115228
   0.1987583224    3.6969786229    2.8634115228
  -0.7629805195    3.2577672105    2.8634115228
   2.0443216448    0.8252260379    2.8634115228
   2.3350177996   -0.5784033900   -2.0676581996
   1.6918885902    0.4115461037   -2.6746219033
   0.6203749796    0.4115461037   -2.8877592123
   3.7461620473    2.3868551787   -2.7863225512
   3.4482908815    3.4013112070   -2.7863225512
   2.6492493745    4.0936846142   -2.7863225512
   1.6027275590    4.2441517354   -2.7863225512
   1.6027275590    0.5295586220   -2.7863225512
   2.6492493745    0.6800257433   -2.7863225512
   3.4482908815    1.3723991504   -2.7863225512
   2.9110874633    2.3868551787   -3.4522723097
   2.3904269763    3.2886655956   -3.4522723097
   1.3491060024    3.2886655956   -3.4522723097
   0.8284455155    2.3868551787   -3.4522723097
   1.3491060024    1.4850447619   -3.4522723097
   2.3904269763    1.4850447619   -3.4522723097
   1.8697664894    2.3868551787   -3.6899470268
   0.1109044219    4.0889965909   -2.9047294319
  -0.9356173936    4.2394637121   -2.9047294319
  -1.8973562354    3.8002522997   -2.9047294319
  -2.4689668168    2.9108088736   -2.9047294319
  -2.4689668168    1.8535254373   -2.9047294319
   0.1109044219    0.6753377200   -2.9047294319
   0.3727425107    2.3821671554   -3.5706791904
  -0.1479179763    3.2839775723   -3.5706791904
  -1.1892389502    3.2839775723   -3.5706791904
  -1.7098994371    2.3821671554   -3.5706791904
  -1.1892389502    1.4803567386   -3.5706791904
  -0.1479179763    1.4803567386   -3.5706791904
  -0.6685784632    2.3821671554   -3.8083539074
  -2.1416952094    1.5171127353    3.5268196402
  -1.1003742355    1.5171127353    3.2891449231
  -1.6210347225    2.4189231521    3.2891449231
  -2.6623556964    2.4189231521    3.2891449231
  -3.1830161833    1.5171127353    3.2891449231
  -2.6623556964    0.6153023184    3.2891449231
  -1.3622123243    3.2239421707    2.6231951646
  -2.4087341398    3.3744092919    2.6231951646
  -3.3704729817    2.9351978795    2.6231951646
  -3.9420835630    2.0457544534    2.6231951646
  -3.9420835630    0.9884710171    2.6231951646
  -3.3704729817    0.0990275910    2.6231951646
  -4.2498064830    2.5323256182    1.6608698817
  -4.4815221987    1.5171127353    1.6608698817
   2.6590645969    2.0025336543    2.6453773212
   3.7003855708    2.0025336543    2.4077026042
   3.1797250838    1.1007232375    2.4077026042
   4.5354601548    2.0025336543    1.7417528457
   4.2375889890    3.0169896826    1.7417528457
   3.4385474820    0.2957042189    1.7417528457
   4.2375889890    0.9880776260    1.7417528457
   4.9988915861    2.0025336543    0.7794275627
   4.7671758705    3.0177465373    0.7794275627
   4.1179228628    0.1731832506    0.7794275627
   4.7671758705    0.9873207714    0.7794275627
   4.9988915861    2.0025336543   -0.2886729203
   4.7671758705    3.0177465373   -0.2886729203
   4.1179228628    0.1731832506   -0.2886729203
   4.7671758705    0.9873207714   -0.2886729203
   4.2375889890    0.9880776260   -1.2509982032
  -1.5559730855   -4.0343847571   -1.6667806961
   2.0236703908   -4.3488602250    2.8705848119
   3.0649913646   -4.3488602250    2.6329100949
   2.5443308777   -5.2506706419    2.6329100949
   3.9000659487   -4.3488602250    1.9669603363
   3.6021947828   -3.3344041967    1.9669603363
   1.7566314604   -6.2061567817    1.9669603363
   2.8031532758   -6.0556896604    1.9669603363
   3.6021947828   -5.3633162533    1.9669603363
   4.3634973800   -4.3488602250    1.0046350534
   4.1317816643   -3.3336473420    1.0046350534
   2.5443308777   -6.6300228665    1.0046350534
   3.4825286567   -6.1782106287    1.0046350534
   4.1317816643   -5.3640731080    1.0046350534
   4.3634973800   -4.3488602250   -0.0634654296
   4.1317816643   -3.3336473420   -0.0634654296
   2.5443308777   -6.6300228665   -0.0634654296
   3.4825286567   -6.1782106287   -0.0634654296
   4.1317816643   -5.3640731080   -0.0634654296
   3.6021947828   -5.3633162533   -1.0257907126
  -0.7599715710   -4.5122633927    2.3993418763
  -0.2393110841   -5.4140738096    2.3993418763
  -1.5190389507   -5.0409051109    1.7333921178
  -0.9474283694   -5.9303485369    1.7333921178
   0.0143104725   -6.3695599494    1.7333921178
  -2.0584775864   -4.5122633927    0.7710668349
  -1.8267618707   -5.5274762757    0.7710668349
  -1.1775088630   -6.3416137964    0.7710668349
  -0.2393110841   -6.7934260342    0.7710668349
   0.8020098898   -6.7934260342    0.7710668349
  -1.8267618707   -5.5274762757   -0.2970336481
  -1.1775088630   -6.3416137964   -0.2970336481
  -0.2393110841   -6.7934260342   -0.2970336481
  -1.5190389507   -5.0409051109   -1.2593589311
  -0.9474283694   -5.9303485369   -1.2593589311
   0.0143104725   -6.3695599494   -1.2593589311
   3.1751009708   -3.9343272185   -2.5808261842
   2.8772298049   -2.9198711902   -2.5808261842
   2.0781882979   -2.2274977831   -2.5808261842
  -0.5016829407   -4.4629689367   -2.5808261842
   0.0699276406   -5.3524123627   -2.5808261842
   1.0316664825   -5.7916237752   -2.5808261842
   2.0781882979   -5.6411566540   -2.5808261842
   2.8772298049   -4.9487832468   -2.5808261842
   2.3400263867   -3.9343272185   -3.2467759427
   1.8193658998   -3.0325168016   -3.2467759427
   0.7780449259   -3.0325168016   -3.2467759427
   0.2573844390   -3.9343272185   -3.2467759427
   0.7780449259   -4.8361376354   -3.2467759427
   1.8193658998   -4.8361376354   -3.2467759427
   1.2987054128   -3.9343272185   -3.4844506597
  -0.5756307259   -0.3125942422    3.7855539746
   0.4656902480   -0.3125942422    3.5478792576
  -0.0549702389    0.5892161747    3.5478792576
  -1.0962912128    0.5892161747    3.5478792576
  -1.6169516998   -0.3125942422    3.5478792576
  -1.0962912128   -1.2144046591    3.5478792576
  -0.0549702389   -1.2144046591    3.5478792576
   1.3007648321   -0.3125942422    2.8819294991
  -2.3760190794   -0.8412359604    2.8819294991
  -1.8044084981   -1.7306793864    2.8819294991
   3.5540029512   -2.4555295379    1.9721322960
  -2.2087549192   -2.3433133748    2.2252872839
  -1.6880944322   -3.2451237916    2.2252872839
  -2.9678222988   -1.8146716566    1.5593375254
  -2.9678222988   -2.8719550929    1.5593375254
  -2.3962117175   -3.7613985190    1.5593375254
  -3.5072609345   -2.3433133748    0.5970122424
  -3.2755452189   -3.3585262577    0.5970122424
  -2.6262922112   -4.1726637785    0.5970122424
  -3.5072609345   -2.3433133748   -0.4710882406
  -3.2755452189   -3.3585262577   -0.4710882406
  -2.6262922112   -4.1726637785   -0.4710882406
  -2.9678222988   -2.8719550929   -1.4334135236
  -2.3962117175   -3.7613985190   -1.4334135236
   1.7207745461   -1.7662331167   -2.7510563122
   1.4229033802   -0.7517770884   -2.7510563122
  -1.9560093654   -1.2375913985   -2.7510563122
  -1.9560093654   -2.2948748349   -2.7510563122
  -1.3843987841   -3.1843182609   -2.7510563122
  -0.4226599422   -3.6235296734   -2.7510563122
   0.8856999620   -1.7662331167   -3.4170060707
   0.3650394751   -0.8644226998   -3.4170060707
  -0.6762814988   -0.8644226998   -3.4170060707
  -1.1969419857   -1.7662331167   -3.4170060707
  -0.6762814988   -2.6680435336   -3.4170060707
   0.3650394751   -2.6680435336   -3.4170060707
  -0.1556210118   -1.7662331167   -3.6546807877
   0.6375450999   -4.7818544625    2.8170919825
   1.6636055298   -4.7818544625    2.8170919825
   0.8761406707   -5.8019949402    2.2961474495
   0.8790024010   -6.4771037423    1.4980141201
   1.4231751021   -6.8350802746    0.5189586531
   1.4231751021   -6.8350802746   -0.5229304129
   2.4674750806   -6.5379513129   -0.5229304129
   3.7486515262   -3.8932600643   -1.5019858799
   3.5240360363   -2.8365272676   -1.5019858799
  -1.3907266978   -4.4334304823   -1.5019858799
  -0.1484627908   -6.1432600643   -1.5019858799
   0.8790024010   -6.4771037423   -1.5019858799
   1.9534250168   -6.3641773749   -1.5019858799
   2.8890276255   -5.8240069570   -1.5019858799
   3.5240360363   -4.9499928610   -1.5019858799
   3.7255279906   -1.8691790667    1.7442334200
   3.4276568248   -0.8547230384    1.7442334200
   4.1889594219   -1.8691790667    0.7819081370
   3.9572437063   -0.8539661838    0.7819081370
   3.9572437063   -2.8843919497    0.7819081370
   4.1889594219   -1.8691790667   -0.2861923460
   3.9572437063   -0.8539661838   -0.2861923460
   3.7255279906   -1.8691790667   -1.2485176289
   3.4276568248   -0.8547230384   -1.2485176289
   2.8904534066   -1.8691790667   -1.9144673874
   2.3697929196   -0.9673686499   -1.9144673874
   0.8449447579   -2.4469071039    3.9623130783
   1.8862657318   -2.4469071039    3.7246383613
   1.3656052449   -1.5450966870    3.7246383613
   0.3242842710   -1.5450966870    3.7246383613
  -0.1963762159   -2.4469071039    3.7246383613
   0.3242842710   -3.3487175208    3.7246383613
   1.3656052449   -3.3487175208    3.7246383613
   2.7213403159   -2.4469071039    3.0586886027
   2.4234691500   -1.4324510756    3.0586886027
   1.6244276430   -0.7400776685    3.0586886027
  -0.9554435956   -2.9755488221    3.0586886027
  -0.3838330143   -3.8649922481    3.0586886027
   0.5779058276   -4.3042036606    3.0586886027
   1.6244276430   -4.1537365393    3.0586886027
   2.4234691500   -3.4613631322    3.0586886027
   2.8061953804    2.4653800767    2.6140570862
   2.2931651654    3.3539744749    2.6140570862
   3.4023769929    3.5079317330    2.0931125532
   4.5350525934    3.5326408575    0.3159237569
   3.9634800841    4.4557621558    0.3159237569
   4.5350525934    3.5326408575   -0.7259653091
   3.9634800841    4.4557621558   -0.7259653091
   4.3782111617    2.4653800767   -1.7050207761
   4.1535956719    3.5221128734   -1.7050207761
   3.5185872611    4.3961269694   -1.7050207761
   2.5829846524    4.9362973874   -1.7050207761
   0.4810968447    4.7153800767   -1.7050207761
   3.5185872611    0.5346331841   -1.7050207761
   4.1535956719    1.4086472801   -1.7050207761
  -4.2972700042    3.5483023078    0.0502244728
  -4.9465230118    2.7341647870    0.0502244728
  -5.1782387275    1.7189519040    0.0502244728
  -4.9465230118    0.7037390211    0.0502244728
  -3.3590722252    4.0001145455   -1.0178760102
  -4.2972700042    3.5483023078   -1.0178760102
  -4.9465230118    2.7341647870   -1.0178760102
  -5.1782387275    1.7189519040   -1.0178760102
  -4.9465230118    0.7037390211   -1.0178760102
  -3.1054506686    3.5762484607   -1.9802012931
  -4.0671895105    3.1370370483   -1.9802012931
  -4.6388000918    2.2475936222   -1.9802012931
  -4.6388000918    1.1903101859   -1.9802012931
  -4.0671895105    0.3008667598   -1.9802012931
  -3.3590722252    2.6207623209   -2.6461510516
  -3.8797327121    1.7189519040   -2.6461510516
  -3.3590722252    0.8171414872   -2.6461510516
  -2.8384117383    1.7189519040   -2.8838257687
   2.2842380485    4.4241525226    2.2317707410
   1.2429170746    4.4241525226    2.2317707410
   3.3421019537    4.5367981341    1.5658209825
   2.5430604467    5.2291715412    1.5658209825
   1.4965386312    5.3796386624    1.5658209825
   0.5347997893    4.9404272500    1.5658209825
   3.8716888352    4.5375549887    0.6034956995
   3.2224358275    5.3516925095    0.6034956995
   2.2842380485    5.8035047472    0.6034956995
   1.2429170746    5.8035047472    0.6034956995
   0.3047192957    5.3516925095    0.6034956995
   3.2224358275    5.3516925095   -0.4646047835
   2.2842380485    5.8035047472   -0.4646047835
   1.2429170746    5.8035047472   -0.4646047835
   2.5430604467    5.2291715412   -1.4269300665
   1.4965386312    5.3796386624   -1.4269300665
   0.5347997893    4.9404272500   -1.4269300665
