    0.0064072476
    0.0082526065
   -0.0125725184
    0.0189225654
   -0.0052542213
    0.0179510209
    0.0170971809
    0.0169425261
    0.0179431749
    0.0161681497
    0.0159911307
    0.0165924561
    0.0125952853
    0.0125703016
    0.0127748867
    0.0137297441
    0.0069073383
    0.0079017608
   -0.0309929395
   -0.0223074226
   -0.0401760437
   -0.0341228326
   -0.0284740218
   -0.0446591664
   -0.0385914142
   -0.0365930845
   -0.0193802296
   -0.0366955002
   -0.0449304366
   -0.0400679323
   -0.0091906442
    0.0122974358
    0.0090235029
    0.0131173301
    0.0152722677
    0.0137976782
    0.0082655991
    0.0069803733
    0.0107843643
    0.0157344043
    0.0181251475
   -0.0019945840
   -0.0131820039
   -0.0227434226
   -0.0359757531
   -0.0388329934
   -0.0381859704
   -0.0364413425
   -0.0378480903
   -0.0369778939
   -0.0013065466
    0.0010848214
    0.0020730884
    0.0039887386
   -0.0202643825
   -0.0070840857
    0.0023993004
    0.0046339384
    0.0057265834
   -0.0007995499
   -0.0031516019
    0.0039482070
    0.0208465168
   -0.0090381051
    0.0065263564
    0.0055899205
    0.0059150582
    0.0079385358
   -0.0255924740
   -0.0133368374
    0.0044164495
    0.0067028041
    0.0058966511
   -0.0008307036
   -0.0049682436
    0.0042286181
    0.0131208893
    0.0159541269
    0.0157835442
    0.0124651593
    0.0083870168
    0.0112871153
    0.0185708508
    0.0144163097
    0.0092600861
    0.0033856892
   -0.0028497113
    0.0051208836
    0.0054503884
    0.0035856940
    0.0013291979
    0.0049095202
    0.0029230448
   -0.0103449322
    0.0020614987
    0.0013831686
    0.0005838914
   -0.0189981194
   -0.0025888298
   -0.0036294587
   -0.0009202364
    0.0018333284
   -0.0014817072
   -0.0045116587
    0.0004274097
    0.0018692311
   -0.0016066632
   -0.0009651430
    0.0024058809
   -0.0015820543
   -0.0042020697
   -0.0038354765
   -0.0008834456
   -0.0067299644
   -0.0019408896
    0.0014125390
    0.0013903993
   -0.0035508895
    0.0036526610
    0.0029804151
    0.0014696576
   -0.0032376468
    0.0003577042
   -0.0005798052
   -0.0046957482
   -0.0049377859
   -0.0045920821
   -0.0047079007
   -0.0040520115
   -0.0067106531
   -0.0059629686
   -0.0048134151
   -0.0045425236
   -0.0004220090
   -0.0010904270
   -0.0011272418
   -0.0018044239
   -0.0005802387
    0.0006654052
    0.0100273168
    0.0069969443
    0.0121041389
    0.0110322237
    0.0081167446
    0.0088058566
   -0.0033740398
    0.0011331487
    0.0066076552
   -0.0054705384
    0.0045784946
    0.0002576100
    0.0022705812
    0.0030144480
   -0.0145898304
   -0.0015484658
    0.0023336418
   -0.0271233561
   -0.0067733233
   -0.0017098163
   -0.0106793231
   -0.0095550978
   -0.0290420924
   -0.0355528682
   -0.0161035861
   -0.0080376468
   -0.0056006610
   -0.0135396417
   -0.0155201734
   -0.0075817998
   -0.0022400408
   -0.0054888272
   -0.0065193516
   -0.0055837191
   -0.0070001963
   -0.0067045768
   -0.0065228813
   -0.0119128479
   -0.0036794863
   -0.0090303403
   -0.0031385068
   -0.0040340682
   -0.0120312278
   -0.0044194813
   -0.0073668615
   -0.0248191381
   -0.0097099698
    0.0042806639
    0.0004845161
    0.0025054383
    0.0063960574
    0.0038205450
    0.0018067409
   -0.0048411474
   -0.0072069007
   -0.0019307651
    0.0086088911
    0.0026959420
    0.0001877977
   -0.0014162439
    0.0020760800
    0.0005800020
   -0.0023517152
   -0.0000828518
    0.0067867806
   -0.0216169863
   -0.0074312577
    0.0141064179
    0.0100303151
    0.0026338932
    0.0143036491
    0.0132171881
    0.0105000182
    0.0026788684
   -0.0165153879
    0.0091647066
    0.0087458412
   -0.0017580125
    0.0011063318
    0.0098383102
    0.0041015034
    0.0105919063
    0.0150981331
    0.0070660774
    0.0118574033
    0.0146676771
    0.0051178952
    0.0093734649
    0.0112852946
    0.0038350080
    0.0052580044
    0.0063368821
    0.0132703086
   -0.0065627963
    0.0161679355
    0.0150544277
    0.0145964075
    0.0164039529
    0.0142150449
    0.0138749184
    0.0140413873
    0.0126942000
    0.0122876700
    0.0122417412
    0.0127564667
    0.0089306308
    0.0093121346
    0.0097375928
   -0.0182977537
   -0.0225012964
   -0.0271949252
   -0.0263923827
   -0.0325930408
   -0.0233431938
   -0.0342270817
   -0.0317051772
   -0.0292614418
   -0.0172990304
   -0.0283518949
   -0.0340051245
   -0.0300461103
    0.0101634572
    0.0076882965
    0.0103886674
    0.0123721204
    0.0125303020
    0.0103507629
    0.0068683526
    0.0053846906
    0.0083836068
    0.0119657388
    0.0142992972
    0.0158624328
    0.0007465687
   -0.0135893012
   -0.0275225157
   -0.0297804562
   -0.0280007333
   -0.0299501517
   -0.0286742508
   -0.0274601849
   -0.0009815252
    0.0010536767
    0.0021623438
    0.0033076161
   -0.0213480485
   -0.0130856269
   -0.0051347799
    0.0010074573
    0.0029590400
    0.0038134882
    0.0023340490
   -0.0038909293
   -0.0027060049
    0.0018099596
   -0.0046772883
    0.0049884570
    0.0050534195
    0.0053771339
    0.0037730491
   -0.0075011833
   -0.0199413130
    0.0022288688
    0.0046070754
    0.0044538939
    0.0017673377
   -0.0044177666
   -0.0042188197
    0.0019518176
    0.0108828041
    0.0133171898
    0.0134712946
    0.0114945049
    0.0086407988
    0.0072263814
    0.0105306262
    0.0157275944
    0.0130624296
    0.0097611733
    0.0059809937
    0.0019503634
    0.0006302243
    0.0043380184
    0.0038290675
    0.0036757116
    0.0015424191
    0.0035360833
    0.0029093953
   -0.0054340002
    0.0014835973
    0.0019023979
    0.0015743738
   -0.0068522084
   -0.0001517221
   -0.0012013425
   -0.0159851292
   -0.0047343451
   -0.0178930992
   -0.0095559978
   -0.0012686197
    0.0003366996
   -0.0016891673
   -0.0028065497
   -0.0000906754
    0.0007472650
   -0.0016362606
   -0.0037929565
   -0.0005843393
    0.0011943569
   -0.0006354919
   -0.0026403724
   -0.0036544830
   -0.0010414737
    0.0000651671
   -0.0036711952
   -0.0044911323
   -0.0030465498
   -0.0018607979
    0.0005490933
   -0.0007153502
   -0.0037843340
    0.0016683541
    0.0012023969
   -0.0006288847
   -0.0038794404
    0.0005931015
    0.0005715602
   -0.0003946585
   -0.0028698958
   -0.0029471373
   -0.0021233547
   -0.0033028317
   -0.0058754866
   -0.0036200740
   -0.0044156397
   -0.0056109489
   -0.0056244266
   -0.0051608468
   -0.0042970928
   -0.0036149621
   -0.0034071493
   -0.0014685229
   -0.0022095230
   -0.0020509491
   -0.0025954425
   -0.0020349116
   -0.0013722006
   -0.0010382873
    0.0080447971
    0.0060551545
    0.0093673309
    0.0101631894
    0.0073840203
    0.0067123559
    0.0067387266
   -0.0005103983
    0.0034130640
    0.0031181270
    0.0056408882
   -0.0048377308
   -0.0087355624
    0.0038943806
    0.0002684012
    0.0017500652
   -0.0052321290
   -0.0001357980
    0.0018169211
   -0.0116461732
   -0.0035062479
   -0.0005876687
   -0.0165413738
   -0.0068521930
   -0.0044029855
   -0.0177074679
   -0.0098129493
   -0.0091007387
   -0.0207116521
   -0.0203903635
   -0.0108825714
   -0.0062361422
   -0.0064783351
   -0.0118314762
   -0.0143547444
   -0.0113460959
   -0.0060512428
   -0.0035762907
   -0.0068650147
   -0.0029731349
   -0.0058818758
   -0.0065036107
   -0.0061542282
   -0.0062162112
   -0.0087462709
   -0.0044860917
   -0.0075993439
   -0.0189248072
   -0.0041382525
   -0.0077238607
   -0.0216928659
   -0.0038326379
   -0.0057196143
   -0.0121881489
   -0.0054960123
   -0.0084694989
   -0.0191351244
    0.0029871635
    0.0004616797
    0.0016182734
    0.0046695579
    0.0040168251
    0.0022287492
    0.0010976623
   -0.0031341544
   -0.0041678585
   -0.0015506869
    0.0038812229
    0.0015402005
   -0.0003410047
   -0.0012795696
   -0.0014310900
    0.0059218702
    0.0025283157
    0.0012117330
   -0.0001643202
    0.0014838755
    0.0030258865
    0.0049131919
    0.0093865620
    0.0048211506
    0.0138587583
    0.0114287858
    0.0090591516
    0.0050154053
   -0.0026292976
    0.0100173776
    0.0085124060
    0.0043056222
   -0.0049305838
    0.0061483416
    0.0020448597
   -0.0090882578
   -0.0010047882
    0.0089300319
    0.0043529610
    0.0079924714
    0.0115225465
    0.0054869372
    0.0090750837
    0.0117971447
    0.0154820134
    0.0037124168
    0.0070799188
    0.0095702216
    0.0115826445
    0.0027626410
    0.0057719121
    0.0075766374
    0.0085880054
    0.0150355096
    0.0077588973
    0.0111191919
    0.0075988841
    0.0027766119
   -0.0043575253
    0.0148098552
    0.0134678595
    0.0129725689
    0.0126957769
    0.0120821094
    0.0121050293
    0.0133320724
    0.0116456686
    0.0106613813
    0.0105665953
    0.0108231930
    0.0078286610
    0.0080866548
    0.0083661731
   -0.0113579363
   -0.0115915507
   -0.0197978230
   -0.0236868098
   -0.0242585273
   -0.0233254595
   -0.0272256020
   -0.0236265427
   -0.0219343996
   -0.0265815360
   -0.0232185764
   -0.0047766493
    0.0087830297
    0.0064958342
    0.0090294047
    0.0109453637
    0.0111574600
    0.0091492072
    0.0057872148
    0.0044640647
    0.0101106239
    0.0124866324
    0.0139841743
    0.0003714622
   -0.0229293092
   -0.0210262274
   -0.0210393123
   -0.0013573443
    0.0005448388
    0.0017487311
    0.0028226116
   -0.0115832594
   -0.0049163681
    0.0000236780
    0.0020164052
    0.0028902930
    0.0012788065
   -0.0049874598
   -0.0036594759
    0.0005970044
    0.0043651093
    0.0045538986
    0.0047472393
    0.0044389139
    0.0010277304
    0.0034457957
    0.0033513434
    0.0005955529
   -0.0056309788
   -0.0053708877
    0.0006306012
    0.0094202036
    0.0119716202
    0.0120100829
    0.0099940984
    0.0072790355
    0.0060438644
    0.0148551228
    0.0124690128
    0.0097098208
    0.0066431252
    0.0031878689
    0.0000043441
    0.0040449518
    0.0030341911
    0.0036121513
    0.0007886673
    0.0025081774
    0.0025598176
   -0.0043532191
    0.0007234488
    0.0010551133
    0.0012635948
   -0.0058494493
   -0.0007965329
   -0.0014677337
   -0.0128234208
   -0.0044762845
   -0.0160688858
   -0.0011846448
   -0.0001926077
   -0.0024034035
   -0.0004840517
   -0.0000106592
   -0.0017919721
   -0.0026671468
   -0.0006222016
    0.0004086398
   -0.0011760405
   -0.0027102602
   -0.0029008806
   -0.0012197056
   -0.0005882828
   -0.0035653888
   -0.0038471978
   -0.0030094850
    0.0003133646
   -0.0008559693
    0.0007370918
    0.0000626613
   -0.0016034658
   -0.0002930599
   -0.0004016578
   -0.0014498379
   -0.0033837815
   -0.0028494557
   -0.0026054678
   -0.0037977828
   -0.0037379126
   -0.0047216078
   -0.0067340632
   -0.0054113945
   -0.0046158639
   -0.0039706837
   -0.0035360731
   -0.0034344849
   -0.0022069545
   -0.0031588056
   -0.0029908787
   -0.0032705226
   -0.0025855429
   -0.0020075761
   -0.0019540835
    0.0068229862
    0.0050043719
    0.0084214649
    0.0091615800
    0.0062423664
    0.0054490689
    0.0055489463
   -0.0013939634
    0.0013934404
    0.0028682473
   -0.0035016215
   -0.0050155506
   -0.0016570801
   -0.0001197816
    0.0012175765
   -0.0093950486
   -0.0030008410
   -0.0000288496
   -0.0193460889
   -0.0073700349
   -0.0027460913
   -0.0006522374
   -0.0108568151
   -0.0056718815
   -0.0092160898
   -0.0193167631
   -0.0147395252
   -0.0084909793
   -0.0068948205
   -0.0118553250
   -0.0142415397
   -0.0114271905
   -0.0063805322
   -0.0040780210
   -0.0073278987
   -0.0020051701
   -0.0032066565
   -0.0045159150
   -0.0049459383
   -0.0055185431
   -0.0048923910
   -0.0050270640
   -0.0046539312
   -0.0059114121
   -0.0041599206
   -0.0063680787
   -0.0135163423
   -0.0042328617
   -0.0069722429
   -0.0036991675
   -0.0058395982
   -0.0108904861
   -0.0083046502
   -0.0186452026
    0.0023441937
    0.0001732014
    0.0013490921
    0.0042035572
    0.0033568703
    0.0016390320
    0.0006450173
   -0.0027785531
   -0.0036810808
   -0.0022072758
    0.0021752430
    0.0006134991
   -0.0010364004
   -0.0014097680
    0.0060125342
    0.0031248250
    0.0006238901
   -0.0017600104
   -0.0001928200
    0.0015886729
   -0.0129942194
    0.0029434810
    0.0094829266
    0.0059595175
    0.0010623236
    0.0104737944
    0.0083736598
    0.0055586052
    0.0008067023
   -0.0081983681
    0.0085364308
    0.0074865620
    0.0048670535
   -0.0004890748
   -0.0113896552
    0.0046047934
    0.0005637586
   -0.0100049287
   -0.0021367456
    0.0071286349
    0.0104630485
    0.0044848117
    0.0072507338
    0.0096461919
    0.0125769930
    0.0029492589
    0.0055405494
    0.0076967109
    0.0095796481
    0.0021094156
    0.0045181827
    0.0062768766
    0.0075127451
    0.0051755928
    0.0055883059
    0.0059300996
    0.0067912968
    0.0106649548
    0.0079857199
    0.0047755672
    0.0005911108
   -0.0047704153
    0.0099253950
   -0.0007951490
   -0.0085088425
   -0.0117979145
    0.0122926019
    0.0118586071
    0.0115788476
    0.0109749165
    0.0110463749
    0.0102909733
    0.0099806884
    0.0100588750
    0.0108643842
    0.0085819620
    0.0085051647
    0.0086766129
    0.0096842318
    0.0062613387
    0.0065455216
    0.0068625628
   -0.0075174160
   -0.0109411724
   -0.0138035184
   -0.0136979627
   -0.0179483500
   -0.0163223344
   -0.0206844693
   -0.0151641869
   -0.0209255376
   -0.0216779968
   -0.0189865406
   -0.0176537394
   -0.0211152702
   -0.0184326445
    0.0077673361
    0.0059569966
    0.0079745510
    0.0095512019
    0.0096867778
    0.0080298720
    0.0055240102
    0.0042432403
    0.0064013291
    0.0087960685
    0.0106959079
    0.0119571716
    0.0016456790
   -0.0183451701
   -0.0162288571
   -0.0165912258
   -0.0011931050
    0.0005346051
    0.0016832760
    0.0026353505
   -0.0145955703
   -0.0090607167
   -0.0041605329
   -0.0004476710
    0.0013479132
    0.0020286684
    0.0003030837
   -0.0043835265
   -0.0034426056
   -0.0001454097
    0.0036927662
    0.0038822238
    0.0037886485
    0.0027505888
   -0.0022076169
   -0.0148659496
    0.0001119577
    0.0023931382
    0.0023269739
   -0.0002055438
   -0.0050641442
   -0.0048269643
   -0.0001918863
    0.0083358416
    0.0104045956
    0.0104886042
    0.0087991961
    0.0066033115
    0.0057671477
    0.0127676744
    0.0108125848
    0.0085825364
    0.0061307791
    0.0035207877
    0.0015581181
    0.0066298327
    0.0032646042
    0.0039030088
    0.0026594803
    0.0009558269
    0.0021092178
    0.0025620717
   -0.0031569512
    0.0005330968
    0.0012390949
    0.0016507455
   -0.0036680887
   -0.0002318876
   -0.0002577936
    0.0003851238
   -0.0062930303
   -0.0020931515
   -0.0051628218
   -0.0062609716
   -0.0009931908
   -0.0005063503
   -0.0006904012
   -0.0003389658
   -0.0016953313
   -0.0020999877
   -0.0007493905
   -0.0000336415
   -0.0008688735
   -0.0020945667
   -0.0018617951
   -0.0007717083
   -0.0004030027
   -0.0021854410
   -0.0033577275
   -0.0030301742
   -0.0019877518
   -0.0016721030
   -0.0034994634
    0.0001103536
   -0.0008969074
    0.0003034901
   -0.0003154940
   -0.0015300431
    0.0000215472
   -0.0002287734
   -0.0006186120
   -0.0016398069
   -0.0030643385
   -0.0015647670
   -0.0016447778
   -0.0025059107
   -0.0038218563
   -0.0033207108
   -0.0039874522
   -0.0033120254
   -0.0043916942
   -0.0062863986
   -0.0047630231
   -0.0039185385
   -0.0033474046
   -0.0029996732
   -0.0029454518
   -0.0025123621
   -0.0034393573
   -0.0035162535
   -0.0034193692
   -0.0027225602
   -0.0022629636
   -0.0024896945
    0.0059624778
    0.0047172368
    0.0073704178
    0.0079512366
    0.0056483995
    0.0047873777
    0.0047867158
    0.0007522214
    0.0024499867
    0.0028890606
   -0.0032226813
    0.0003905716
    0.0010903676
   -0.0059421090
   -0.0022751057
   -0.0001291277
   -0.0090289703
   -0.0037726377
   -0.0012583364
   -0.0136211429
   -0.0065211640
   -0.0034818603
   -0.0114850391
   -0.0067368992
   -0.0081795389
   -0.0147391896
   -0.0202958629
   -0.0126281893
   -0.0077391428
   -0.0049737133
   -0.0067955470
   -0.0104850527
   -0.0123264559
   -0.0103107035
   -0.0063957029
   -0.0046310612
   -0.0073521990
   -0.0012844960
   -0.0013657880
   -0.0023017220
   -0.0027893000
   -0.0034479891
   -0.0040274573
   -0.0036402333
   -0.0043877894
   -0.0052597765
   -0.0052874229
   -0.0041575352
   -0.0042994471
   -0.0041848648
   -0.0039886671
   -0.0040058161
   -0.0038112168
   -0.0052574070
   -0.0037681929
   -0.0053890960
   -0.0030325226
   -0.0046211529
   -0.0071338505
   -0.0062926287
   -0.0109320650
   -0.0081939306
   -0.0164043982
    0.0019790989
    0.0004059552
    0.0015047928
    0.0035692120
    0.0028598314
    0.0014540663
    0.0006510307
   -0.0016617162
   -0.0019111330
   -0.0002469047
    0.0020593551
    0.0007632485
   -0.0003882595
   -0.0007381971
   -0.0009115244
    0.0041596387
    0.0059227327
    0.0034675690
    0.0012794092
    0.0025044422
    0.0002411789
    0.0015711723
   -0.0017205664
   -0.0001742311
    0.0011708931
    0.0027005516
    0.0050924977
   -0.0100062383
   -0.0044293103
    0.0083140614
    0.0059419448
    0.0027635391
   -0.0023363795
    0.0088461519
    0.0073740333
    0.0053829589
    0.0022186402
   -0.0031940357
    0.0065367405
    0.0055313070
    0.0031067965
   -0.0016211206
   -0.0106683595
    0.0029154927
   -0.0006932347
   -0.0091275287
   -0.0027554025
    0.0066061344
    0.0094515158
    0.0043478112
    0.0065051245
    0.0086376344
    0.0113793639
    0.0029621935
    0.0049536575
    0.0068102613
    0.0085857895
    0.0112228384
    0.0039816930
    0.0057062767
    0.0072113880
    0.0034732485
    0.0049042910
    0.0058881775
