    0.0234219670
    0.0116481660
    0.0149801045
    0.0127987646
    0.0208497008
    0.0195221655
    0.0155473431
    0.0149698935
    0.0126448131
    0.0272271322
    0.0277171755
    0.0192643607
    0.0130990692
   -0.0007179099
    0.0004590461
    0.0112369923
    0.0102596908
    0.0201903582
    0.0096845141
    0.0245555210
    0.0162756912
    0.0194263097
    0.0247085582
    0.0166502834
    0.0104167036
    0.0183992204
    0.0082714396
    0.0017375304
    0.0033155722
    0.0184333353
    0.0224003040
    0.0321213326
    0.0154601648
    0.0100094998
    0.0234565824
    0.0106113595
    0.0201385819
    0.0274722637
    0.0174878305
    0.0298596488
    0.0232470100
    0.0287731442
    0.0384441861
    0.0368005483
    0.0204993217
    0.0212739516
    0.0369968495
    0.0383093050
    0.0284942371
    0.0235186909
    0.0296749561
   -0.0065737833
    0.0005956028
   -0.0223108553
   -0.0283979072
   -0.0248611597
    0.0017317628
   -0.0294361894
   -0.0369943424
   -0.0385548339
   -0.0359354593
   -0.0212236884
   -0.0228959604
   -0.0385968979
   -0.0414941563
   -0.0406698732
   -0.0330008011
   -0.0156267792
   -0.0229186850
   -0.0362855955
   -0.0394582749
   -0.0343992241
   -0.0216015018
   -0.0140000276
   -0.0315491216
   -0.0309376706
   -0.0219959038
   -0.0145138353
   -0.0222637222
   -0.0341757048
   -0.0381481532
   -0.0343544232
   -0.0166343410
   -0.0331104242
   -0.0395283329
   -0.0394005511
   -0.0356100444
   -0.0201100194
   -0.0220913988
   -0.0349464898
   -0.0363708179
   -0.0338401343
   -0.0251093040
   -0.0004775050
   -0.0236498675
   -0.0255309049
   -0.0179546713
    0.0062161450
   -0.0040658989
    0.0077215252
    0.0079264162
    0.0189589922
    0.0137526985
    0.0154663092
    0.0153061545
    0.0232660119
    0.0106221265
    0.0106976041
    0.0130927200
    0.0085959501
    0.0161239089
    0.0197312322
    0.0149653590
    0.0102962955
    0.0302000666
    0.0183035258
    0.0230714799
    0.0238126459
    0.0074593152
    0.0095440852
    0.0075628146
    0.0064949230
    0.0158921694
    0.0084025847
    0.0131413065
    0.0139806862
    0.0210288295
    0.0277519031
    0.0139213806
    0.0132812685
    0.0261615417
    0.0403638221
    0.0142631341
    0.0266021351
    0.0326702612
    0.0150683993
    0.0246538170
    0.0324181406
    0.0255700020
    0.0243937608
    0.0324972625
    0.0249885812
    0.0334137291
    0.0299778149
    0.0280290658
    0.0264143761
    0.0058231073
    0.0036795237
    0.0050794244
    0.0097424982
    0.0099755199
   -0.0007932499
    0.0002594850
   -0.0020834621
    0.0000410772
    0.0045874477
    0.0023364402
   -0.0017845217
   -0.0027696477
   -0.0077545737
   -0.0063925855
   -0.0043126220
   -0.0066569513
   -0.0073098748
   -0.0001675922
    0.0061330420
   -0.0021727691
   -0.0053208951
   -0.0062767995
    0.0019920489
   -0.0019833313
   -0.0030262094
   -0.0070531644
   -0.0006853155
   -0.0065282453
   -0.0053379117
   -0.0007904798
   -0.0029503270
   -0.0065338184
   -0.0057650676
   -0.0019670983
    0.0009927487
   -0.0023546971
    0.0050623264
    0.0140292017
   -0.0028075531
    0.0099777501
   -0.0037525214
   -0.0060011709
   -0.0038002886
    0.0023615395
   -0.0065737742
   -0.0069527480
   -0.0043136942
   -0.0016556822
    0.0047114156
   -0.0050028302
   -0.0077692040
   -0.0035882903
   -0.0003557860
   -0.0025028116
   -0.0010464882
   -0.0059302586
   -0.0069566484
   -0.0040617204
    0.0003281239
   -0.0053323863
   -0.0068941380
   -0.0032057464
   -0.0041054540
   -0.0080226790
   -0.0019229476
   -0.0025949493
   -0.0014615048
   -0.0006302601
    0.0005550549
    0.0047017103
    0.0021787595
    0.0022576177
    0.0031908359
    0.0109306910
    0.0105691955
    0.0035455147
    0.0122985611
    0.0149181461
    0.0099477614
    0.0086270129
    0.0051094350
    0.0026248770
    0.0108650220
    0.0110248845
    0.0110020270
    0.0099604361
    0.0123725741
    0.0087644601
    0.0196029653
    0.0210959144
    0.0082655833
    0.0064461648
    0.0121208111
    0.0154482489
    0.0186871454
    0.0113369061
    0.0157997255
    0.0108625822
    0.0054270479
    0.0105493349
    0.0069740087
    0.0130205268
    0.0111560345
    0.0223646119
    0.0075296734
    0.0332054267
    0.0095091343
    0.0129024901
    0.0126298582
    0.0023525643
    0.0002066027
    0.0270919991
    0.0143885598
    0.0141640620
    0.0180239216
    0.0173368409
    0.0087472909
    0.0013846704
    0.0176183408
    0.0009527578
    0.0219913318
   -0.0312315303
   -0.0292600244
   -0.0285305059
   -0.0193563971
   -0.0257684143
    0.0004366604
   -0.0296778441
   -0.0230165295
   -0.0113730156
   -0.0177466652
   -0.0134180287
    0.0030280593
   -0.0219739214
   -0.0147016311
   -0.0062399494
   -0.0129046197
   -0.0047357786
   -0.0233875027
   -0.0174440753
   -0.0080006828
   -0.0273151044
   -0.0037309938
   -0.0180285094
    0.0251058083
   -0.0049368666
    0.0067358971
   -0.0152790532
   -0.0114465693
   -0.0108709220
   -0.0197833262
   -0.0112742650
   -0.0144392417
    0.0286859710
    0.0205867613
    0.0076116572
    0.0372814871
    0.0298564690
    0.0226233824
    0.0065661552
    0.0100834983
    0.0252392455
    0.0248707026
    0.0123123658
    0.0187959838
    0.0288628051
    0.0285483994
    0.0279066323
    0.0318801801
    0.0341083927
    0.0228781155
    0.0311711826
    0.0241852584
    0.0113244630
    0.0032926535
    0.0135925412
    0.0100067870
    0.0065401029
    0.0069304609
   -0.0377786546
   -0.0447092065
   -0.0439570115
   -0.0357187065
   -0.0238473949
   -0.0259238003
   -0.0377001011
   -0.0488433515
   -0.0469481739
   -0.0436876209
   -0.0322614830
   -0.0283123348
   -0.0440043944
   -0.0475383666
   -0.0444860937
   -0.0409045648
   -0.0335535168
   -0.0446353971
   -0.0335257874
   -0.0329986203
   -0.0275033986
   -0.0099537294
   -0.0072425683
   -0.0182819555
   -0.0222191662
   -0.0331243717
   -0.0367999939
   -0.0288135398
   -0.0383867213
   -0.0421231089
   -0.0450829671
   -0.0446864625
   -0.0338593055
   -0.0060030555
   -0.0172423525
   -0.0372179699
   -0.0431345578
   -0.0458552830
   -0.0460346711
   -0.0346122755
   -0.0196725704
   -0.0187021772
   -0.0311038902
   -0.0407722008
   -0.0423696815
   -0.0342381175
    0.0309746426
    0.0159119517
    0.0127154133
    0.0526990058
    0.0305173585
    0.0041769923
    0.0409751415
    0.0310704781
    0.0143308981
    0.0272807492
    0.0049790194
    0.0052820287
    0.0127432665
    0.0161159686
    0.0162385202
    0.0187148518
    0.0182830608
    0.0176715932
    0.0191082852
    0.0174743476
    0.0058725959
    0.0059800662
    0.0145241764
   -0.0022262674
   -0.0091573158
    0.0115166848
   -0.0228431797
   -0.0234136378
   -0.0172969565
   -0.0062306653
   -0.0108278298
   -0.0169257963
   -0.0094928928
    0.0135379734
   -0.0153265383
   -0.0245722992
   -0.0059361548
   -0.0099519909
   -0.0090518146
    0.0132075066
    0.0043127786
    0.0109764620
    0.0154209627
    0.0146652389
   -0.0024488033
    0.0007801647
    0.0130968352
    0.0164592175
    0.0156297062
    0.0041876231
    0.0108336960
   -0.0080130354
    0.0101495889
   -0.0039387133
    0.0026767030
   -0.0144317902
   -0.0102101243
    0.0017225806
   -0.0158800034
   -0.0121722089
   -0.0174859338
   -0.0073221333
   -0.0102926309
   -0.0116609400
   -0.0137674251
   -0.0201917917
   -0.0162481814
   -0.0040083718
   -0.0043148473
   -0.0066874866
   -0.0049355368
   -0.0174408191
   -0.0190281085
   -0.0089183135
   -0.0111491790
   -0.0025530862
   -0.0128474445
    0.0045218579
   -0.0024628629
    0.0132364006
    0.0113280747
    0.0045265395
    0.0141352402
    0.0139385658
    0.0089605411
    0.0118546661
    0.0056168240
   -0.0014566226
    0.0121364060
    0.0138617938
   -0.0054226101
    0.0083165221
    0.0112940380
    0.0134218287
   -0.0066651277
    0.0074049391
    0.0029650383
   -0.0041929310
    0.0098411961
    0.0085947485
    0.0157211811
    0.0163621297
    0.0147636947
    0.0151404607
    0.0151542330
    0.0162403687
    0.0154535673
    0.0135660555
    0.0084446937
    0.0089493634
    0.0305081223
    0.0302519796
    0.0419657284
    0.0081571929
    0.0233962335
    0.0376166130
    0.0036620079
    0.0174880408
    0.0229033215
   -0.0169830311
   -0.0253452207
    0.0088499586
   -0.0039192257
   -0.0261519904
   -0.0190715573
   -0.0215660666
   -0.0330971983
   -0.0006583880
   -0.0273512576
   -0.0329974579
   -0.0212135245
   -0.0191794022
   -0.0328192743
   -0.0245056936
    0.0044180372
   -0.0227739157
   -0.0123417577
    0.0427623556
    0.0464935500
    0.0217483834
    0.0228776176
    0.0438741109
    0.0550624950
    0.0272592237
    0.0449471122
    0.0561999845
    0.0288460914
    0.0456432300
    0.0336184655
    0.0362259781
    0.0515826193
    0.0413720710
    0.0184782137
    0.0515806733
    0.0420386779
    0.0200423334
    0.0350163001
    0.0381607823
    0.0124766972
    0.0151585621
    0.0101491965
    0.0067064024
    0.0103880524
    0.0146615584
    0.0150386196
    0.0139579786
    0.0146032135
    0.0130431592
    0.0072659298
    0.0115384561
    0.0206089090
    0.0111961806
    0.0042514328
    0.0051184883
    0.0200201620
    0.0045034236
    0.0039520679
    0.0118782269
    0.0085926145
    0.0189288900
    0.0119447449
    0.0200826918
    0.0187776857
    0.0181950260
    0.0037410517
    0.0097368855
    0.0020509370
    0.0169164007
    0.0068331063
    0.0083077872
    0.0168075518
    0.0252060469
    0.0156142908
    0.0078146497
    0.0155648980
    0.0172781726
    0.0227853051
    0.0176428735
    0.0200747864
    0.0184018442
    0.0262195168
    0.0279181409
    0.0199062784
    0.0172740981
    0.0274606017
    0.0307113646
    0.0273111832
    0.0169444128
    0.0203292415
    0.0280058951
    0.0262232118
    0.0202007854
   -0.0121284781
   -0.0174609779
   -0.0127702723
   -0.0152490374
   -0.0247710689
   -0.0272677028
   -0.0253337344
   -0.0148348852
   -0.0210400078
   -0.0298553365
   -0.0319372561
   -0.0309138604
   -0.0247468399
   -0.0098116145
   -0.0166183323
   -0.0295970805
   -0.0328082947
   -0.0316297868
   -0.0252155711
   -0.0133150765
   -0.0004726763
   -0.0169278610
   -0.0270488045
   -0.0303088905
   -0.0261359592
   -0.0168025117
   -0.0113625390
   -0.0237553115
   -0.0231578891
   -0.0159940042
   -0.0118821504
   -0.0173393223
   -0.0258479154
   -0.0290156476
   -0.0251392083
   -0.0020746562
   -0.0140629580
   -0.0251727333
   -0.0305471647
   -0.0307373749
   -0.0265426211
   -0.0136136673
   -0.0106946744
   -0.0245127161
   -0.0295055856
   -0.0295307136
   -0.0263332202
   -0.0162822918
   -0.0150791180
   -0.0238589272
   -0.0245587195
   -0.0207488340
   -0.0097293064
   -0.0115768786
   -0.0144357981
   -0.0073577272
    0.0037558874
    0.0190375111
    0.0084015965
    0.0133329194
    0.0142573861
    0.0185034342
    0.0098116635
    0.0089856730
    0.0080459226
    0.0070355462
    0.0074841040
    0.0147524755
    0.0203022069
    0.0141682318
    0.0173956485
    0.0082466106
    0.0271250201
    0.0060721497
    0.0222541268
    0.0190389177
    0.0055647091
    0.0055761267
   -0.0005868952
    0.0048349845
    0.0068622859
    0.0035429458
    0.0162127774
    0.0219051759
    0.0065946530
    0.0134050130
    0.0209958921
    0.0300538165
   -0.0045475800
    0.0138382750
    0.0223009674
    0.0268902091
    0.0078726743
    0.0187296714
    0.0246380926
    0.0315865762
    0.0146852133
    0.0209277782
    0.0211370140
    0.0193387010
    0.0256533911
    0.0189078506
    0.0279791720
    0.0241046400
    0.0274443221
    0.0246480268
    0.0221408689
    0.0212459166
    0.0169523673
    0.0033436420
    0.0006511714
    0.0014876575
    0.0047449842
    0.0107332561
    0.0048187454
   -0.0002714375
   -0.0003774346
   -0.0012467260
    0.0004716693
    0.0040683479
    0.0027870708
   -0.0004877954
   -0.0027790268
   -0.0054930452
   -0.0065225223
   -0.0051487275
   -0.0033964831
   -0.0051256044
   -0.0056149616
   -0.0024570402
    0.0024632628
   -0.0011755862
   -0.0037007198
   -0.0042779749
    0.0006243124
   -0.0009278159
   -0.0018948111
   -0.0049627826
   -0.0055382447
   -0.0032898063
   -0.0050111588
   -0.0056923018
   -0.0047606232
   -0.0023477629
   -0.0041818157
   -0.0047255952
   -0.0033486006
    0.0028503469
    0.0018276359
   -0.0005645011
   -0.0017135861
   -0.0025037439
   -0.0042375205
   -0.0021995180
    0.0014018241
    0.0027936642
   -0.0041536157
   -0.0056192690
   -0.0043207853
   -0.0020721815
    0.0009925200
   -0.0040722368
   -0.0060883094
   -0.0059729965
   -0.0037391804
    0.0002626967
   -0.0025213035
    0.0002193508
   -0.0006034449
   -0.0015525448
   -0.0047647648
   -0.0050788253
   -0.0036755456
   -0.0005140796
   -0.0046823555
   -0.0057743829
   -0.0058230266
   -0.0040287063
   -0.0004179251
   -0.0050268044
   -0.0059818715
   -0.0039742343
   -0.0006091358
   -0.0015845341
   -0.0012571488
   -0.0006635161
    0.0012424471
    0.0044611828
    0.0020946328
   -0.0006121889
    0.0000155865
    0.0045233072
    0.0154288908
    0.0070717671
    0.0014146562
    0.0132820899
    0.0064902395
    0.0054980694
    0.0017462791
    0.0091011417
    0.0115368361
    0.0091016909
    0.0071438367
    0.0104821547
    0.0216285918
    0.0045651471
    0.0056745034
    0.0129542155
    0.0137880099
    0.0089313998
    0.0237458424
    0.0178692059
    0.0103672633
    0.0042781820
    0.0069818312
    0.0066056445
    0.0111813374
    0.0120404647
    0.0098547302
    0.0091374977
    0.0078261681
    0.0097180425
    0.0099128270
    0.0002770610
    0.0185828939
    0.0067404926
    0.0066280747
    0.0016678283
   -0.0051249798
    0.0055476587
    0.0039857067
    0.0051584449
    0.0174870430
   -0.0269054887
   -0.0324514310
   -0.0248119440
   -0.0079846230
   -0.0105302882
    0.0067793702
   -0.0216093536
   -0.0272930091
   -0.0197010192
   -0.0094268230
   -0.0136338835
    0.0001070734
   -0.0084363117
   -0.0188908869
   -0.0124397749
   -0.0072055456
   -0.0094345286
   -0.0038543629
   -0.0218494251
    0.0048269273
   -0.0272798729
   -0.0132393106
   -0.0001521248
   -0.0088960203
   -0.0138463559
   -0.0215392438
    0.0087166739
    0.0173651174
   -0.0090183893
   -0.0111601528
   -0.0116730570
    0.0203421080
    0.0131624920
    0.0312626670
    0.0234872236
    0.0169795983
    0.0054433386
    0.0264435494
    0.0217594382
    0.0140052911
   -0.0024334899
    0.0066104264
    0.0176100151
    0.0206447163
    0.0162221241
    0.0063306920
    0.0142009724
    0.0225484331
    0.0248973115
    0.0263778419
    0.0272996406
    0.0246571703
    0.0274559307
    0.0326201917
    0.0224597835
    0.0273489756
    0.0198725476
   -0.0001366424
    0.0070420899
    0.0036074764
    0.0000856667
   -0.0042778540
    0.0035847583
    0.0027980552
   -0.0293666326
   -0.0349665501
   -0.0342521081
   -0.0271115499
   -0.0191513377
   -0.0215498983
   -0.0296066993
   -0.0383883575
   -0.0376945637
   -0.0344924032
   -0.0244266989
   -0.0261873158
   -0.0341864933
   -0.0391332375
   -0.0374606529
   -0.0349502430
   -0.0297558013
   -0.0375506918
   -0.0343893333
   -0.0323948913
   -0.0297085703
   -0.0238449814
   -0.0071089262
   -0.0204864815
   -0.0163455976
   -0.0127283152
   -0.0232935324
   -0.0268907031
   -0.0044671852
   -0.0216071535
   -0.0283050300
   -0.0310143154
   -0.0320445974
   -0.0263635883
   -0.0322215994
   -0.0348018983
   -0.0365932746
   -0.0365566517
   -0.0261954656
   -0.0077527373
   -0.0119528445
   -0.0276232461
   -0.0337564888
   -0.0359544971
   -0.0353016270
   -0.0265911300
   -0.0161208207
   -0.0148186914
   -0.0228167899
   -0.0310021985
   -0.0326585953
   -0.0260810071
    0.0267349500
    0.0140557392
    0.0117999859
    0.0291913938
    0.0371365153
    0.0237580851
    0.0027403283
    0.0345226092
    0.0249854583
    0.0114038283
    0.0318296260
    0.0302993679
   -0.0010981618
    0.0094539693
    0.0075016248
    0.0083554870
    0.0131596514
    0.0143214161
    0.0136152198
    0.0147116240
    0.0155911548
    0.0109502790
    0.0133624079
    0.0145473208
    0.0140771259
    0.0089657442
    0.0018692417
    0.0060214715
    0.0106982878
    0.0024192687
   -0.0018694873
    0.0133176111
   -0.0180244289
   -0.0168283563
   -0.0087661811
    0.0017104211
   -0.0042843446
   -0.0074950526
   -0.0037438846
    0.0096710742
   -0.0128575994
   -0.0079944549
    0.0079275936
   -0.0246912625
   -0.0104648391
   -0.0076867136
   -0.0081682444
    0.0119165281
    0.0095090220
    0.0082557959
    0.0122031166
    0.0128362639
   -0.0031482421
    0.0009875223
    0.0093574642
    0.0123323236
    0.0130466563
   -0.0006146296
    0.0038063482
    0.0079042496
   -0.0044321895
    0.0087815858
   -0.0052312403
    0.0002467490
   -0.0114625243
   -0.0092351355
   -0.0014021074
   -0.0128114538
   -0.0114436495
   -0.0139732966
   -0.0074407085
   -0.0100364919
   -0.0002212715
   -0.0119866330
   -0.0107803331
   -0.0127970357
   -0.0165434597
   -0.0133444295
   -0.0051136917
   -0.0052953520
    0.0051711207
   -0.0069707165
   -0.0053762305
   -0.0141817078
   -0.0150228551
   -0.0086746172
   -0.0103315336
   -0.0073254660
   -0.0016997472
   -0.0090764397
    0.0009658144
   -0.0026753757
    0.0087423798
    0.0068453327
    0.0022212169
   -0.0057496122
    0.0127318427
    0.0107580334
    0.0083814886
    0.0019738269
    0.0102242310
    0.0108392223
    0.0097638246
    0.0082988764
    0.0018980651
   -0.0021586873
    0.0077965254
    0.0086919956
   -0.0041359677
    0.0047954615
    0.0094238612
    0.0117473826
   -0.0002323391
    0.0067276812
    0.0066018098
    0.0077334096
   -0.0057765133
    0.0035087355
   -0.0006870798
   -0.0048170930
    0.0058067860
    0.0054961042
    0.0111539159
    0.0115984844
    0.0104041623
    0.0101029945
    0.0126777856
    0.0132892473
    0.0130248690
    0.0133537127
    0.0124906439
    0.0103980064
    0.0114606744
    0.0111912651
    0.0081803557
    0.0045939995
    0.0056150656
    0.0266077806
    0.0303551980
    0.0416041217
    0.0164907175
    0.0256062930
    0.0374647053
    0.0096646164
    0.0208411617
    0.0340575672
    0.0058421028
    0.0147092617
   -0.0113898400
   -0.0184151005
    0.0055566255
   -0.0026006357
   -0.0173931793
   -0.0157823887
    0.0057744275
   -0.0154042452
   -0.0233270658
   -0.0063355881
   -0.0216207645
   -0.0231713822
   -0.0052007451
   -0.0212462340
   -0.0234204790
   -0.0175586230
   -0.0132578883
   -0.0229848902
   -0.0179308318
    0.0100162157
    0.0024935944
   -0.0150010559
   -0.0088567593
    0.0338085704
    0.0364887226
    0.0218684223
    0.0171785798
    0.0281013755
    0.0392046357
    0.0435163563
    0.0186439141
    0.0175523502
    0.0312308313
    0.0411993209
    0.0476122986
    0.0169634235
    0.0305518805
    0.0405869421
    0.0208531064
    0.0282755848
    0.0212446013
    0.0417765578
    0.0370886419
    0.0263807621
    0.0464937595
    0.0414855737
    0.0339713733
    0.0205855997
    0.0407136180
    0.0369600642
    0.0274210179
    0.0282910410
    0.0233753397
    0.0079558331
    0.0149371634
    0.0089676557
    0.0109201497
    0.0116392093
    0.0115801035
    0.0154355856
    0.0115931189
    0.0116789999
    0.0194982624
    0.0095532682
    0.0161522611
    0.0094035476
    0.0055915429
    0.0075543592
    0.0144791719
    0.0010251642
    0.0074161350
    0.0095572119
    0.0176436489
    0.0193346714
    0.0138727710
    0.0051297120
   -0.0007886273
    0.0114610838
    0.0059621444
    0.0030286778
    0.0083751227
    0.0097477866
    0.0068294928
    0.0120198618
    0.0159290117
    0.0142669031
    0.0182188303
    0.0217249746
    0.0191559715
    0.0064187007
    0.0065377368
    0.0179129580
    0.0232450189
    0.0232197673
    0.0178047148
    0.0071534460
    0.0193528944
    0.0218495407
    0.0184681095
    0.0144969093
   -0.0069872319
   -0.0127338238
   -0.0113892409
    0.0007738539
   -0.0083546268
   -0.0182042194
   -0.0213578031
   -0.0206867284
   -0.0148261571
    0.0021248447
   -0.0124737898
   -0.0225373409
   -0.0254561111
   -0.0252286598
   -0.0215759376
   -0.0122056113
    0.0030923401
   -0.0215989549
   -0.0260278710
   -0.0260716718
   -0.0224583866
   -0.0145446255
   -0.0049307731
   -0.0116137424
   -0.0207716586
   -0.0241032754
   -0.0203075370
   -0.0121619655
   -0.0073028243
   -0.0181639191
   -0.0175690749
   -0.0105890173
   -0.0079841699
   -0.0127470990
   -0.0200098212
   -0.0227582016
   -0.0187024795
   -0.0058709017
   -0.0148522164
   -0.0219336826
   -0.0245940162
   -0.0235439186
   -0.0180368714
   -0.0049003584
    0.0022569868
   -0.0125378900
   -0.0208244700
   -0.0234479287
   -0.0226273560
   -0.0183750896
   -0.0067527478
    0.0007071466
   -0.0142437793
   -0.0187490763
   -0.0181801278
   -0.0134922473
   -0.0018812234
    0.0005606332
   -0.0094316100
   -0.0091003672
   -0.0015072975
    0.0021366950
    0.0025552530
    0.0189681698
    0.0054285014
    0.0114625725
    0.0114503390
    0.0151641482
    0.0089990015
    0.0076465550
    0.0054193050
    0.0066014398
    0.0120103921
    0.0164278502
    0.0140928965
    0.0176288455
    0.0139001542
    0.0073371248
    0.0046349372
    0.0188692178
    0.0027898361
   -0.0009808837
    0.0023235818
   -0.0079333692
    0.0029151252
   -0.0002720469
    0.0128539873
    0.0185180297
    0.0026931119
    0.0094701005
    0.0171856535
   -0.0008802243
    0.0128269571
    0.0193878501
    0.0235068861
    0.0084425281
    0.0167600821
    0.0219617248
    0.0138917321
    0.0157309460
    0.0218814138
    0.0232261885
    0.0195730129
    0.0231602222
    0.0204169997
    0.0046357809
    0.0058333830
    0.0096499988
    0.0022299534
    0.0011099416
   -0.0002566588
    0.0004975506
    0.0037189132
    0.0087160771
    0.0124932928
    0.0036801042
    0.0002543254
   -0.0003413481
   -0.0006999938
    0.0007778012
    0.0037311966
    0.0029596494
    0.0002801021
   -0.0012317656
   -0.0047916927
   -0.0058155557
   -0.0048679883
   -0.0023298916
   -0.0043261009
   -0.0052085909
   -0.0047174057
    0.0006575434
   -0.0025222411
   -0.0040088540
   -0.0042088668
   -0.0019308315
    0.0023079265
   -0.0002894173
   -0.0024701698
   -0.0029780506
   -0.0000663337
   -0.0002707525
   -0.0012264988
   -0.0046834477
   -0.0054078333
   -0.0035402425
   -0.0042906962
   -0.0050127242
   -0.0046831194
   -0.0034332033
    0.0008736377
   -0.0043271987
   -0.0047385757
   -0.0045284736
   -0.0036327275
   -0.0003396483
   -0.0028477703
   -0.0034126823
   -0.0026598301
    0.0010887288
    0.0015617845
    0.0000007220
    0.0022409359
   -0.0010711878
   -0.0018283001
   -0.0029361790
   -0.0011475400
    0.0011738921
    0.0012898160
   -0.0031163599
   -0.0042852199
   -0.0034020214
   -0.0013312585
    0.0015601782
   -0.0047973541
   -0.0050337204
   -0.0038829882
   -0.0014777531
    0.0021369704
   -0.0049353889
   -0.0055341491
   -0.0040584881
    0.0002590515
   -0.0000075115
   -0.0000737917
   -0.0019372484
   -0.0037696667
   -0.0036423099
   -0.0026336343
   -0.0022828713
   -0.0045686802
   -0.0050184515
   -0.0049469351
   -0.0043848829
   -0.0012397904
   -0.0043589244
   -0.0051435706
   -0.0051932086
   -0.0042665017
   -0.0014121933
   -0.0050373149
   -0.0056697246
    0.0001869574
   -0.0009112730
   -0.0009211178
   -0.0003265370
    0.0016977346
    0.0042226296
    0.0021047745
   -0.0013803389
   -0.0009076432
    0.0013038698
    0.0060951294
    0.0119230166
    0.0058502411
    0.0007271071
    0.0022992907
    0.0155159792
    0.0063562384
    0.0027042923
    0.0044404619
    0.0114921933
    0.0011077507
    0.0077459600
    0.0117992363
    0.0049566156
    0.0060255605
    0.0176157830
    0.0187784302
    0.0054511023
    0.0169228487
    0.0149530527
    0.0140203880
    0.0088399086
    0.0142245455
    0.0077884400
    0.0251764198
    0.0043779381
    0.0049623857
    0.0061633005
    0.0097822179
    0.0095512406
    0.0096538606
    0.0044097647
    0.0082098249
    0.0077284861
   -0.0006367570
    0.0130261109
    0.0027571484
    0.0028993131
    0.0163632087
   -0.0014100781
   -0.0070693261
    0.0007311107
   -0.0037943199
    0.0065546473
    0.0148928375
   -0.0275547429
   -0.0120178879
   -0.0193041416
   -0.0019671647
   -0.0207779241
   -0.0231790420
   -0.0159298181
   -0.0076578610
   -0.0132585824
   -0.0013509957
   -0.0116448206
    0.0001176044
   -0.0182528608
   -0.0153765971
   -0.0099807756
   -0.0060913148
   -0.0069112212
    0.0024329669
   -0.0021746822
   -0.0187313120
   -0.0233063669
   -0.0154249631
   -0.0024602895
   -0.0158858845
    0.0021118487
   -0.0024073861
   -0.0064246818
   -0.0100908854
   -0.0202143150
    0.0212014694
    0.0015144318
   -0.0112656157
   -0.0107289089
   -0.0116739677
    0.0155324656
    0.0079914984
    0.0238324673
    0.0178589012
    0.0108681975
   -0.0030134166
    0.0248203676
    0.0208345629
    0.0157383884
    0.0067778931
    0.0034449389
    0.0147924986
    0.0171905681
    0.0124921267
    0.0025189519
    0.0110307302
    0.0225295142
    0.0232004674
    0.0186932262
    0.0222582588
    0.0247684986
    0.0188112982
    0.0237087746
   -0.0040091620
    0.0032785453
    0.0004970776
   -0.0052609720
   -0.0099400503
   -0.0008548993
   -0.0231087084
   -0.0281933660
   -0.0274702802
   -0.0206026162
   -0.0139198995
   -0.0166405866
   -0.0233232886
   -0.0311797966
   -0.0309123801
   -0.0284420094
   -0.0213434453
   -0.0278246931
   -0.0317550975
   -0.0305939270
   -0.0287014773
   -0.0247386805
   -0.0135471869
   -0.0311638567
   -0.0276803067
   -0.0259134500
   -0.0240859116
   -0.0199351098
   -0.0091105630
   -0.0151413967
   -0.0131715999
   -0.0048863411
   -0.0127004164
   -0.0189024699
   -0.0077525319
   -0.0182835268
   -0.0225043237
   -0.0238481355
   -0.0245243297
   -0.0114354708
   -0.0220423037
   -0.0260465611
   -0.0278137731
   -0.0291037523
   -0.0299124462
   -0.0203579167
   -0.0052611751
   -0.0129619253
   -0.0234335894
   -0.0275394156
   -0.0289794916
   -0.0279979535
   -0.0207178752
   -0.0116605997
   -0.0101601961
   -0.0164138501
   -0.0242404345
   -0.0260739360
   -0.0201434050
    0.0233857519
    0.0112441105
    0.0095431754
    0.0332625665
    0.0203810216
    0.0409177942
    0.0286202767
    0.0199691836
    0.0284122433
    0.0052662994
    0.0050878746
    0.0084771151
    0.0120096393
    0.0106950244
    0.0112891975
    0.0129259564
    0.0125509998
    0.0108686127
    0.0116413015
    0.0111378541
    0.0062849031
   -0.0004431012
    0.0081024892
    0.0023984442
   -0.0000972756
    0.0122834358
   -0.0156611092
   -0.0162526860
   -0.0070350741
   -0.0002763873
    0.0096161670
   -0.0010618660
   -0.0019896736
    0.0028096898
   -0.0086520325
   -0.0014378006
    0.0119355000
   -0.0197510787
   -0.0053095153
   -0.0068053467
    0.0082730286
    0.0057719029
    0.0096055296
    0.0104036630
    0.0133506775
   -0.0044402961
   -0.0009136106
    0.0069641689
    0.0099471825
    0.0111051941
    0.0020339663
    0.0059970500
   -0.0017104899
    0.0083343280
    0.0225092637
   -0.0052819484
   -0.0008223003
   -0.0090514747
   -0.0074378460
   -0.0021597489
   -0.0108069367
   -0.0025150386
   -0.0102657355
   -0.0099171965
   -0.0109022353
   -0.0065878961
   -0.0086917704
   -0.0091118147
   -0.0023627304
   -0.0113156742
   -0.0092672113
   -0.0110435086
   -0.0133233761
   -0.0105673700
   -0.0049182850
   -0.0050611355
   -0.0141118109
    0.0027169270
    0.0014192977
    0.0077149517
    0.0004824915
    0.0025665389
   -0.0062365268
   -0.0047105190
   -0.0111329246
   -0.0115834078
   -0.0075772738
   -0.0087855619
   -0.0007193218
   -0.0083691698
   -0.0085073657
   -0.0005625196
   -0.0061893798
   -0.0000681181
   -0.0038814698
    0.0073763801
    0.0052630499
    0.0015257032
   -0.0054772123
    0.0113380405
    0.0087817875
    0.0066603365
    0.0018926119
    0.0086231023
    0.0088281361
    0.0083422436
    0.0073526387
    0.0008667761
   -0.0031280510
    0.0059320836
    0.0072237854
   -0.0034612900
    0.0032935565
    0.0073368303
    0.0097798839
   -0.0006474210
    0.0048412947
    0.0049171533
    0.0063833502
   -0.0048557750
    0.0021853906
   -0.0013839098
   -0.0055192571
    0.0042970989
    0.0039964764
    0.0089428964
    0.0092730677
    0.0085553271
    0.0071809989
    0.0083108154
    0.0102611438
    0.0106959542
    0.0106315626
    0.0108701197
    0.0103213102
    0.0083102607
    0.0091956801
    0.0092530276
    0.0066843599
    0.0032995904
    0.0043516706
    0.0247667535
    0.0271559685
    0.0298586686
    0.0181508222
    0.0256990567
    0.0116831592
    0.0214727623
    0.0033418917
    0.0122636255
   -0.0077711950
   -0.0138641157
    0.0063517075
   -0.0000296106
   -0.0121788807
    0.0008376217
   -0.0128355902
   -0.0170812816
   -0.0072942263
   -0.0168414815
   -0.0165185768
   -0.0066213788
   -0.0166478514
   -0.0168471912
   -0.0133892997
    0.0036813091
   -0.0116170480
   -0.0171124416
   -0.0140093939
    0.0079950745
    0.0030695976
   -0.0107261462
   -0.0067546895
    0.0274452127
    0.0295162757
    0.0167681034
    0.0133075737
    0.0228255310
    0.0323257413
    0.0360081020
    0.0197787640
    0.0290480447
    0.0360955125
    0.0407594352
    0.0182399083
    0.0280157264
    0.0358867837
    0.0199363926
    0.0236840879
    0.0172641017
    0.0338937147
    0.0280122818
    0.0174488926
    0.0369037051
    0.0322006585
    0.0247017210
    0.0123222954
    0.0322988396
    0.0278096868
    0.0183681369
    0.0221595418
    0.0183052945
    0.0057538950
    0.0113847213
    0.0075700687
    0.0081976791
    0.0093745021
    0.0069599639
    0.0048330114
    0.0047644490
    0.0135522721
    0.0081213887
    0.0097592660
    0.0093006069
    0.0103491582
    0.0159014668
    0.0074626359
    0.0079114889
    0.0056505894
    0.0012037330
    0.0047961081
    0.0106388680
    0.0049128139
    0.0040553993
    0.0078881362
    0.0044387124
    0.0155665435
    0.0026148048
    0.0092305547
    0.0076091765
    0.0030910022
    0.0077993488
    0.0099164301
    0.0061267091
    0.0093227059
    0.0113695301
    0.0149741444
    0.0139971464
    0.0159355001
    0.0126317254
    0.0124151467
    0.0172926880
    0.0184355703
    0.0153269821
    0.0063253746
    0.0066953620
    0.0154287331
    0.0185065705
    0.0174073278
    0.0126400343
    0.0128738242
    0.0161817192
    0.0144904130
   -0.0067679657
   -0.0070773347
   -0.0012194218
   -0.0112455631
   -0.0146691359
   -0.0147458036
   -0.0109949813
   -0.0001772686
   -0.0128945690
   -0.0178761958
   -0.0195216380
   -0.0189764140
   -0.0158123002
   -0.0084033000
   -0.0176852101
   -0.0210085645
   -0.0214967680
   -0.0197196897
   -0.0149785700
   -0.0068011723
    0.0022538040
   -0.0159949819
   -0.0204461450
   -0.0213586501
   -0.0196677891
   -0.0153204674
   -0.0090366262
   -0.0026826913
   -0.0091633127
   -0.0161828216
   -0.0190139831
   -0.0159833879
   -0.0097364454
   -0.0060188329
   -0.0141253818
   -0.0135297966
   -0.0080910999
   -0.0066252381
   -0.0102445664
   -0.0156535689
   -0.0177049994
   -0.0141865960
   -0.0038549223
   -0.0095184264
   -0.0151646306
   -0.0187541947
   -0.0196118615
   -0.0177726811
   -0.0124026453
   -0.0029182582
    0.0016695303
   -0.0071925384
   -0.0146731519
   -0.0185645153
   -0.0194543587
   -0.0179322676
   -0.0132510063
   -0.0084916669
   -0.0148337970
   -0.0170368810
   -0.0165721783
   -0.0136487807
   -0.0069076454
   -0.0006526280
   -0.0098156323
   -0.0123067791
   -0.0108945708
   -0.0057512885
   -0.0002155260
   -0.0044517295
   -0.0025321845
   -0.0005043871
    0.0178201229
    0.0036070567
    0.0097332207
    0.0092762163
    0.0125275743
    0.0080281868
    0.0064260747
    0.0038668987
    0.0058314129
    0.0060210171
    0.0084609002
    0.0144700627
    0.0182803708
    0.0094871486
    0.0121885625
    0.0156648650
    0.0145182088
    0.0116261654
    0.0040017751
   -0.0009302553
   -0.0016144031
   -0.0077878492
    0.0010166272
   -0.0008333730
    0.0103843750
    0.0151331511
    0.0022348722
    0.0073448612
    0.0138253540
   -0.0013927980
    0.0099905142
    0.0158895709
    0.0192563419
    0.0085379658
    0.0151390280
    0.0195066823
    0.0095366178
    0.0154201291
    0.0200392881
    0.0186197115
    0.0202422225
    0.0165002825
    0.0207887154
    0.0178372176
    0.0184328344
    0.0013173461
    0.0001945817
    0.0005596106
    0.0024498799
    0.0073366939
    0.0141784336
    0.0005676880
    0.0001532924
   -0.0005752896
    0.0001446531
    0.0030477126
    0.0071986380
    0.0099834575
    0.0075293462
    0.0033270565
    0.0006207698
   -0.0001825739
   -0.0003549872
    0.0009580639
    0.0034416413
    0.0029546623
    0.0007137386
   -0.0017600519
   -0.0039284409
   -0.0047991458
   -0.0047122259
   -0.0017493672
   -0.0035009002
   -0.0042002254
   -0.0038301399
    0.0011626016
   -0.0017767479
   -0.0030914262
   -0.0032189014
   -0.0016296532
    0.0023014892
    0.0002842683
   -0.0016113471
   -0.0021360428
   -0.0003946488
    0.0001527634
   -0.0007939145
   -0.0041804006
   -0.0046093981
   -0.0044425301
   -0.0034615444
   -0.0002374517
   -0.0042599135
   -0.0043918333
   -0.0044201520
   -0.0041329026
   -0.0034993530
   -0.0037896647
   -0.0038764348
   -0.0038933122
   -0.0035289581
   -0.0019180959
   -0.0020912860
   -0.0025452785
   -0.0022079456
   -0.0000863418
    0.0009662358
   -0.0000210312
   -0.0006566735
   -0.0014293590
   -0.0020411691
   -0.0004769889
    0.0011840346
    0.0002672032
   -0.0024541643
   -0.0033014531
   -0.0026089642
   -0.0007429661
    0.0018382423
   -0.0026477939
   -0.0039076927
   -0.0040881893
   -0.0031898245
   -0.0011175037
    0.0023657790
   -0.0042653969
   -0.0047000584
   -0.0044189174
   -0.0030764933
   -0.0000705204
   -0.0001611600
   -0.0022461998
   -0.0030857441
   -0.0027471065
   -0.0020558266
   -0.0036044771
   -0.0043893425
   -0.0043422552
   -0.0040766366
   -0.0039030104
   -0.0035814475
   -0.0045624830
   -0.0047028866
   -0.0047052101
   -0.0044567687
   -0.0020461466
   -0.0042737245
   -0.0048251704
   -0.0047399697
    0.0006531254
   -0.0004648281
   -0.0006323302
   -0.0000084488
    0.0019394854
    0.0039610186
    0.0021016655
   -0.0014962167
   -0.0012101283
    0.0000383277
    0.0018208889
    0.0055086161
    0.0098734086
    0.0096436730
    0.0049465861
    0.0004933308
   -0.0014915699
   -0.0010399795
    0.0123025757
    0.0043533777
   -0.0005270701
    0.0031002968
    0.0108482154
   -0.0030507567
   -0.0000326041
    0.0066468337
    0.0117916780
    0.0032438855
    0.0053157663
    0.0181880404
    0.0052123113
    0.0137654114
    0.0150216307
    0.0092688367
    0.0160258955
    0.0111760711
    0.0055457877
    0.0184392149
    0.0136746270
    0.0068176382
    0.0043139244
    0.0036235769
    0.0055164676
    0.0084505168
    0.0076306612
    0.0102660595
    0.0029165277
    0.0068773330
    0.0059918005
   -0.0068552466
    0.0091599610
    0.0006690505
    0.0009959915
    0.0128107082
   -0.0025917400
   -0.0068790906
   -0.0015388613
    0.0069269547
   -0.0132493900
   -0.0073202571
   -0.0191064282
   -0.0128668235
   -0.0063065745
   -0.0019914013
   -0.0129197364
   -0.0112220813
   -0.0021645064
    0.0039793111
   -0.0133763178
   -0.0124914025
   -0.0080537410
   -0.0049314077
   -0.0052525132
   -0.0013310350
    0.0018706474
   -0.0153613867
   -0.0188990923
    0.0065416037
   -0.0148143414
   -0.0174000640
    0.0033161867
   -0.0009845562
   -0.0043540202
   -0.0072876224
   -0.0160186530
    0.0100224498
    0.0010831493
   -0.0127821987
   -0.0098513938
   -0.0111284911
   -0.0112796655
    0.0187160182
    0.0133315886
    0.0061421950
    0.0234857094
    0.0180261980
    0.0130311845
    0.0054197729
    0.0195642792
    0.0169692435
    0.0125330535
    0.0046840955
    0.0137762749
    0.0096469385
    0.0017310737
    0.0087219821
    0.0199989273
    0.0190098134
    0.0204242790
    0.0216142745
    0.0188238169
    0.0215511321
    0.0157736323
    0.0200017178
   -0.0044405286
   -0.0063146805
   -0.0021212206
   -0.0183968522
   -0.0225482205
   -0.0220148333
   -0.0165097296
   -0.0115084827
   -0.0134753064
   -0.0184531883
   -0.0251749743
   -0.0253787591
   -0.0237403561
   -0.0193309862
   -0.0104848087
   -0.0224165564
   -0.0263188424
   -0.0258847627
   -0.0246267460
   -0.0218137152
   -0.0149841467
   -0.0253544875
   -0.0251106103
   -0.0238448423
   -0.0227356564
   -0.0207034828
   -0.0162476642
   -0.0179784172
   -0.0171993208
   -0.0145391054
   -0.0081447175
   -0.0075746721
   -0.0077133081
   -0.0105465317
   -0.0073655334
   -0.0136524172
   -0.0159585915
   -0.0157792537
   -0.0081871012
   -0.0156765334
   -0.0189187936
   -0.0201114237
   -0.0207261926
   -0.0130613742
   -0.0193009248
   -0.0219215391
   -0.0230920903
   -0.0239087010
   -0.0159923136
   -0.0060673036
   -0.0141292379
   -0.0199887748
   -0.0225373830
   -0.0232324105
   -0.0218523232
   -0.0164038850
   -0.0097006536
   -0.0083099346
   -0.0126853003
   -0.0189534144
   -0.0205973322
   -0.0157901897
    0.0205657339
    0.0105929507
    0.0096795317
    0.0289044151
    0.0181340599
    0.0011832112
    0.0258017576
    0.0177685778
    0.0076029798
    0.0324345515
    0.0269353983
   -0.0015155233
    0.0066825871
    0.0060570892
    0.0074976257
    0.0117328285
    0.0103152124
    0.0092731261
    0.0095252955
    0.0103462258
    0.0089333372
    0.0084972161
    0.0092948701
    0.0086681867
    0.0045173581
    0.0062267124
    0.0039215179
    0.0025094997
    0.0121008676
   -0.0098158323
   -0.0128014630
   -0.0062921376
    0.0003253638
    0.0066857511
    0.0007244345
    0.0016220938
    0.0042283660
    0.0111491797
   -0.0012852887
    0.0003724686
    0.0074234842
   -0.0104538543
   -0.0032148633
    0.0066927437
   -0.0033482621
    0.0069364460
    0.0078131872
    0.0079156938
    0.0074198218
    0.0046426137
    0.0077750462
    0.0089552044
   -0.0033766283
   -0.0002847519
    0.0053111855
    0.0079020801
    0.0086702795
    0.0014630492
    0.0046456106
    0.0001283708
    0.0080239233
    0.0190942999
    0.0008862470
    0.0078752568
    0.0084814369
   -0.0107055610
   -0.0050196248
   -0.0014142244
   -0.0056081780
   -0.0072991764
   -0.0056636602
   -0.0063947858
    0.0006162418
   -0.0012529983
   -0.0079519284
   -0.0028597299
   -0.0083069569
   -0.0083929978
   -0.0084877345
   -0.0056144922
   -0.0072312348
   -0.0007436424
   -0.0079898229
   -0.0031193985
   -0.0098008474
   -0.0050174846
   -0.0078428490
   -0.0093378631
   -0.0107712527
   -0.0083174585
   -0.0043918930
   -0.0045212320
   -0.0084492734
   -0.0106563347
    0.0009107089
    0.0017699889
   -0.0000991542
    0.0046654412
    0.0066715966
   -0.0007150448
    0.0012687669
    0.0013906442
   -0.0053398208
   -0.0038717852
   -0.0087022254
   -0.0089157644
   -0.0064366627
   -0.0072774578
   -0.0020195858
   -0.0045350959
   -0.0079670176
    0.0047305005
    0.0063615882
    0.0003816915
    0.0044731204
   -0.0062499112
    0.0002187390
   -0.0108265505
   -0.0042518625
    0.0045489837
    0.0027075434
   -0.0008445597
   -0.0067619311
    0.0067161293
    0.0044264962
    0.0003617428
    0.0077317519
    0.0063733061
    0.0036960451
    0.0065384776
    0.0074208932
   -0.0005723780
   -0.0037868840
    0.0037279012
   -0.0040875994
    0.0014183827
    0.0057626958
    0.0078501463
   -0.0006233655
    0.0035888989
    0.0054017263
    0.0075836334
   -0.0011024217
    0.0031852254
    0.0025729414
   -0.0056582666
    0.0001569626
    0.0024667471
    0.0022000077
    0.0064842461
    0.0067451499
    0.0059954056
    0.0083622716
    0.0086079228
    0.0085046263
    0.0083400255
    0.0084960739
    0.0081178945
    0.0085635840
    0.0086992617
    0.0090155385
    0.0078978363
    0.0058355516
    0.0067470478
    0.0069044555
    0.0268869243
    0.0219125773
    0.0276489634
    0.0156478684
    0.0238897899
    0.0075213103
    0.0161212280
    0.0011910983
    0.0085144563
   -0.0053296204
   -0.0103842873
    0.0049178097
    0.0004361285
   -0.0083316017
    0.0088960513
   -0.0022669636
   -0.0101974557
   -0.0124699628
    0.0035739769
   -0.0073442411
   -0.0129769091
   -0.0120801645
   -0.0009130282
   -0.0099024517
   -0.0137114129
   -0.0111716749
    0.0049046263
   -0.0066845122
   -0.0128466486
   -0.0126429053
   -0.0006327620
   -0.0094972479
   -0.0126980571
   -0.0108521313
    0.0045048081
    0.0018475385
   -0.0076242025
   -0.0054171056
    0.0227441761
    0.0241569188
    0.0147636555
    0.0127225530
    0.0197456863
    0.0268797297
    0.0294484694
    0.0185563857
    0.0254303846
    0.0307364809
    0.0338834448
    0.0219090116
    0.0283067995
    0.0337802130
    0.0221249075
    0.0294573003
    0.0184304599
    0.0131760758
    0.0273628716
    0.0221301409
    0.0131679368
    0.0296272567
    0.0247659545
    0.0174294351
    0.0287242660
    0.0244917472
    0.0175807015
    0.0247339504
    0.0214455875
    0.0138830507
    0.0159875323
    0.0134469656
