    0.0202140132
    0.0137804015
    0.0148667395
    0.0149029296
    0.0154543523
    0.0130459578
    0.0136086297
    0.0235650310
    0.0304391258
    0.0122766363
    0.0222748757
    0.0332510147
    0.0147244309
    0.0330848275
    0.0133264931
    0.0274630625
    0.0187926425
    0.0174011026
    0.0145118606
    0.0095627258
    0.0024485589
    0.0269404677
    0.0113344980
    0.0124967174
    0.0186482990
    0.0335607810
    0.0134817122
    0.0180189318
    0.0155189302
    0.0386094028
    0.0259688601
    0.0190022711
    0.0270891773
    0.0303565707
    0.0240076388
    0.0361421202
    0.0403644707
    0.0361021086
    0.0243764210
    0.0311796008
    0.0365801009
    0.0337649139
    0.0191243901
   -0.0077803772
   -0.0029463117
   -0.0114626702
   -0.0235311857
   -0.0300961980
   -0.0320045803
   -0.0284661822
   -0.0208778962
   -0.0093161244
   -0.0202151195
   -0.0324413182
   -0.0377849701
   -0.0402677054
   -0.0381152139
   -0.0310991007
   -0.0210808735
   -0.0087533171
   -0.0248745980
   -0.0310282933
   -0.0391876626
   -0.0411403948
   -0.0380419060
   -0.0314985083
   -0.0383143155
   -0.0388860904
   -0.0353153321
   -0.0335603402
   -0.0347659533
   -0.0384176146
   -0.0394956826
   -0.0378761937
   -0.0196404387
   -0.0155296441
   -0.0195960419
   -0.0225131963
   -0.0269591978
   -0.0315350515
   -0.0348270089
   -0.0345772675
   -0.0320975018
   -0.0285475243
   -0.0000381747
   -0.0045414502
   -0.0037595926
   -0.0116558820
   -0.0199043117
   -0.0201523995
   -0.0161993289
   -0.0077442636
    0.0064257019
    0.0059055047
    0.0118557281
    0.0174760791
    0.0107667447
    0.0153893884
    0.0177746370
    0.0404330071
    0.0224635802
    0.0129865802
    0.0129467920
    0.0151186769
    0.0077539042
    0.0153894846
    0.0182298191
    0.0174950180
    0.0328965165
    0.0120600239
    0.0115297648
    0.0117114820
    0.0183528957
    0.0235552301
    0.0099040087
    0.0112994104
    0.0021480132
    0.0070805988
    0.0165870651
    0.0120863110
    0.0105513079
    0.0159205917
    0.0212905792
    0.0295370937
    0.0253482322
    0.0138046509
    0.0030722367
    0.0216021219
    0.0351748214
    0.0341935630
    0.0238113800
    0.0045260695
    0.0196684084
    0.0280597409
    0.0398714605
    0.0346100230
    0.0295678495
    0.0384115764
    0.0323271246
    0.0281281180
    0.0308385236
    0.0117528067
    0.0128352123
    0.0092795996
    0.0019922629
    0.0033716571
    0.0042195715
    0.0036347252
    0.0013051544
    0.0013005253
   -0.0018086379
   -0.0015281224
    0.0020206363
    0.0033948391
   -0.0029783351
   -0.0047408555
   -0.0073755823
   -0.0030623411
    0.0016297496
   -0.0022922250
   -0.0052175734
   -0.0067996391
   -0.0052560273
    0.0045943850
    0.0024779238
   -0.0043812206
   -0.0054581435
   -0.0025987264
   -0.0025595664
   -0.0058258688
   -0.0040121299
   -0.0007752856
    0.0072411038
   -0.0040359442
   -0.0060606188
   -0.0044152216
    0.0023133032
   -0.0014402218
   -0.0026689080
   -0.0005245154
    0.0044287560
   -0.0050054124
   -0.0043842410
   -0.0018142764
    0.0002284414
   -0.0064157590
   -0.0057501594
   -0.0031032963
   -0.0063505231
    0.0023236365
   -0.0018801795
    0.0030219077
    0.0074069322
   -0.0025345350
   -0.0053896090
   -0.0054599644
   -0.0021652275
   -0.0042423007
   -0.0053012746
   -0.0057774623
    0.0030976414
   -0.0060634641
    0.0080012754
    0.0078001462
    0.0015247456
    0.0002576692
    0.0054436213
    0.0093469670
    0.0013803236
   -0.0011661440
    0.0002358660
    0.0016059320
    0.0109461749
    0.0066113306
    0.0177650324
    0.0144136896
    0.0092709839
    0.0085150281
    0.0022825990
    0.0230984214
    0.0185995828
    0.0148052067
    0.0095322162
    0.0216760939
    0.0225751784
    0.0301447843
    0.0141355595
    0.0094891849
    0.0138755523
    0.0187213620
    0.0141868975
    0.0145148382
    0.0110003524
    0.0061937392
    0.0221371825
    0.0164832081
    0.0107048937
    0.0209848248
    0.0008638009
    0.0106498827
    0.0226101545
    0.0072184868
    0.0025471956
    0.0203097611
   -0.0421430646
   -0.0472097050
   -0.0155981666
   -0.0099791019
   -0.0344261392
   -0.0394774889
   -0.0286219574
    0.0019443013
   -0.0042340068
   -0.0288751181
   -0.0215007367
   -0.0425199449
   -0.0311539778
   -0.0239041663
   -0.0144037701
   -0.0331020615
   -0.0232499187
   -0.0308966058
   -0.0191040634
   -0.0068228585
   -0.0087262985
   -0.0187370022
   -0.0050875655
   -0.0260993297
   -0.0037826767
   -0.0196220722
   -0.0040158496
   -0.0218238320
    0.0173325614
    0.0081832438
   -0.0114493101
   -0.0025011729
   -0.0011874490
   -0.0243987265
   -0.0287122160
    0.0342111920
   -0.0427025393
   -0.0387353429
   -0.0140464276
    0.0244378949
   -0.0348914033
   -0.0177718861
    0.0055051919
    0.0253397993
    0.0169786898
    0.0354435549
    0.0282163093
    0.0192348305
   -0.0028902585
    0.0370502203
    0.0281842600
    0.0198454784
    0.0019321145
    0.0248450384
    0.0177529135
    0.0284680347
    0.0305494484
    0.0331449722
    0.0383103418
    0.0284271761
    0.0310366782
    0.0346854589
    0.0209318399
    0.0234423892
    0.0126404830
   -0.0087924558
    0.0126874845
   -0.0044557734
    0.0109345652
    0.0098090397
   -0.0095934219
   -0.0285302052
   -0.0234198589
    0.0007137729
   -0.0409247412
   -0.0397061123
   -0.0354650783
   -0.0191934033
   -0.0479875199
   -0.0481843954
   -0.0453055772
   -0.0426210249
   -0.0352247803
   -0.0402724000
   -0.0447023071
   -0.0428838913
   -0.0381114567
   -0.0180280131
   -0.0258638063
   -0.0347184011
   -0.0281145798
   -0.0030334262
   -0.0146864609
   -0.0188979503
   -0.0335904771
   -0.0048906984
   -0.0287865404
   -0.0378919428
   -0.0476869826
   -0.0197679469
   -0.0376959508
   -0.0444125606
   -0.0488183767
   -0.0505812588
   -0.0334988389
   -0.0427951622
   -0.0468333052
   -0.0506659278
   -0.0131474096
   -0.0344612405
   -0.0402347979
   -0.0412947904
   -0.0213042031
   -0.0265992635
   -0.0045092969
   -0.0021149720
    0.0054993739
    0.0035619683
    0.0023011847
   -0.0106313904
    0.0025731803
    0.0236699949
   -0.0018239011
    0.0049598017
    0.0119912040
    0.0101854146
    0.0019115276
    0.0067103378
    0.0050286858
    0.0032907895
   -0.0343235358
   -0.0183441205
   -0.0145416065
   -0.0114178051
    0.0098937949
    0.0061019284
    0.0001171204
   -0.0023708187
   -0.0032160498
    0.0037844234
    0.0009676301
    0.0078090089
    0.0154595960
    0.0091572248
    0.0006224033
    0.0024582490
    0.0097713817
    0.0111509928
    0.0060763086
    0.0030799340
    0.0037066661
    0.0072864879
    0.0071537134
    0.0079104851
    0.0067999896
    0.0037128504
    0.0192076549
    0.0116021352
   -0.0017811976
    0.0026009647
    0.0051245174
    0.0133956981
    0.0161189673
    0.0095816134
    0.0141934802
    0.0163436997
    0.0082626252
    0.0063631880
    0.0111505827
    0.0091152383
    0.0066536285
    0.0082030861
    0.0107426841
    0.0141941131
    0.0109899775
    0.0149928943
    0.0170308244
    0.0064624966
    0.0120700600
   -0.0116931025
    0.0054773072
    0.0101450338
   -0.0051259528
    0.0040695479
    0.0085985372
   -0.0053991560
    0.0018597578
    0.0057263452
    0.0203994359
    0.0312911745
    0.0125812761
    0.0173188185
    0.0199766766
    0.0192345049
    0.0093882397
    0.0122467665
    0.0123989485
    0.0068605659
    0.0066761362
    0.0110541477
    0.0108867415
    0.0090412411
    0.0184766799
    0.0205096927
    0.0113359697
    0.0110549384
    0.0326461995
    0.0360829156
   -0.0008062500
    0.0126834322
    0.0181591900
    0.0111796009
    0.0321698115
    0.0149780979
    0.0089538049
    0.0074829569
    0.0157433578
    0.0036513748
   -0.0038415269
   -0.0006023006
   -0.0143919060
    0.0092638796
    0.0038336837
    0.0142500077
    0.0091868842
    0.0071787555
    0.0039947716
    0.0012959160
   -0.0029600915
   -0.0158519321
   -0.0110790709
    0.0194018520
    0.0304929149
    0.0300672617
    0.0156318264
    0.0342344854
    0.0321737219
    0.0334891800
    0.0238038079
    0.0261257084
    0.0204928049
    0.0300145439
    0.0291075995
    0.0342804878
    0.0323649786
    0.0135132813
    0.0280861429
    0.0103730908
    0.0143948166
    0.0111191711
    0.0162996785
    0.0115737749
    0.0081628663
    0.0142895103
    0.0145332491
    0.0132487972
    0.0245859054
    0.0156860301
    0.0084997593
    0.0022253245
    0.0047712505
    0.0150363073
    0.0041802752
    0.0096466127
    0.0192074983
    0.0191968281
    0.0154532748
    0.0113399469
    0.0047839975
    0.0248144822
    0.0170018013
    0.0202499524
    0.0287394524
    0.0111898518
    0.0108186796
    0.0215604469
    0.0166631826
    0.0195666252
    0.0190340086
    0.0132623038
    0.0237628505
    0.0287285698
    0.0285713014
    0.0227505337
    0.0243949201
    0.0291650138
    0.0303533746
    0.0275982513
    0.0211770083
    0.0135219595
    0.0206256231
    0.0233174043
    0.0208210123
   -0.0077934912
   -0.0145979976
   -0.0157258437
   -0.0116592117
   -0.0055842051
   -0.0010222336
   -0.0106894491
   -0.0201615921
   -0.0252427368
   -0.0276144360
   -0.0270639514
   -0.0236523957
   -0.0180132588
   -0.0098047549
   -0.0159680718
   -0.0264767736
   -0.0307041408
   -0.0321004566
   -0.0303126995
   -0.0253820773
   -0.0181868092
   -0.0089060505
   -0.0183528143
   -0.0230036013
   -0.0304613641
   -0.0323714219
   -0.0298890158
   -0.0243390162
   -0.0291611329
   -0.0301680020
   -0.0267147772
   -0.0258305545
   -0.0274776655
   -0.0299969582
   -0.0309223076
   -0.0295074260
   -0.0155172064
   -0.0130570408
   -0.0169374508
   -0.0197518746
   -0.0227143462
   -0.0255575689
   -0.0277700753
   -0.0279846478
   -0.0262426743
   -0.0226576588
   -0.0028826569
   -0.0065808882
   -0.0097672535
   -0.0105716952
   -0.0125014641
   -0.0174635307
   -0.0201847461
   -0.0192940916
   -0.0160425746
   -0.0087454437
    0.0072490453
   -0.0047792626
   -0.0052747742
   -0.0005580290
    0.0069864175
    0.0074015249
    0.0061693552
    0.0177009194
    0.0112974349
    0.0203981723
    0.0126060241
    0.0099204313
    0.0079359234
    0.0143977511
    0.0191142065
    0.0271120918
    0.0153497081
    0.0183354381
    0.0122294796
    0.0078502483
    0.0067837320
    0.0220361245
    0.0070770598
    0.0006234563
    0.0034902641
   -0.0103954239
    0.0066229802
    0.0055592821
    0.0080978058
    0.0153838446
    0.0229127424
    0.0208837642
    0.0135316924
    0.0009030248
    0.0048676095
    0.0176904683
    0.0280717658
    0.0274894129
    0.0213438317
    0.0150229021
    0.0079010120
    0.0029176044
    0.0166655512
    0.0236048992
    0.0199301540
    0.0266620375
    0.0297660356
    0.0266187460
    0.0333667378
    0.0279539756
    0.0247437077
    0.0191051518
    0.0279239691
    0.0248150273
    0.0225692586
    0.0238864597
    0.0059480628
    0.0077003021
    0.0108917858
    0.0114228789
    0.0018408893
    0.0009119281
    0.0022827210
    0.0027076066
    0.0024531455
    0.0012743934
   -0.0008033415
   -0.0004478884
    0.0017691011
    0.0005852747
   -0.0006015132
    0.0041955560
    0.0013870240
   -0.0026219272
   -0.0041456424
   -0.0058277214
   -0.0051176634
   -0.0003625879
   -0.0018384015
   -0.0042303109
   -0.0053643233
   -0.0042191995
    0.0011321365
    0.0006229182
   -0.0030520369
   -0.0039135561
    0.0057793496
   -0.0021131135
   -0.0052749290
   -0.0036627765
   -0.0000426108
   -0.0032703784
   -0.0049749023
   -0.0046032591
   -0.0033699027
   -0.0007716564
    0.0035644180
   -0.0034972353
   -0.0046979860
   -0.0033954386
    0.0013623903
   -0.0011152766
   -0.0003941806
    0.0018105025
    0.0047815835
   -0.0018869313
   -0.0030912391
   -0.0014458703
    0.0019623950
   -0.0009790558
   -0.0043759291
   -0.0041236258
   -0.0024676256
    0.0015887343
   -0.0045626723
   -0.0054557577
   -0.0044026711
    0.0001059875
   -0.0049495167
    0.0055658835
    0.0008955812
    0.0042153901
    0.0010365124
   -0.0030640778
   -0.0033611736
   -0.0020180478
    0.0014707974
   -0.0029512789
   -0.0045443044
   -0.0050017701
   -0.0040523608
   -0.0047787116
   -0.0049390167
   -0.0047632789
    0.0092931406
    0.0088863096
    0.0031985414
    0.0024579732
    0.0071211066
    0.0078606574
    0.0022447234
   -0.0000166647
   -0.0001286715
    0.0006742088
    0.0034583837
    0.0167701358
    0.0066398215
    0.0014498035
    0.0022493441
    0.0043146998
    0.0183157015
    0.0122531774
    0.0059927271
    0.0039054852
    0.0047646751
    0.0211884244
    0.0156410541
    0.0190656160
    0.0092176426
    0.0075929349
    0.0206164360
    0.0204202501
    0.0050350859
    0.0074281155
    0.0140290309
    0.0189738863
    0.0176733704
    0.0159044976
    0.0113314394
    0.0238610945
    0.0220477838
    0.0059641699
    0.0108533679
    0.0082858582
    0.0056503649
    0.0196314028
    0.0115047672
    0.0089171683
    0.0014298161
    0.0082014003
    0.0072813450
    0.0016278174
    0.0144307721
   -0.0422134442
   -0.0374343423
    0.0063054335
   -0.0263727602
   -0.0282405095
   -0.0185407681
   -0.0278277475
   -0.0244675777
   -0.0027043867
   -0.0128345451
   -0.0336534513
   -0.0237911540
   -0.0296479834
   -0.0291917174
   -0.0236298507
   -0.0259418632
   -0.0104953221
   -0.0285752475
   -0.0189737903
   -0.0076274033
   -0.0031372445
   -0.0145732001
   -0.0233565597
   -0.0161075945
   -0.0096159970
   -0.0046161366
   -0.0120937384
   -0.0272237990
   -0.0142705659
   -0.0039165710
   -0.0178779899
   -0.0048052469
    0.0146941836
    0.0093138750
    0.0075261091
    0.0091026993
    0.0048658839
   -0.0056667914
   -0.0140287979
    0.0001523694
    0.0000908733
    0.0159052828
   -0.0140717551
   -0.0173811259
    0.0267625191
   -0.0293627220
   -0.0270227063
   -0.0107362695
    0.0260061419
   -0.0300693652
   -0.0289962117
   -0.0155801336
    0.0169906276
    0.0129600147
    0.0187158347
    0.0107677329
    0.0258261570
    0.0201597997
    0.0105898818
    0.0302785454
    0.0235877091
    0.0170151805
    0.0043765481
    0.0259901780
    0.0201636559
    0.0122199216
   -0.0012901601
    0.0177981477
    0.0120541528
    0.0248399421
    0.0264531697
    0.0282921282
    0.0258657165
    0.0274703228
    0.0307563759
    0.0221094311
    0.0244199707
    0.0274392749
    0.0078428524
    0.0051765528
   -0.0020396318
    0.0074123770
   -0.0077002337
    0.0038901968
    0.0047948801
   -0.0172795867
   -0.0143482075
   -0.0268914566
   -0.0281060579
   -0.0244355550
   -0.0113440209
   -0.0361994594
   -0.0347638786
   -0.0329361679
   -0.0280337336
   -0.0121924128
   -0.0383842494
   -0.0365585445
   -0.0343428909
   -0.0289820352
   -0.0292023553
   -0.0336818252
   -0.0327670640
   -0.0277565796
   -0.0112982015
   -0.0175997371
   -0.0252608135
   -0.0196261124
   -0.0097440205
   -0.0132915564
   -0.0247964732
   -0.0026340074
   -0.0202840255
   -0.0282921333
   -0.0371263097
   -0.0125232450
   -0.0274951984
   -0.0344414070
   -0.0380363687
   -0.0444061621
   -0.0098803642
   -0.0278600357
   -0.0349506144
   -0.0389033114
   -0.0422656778
   -0.0264119003
   -0.0335038759
   -0.0367312875
   -0.0387704971
   -0.0060161972
   -0.0233405986
   -0.0290598872
   -0.0282712876
   -0.0127747069
   -0.0101828543
   -0.0049490911
   -0.0077447411
   -0.0009531877
    0.0039469631
    0.0025799219
    0.0019401649
   -0.0094640089
   -0.0084677205
   -0.0010053917
    0.0125819038
    0.0162568807
    0.0134738724
   -0.0022620204
    0.0010732051
    0.0061643941
    0.0080512053
    0.0056530398
    0.0008403119
    0.0032820257
    0.0046156461
    0.0024320252
   -0.0231201658
   -0.0008035877
   -0.0091610039
   -0.0094783116
   -0.0083715770
    0.0060440908
    0.0025175104
   -0.0007040507
   -0.0021510849
    0.0017458384
    0.0005603444
   -0.0002549608
    0.0017962400
    0.0111339965
    0.0077504425
    0.0020544596
    0.0010615837
    0.0035906528
    0.0082887601
    0.0080882937
    0.0054684093
    0.0028165952
    0.0028581261
    0.0035564294
    0.0062179953
    0.0053157409
    0.0077037297
    0.0074154423
   -0.0071555538
    0.0004044854
   -0.0000606366
    0.0032067981
    0.0144183322
    0.0103072824
    0.0022680071
    0.0041410910
    0.0069866430
    0.0118242072
    0.0126792091
    0.0092275879
    0.0121259481
    0.0135237140
    0.0078963205
    0.0076986824
    0.0019093470
    0.0051725343
    0.0071552322
    0.0099110648
    0.0086389828
    0.0062771796
    0.0076847095
    0.0085018309
    0.0097888994
    0.0117408207
    0.0100456738
    0.0125983693
    0.0143896996
    0.0027775172
    0.0096489409
   -0.0080891817
    0.0037503909
    0.0092371434
    0.0132554655
   -0.0046207772
    0.0029575974
    0.0069242375
    0.0074170776
   -0.0086390992
   -0.0008423974
    0.0037260534
    0.0061048727
    0.0014718628
    0.0213385693
    0.0126663195
    0.0163330503
    0.0196378224
    0.0223403882
    0.0093798419
    0.0116987139
    0.0131730602
    0.0126433362
    0.0089041158
    0.0086918059
    0.0083973626
    0.0044975209
    0.0053185211
    0.0101370893
    0.0067677916
    0.0120177682
    0.0158935150
    0.0131401730
    0.0045903182
    0.0182289913
    0.0233287428
    0.0224477320
    0.0116351735
   -0.0045802391
    0.0115732781
    0.0171290270
    0.0112007227
    0.0157993518
    0.0097015711
    0.0076400310
    0.0135012152
    0.0053292425
    0.0011564655
    0.0019486247
    0.0050180315
   -0.0041025518
   -0.0136968153
    0.0072236815
    0.0034449551
    0.0116966425
    0.0092302279
    0.0071416526
    0.0049250942
    0.0020334962
    0.0041513960
    0.0004553719
   -0.0038853620
   -0.0138555638
   -0.0031102830
   -0.0082061452
   -0.0150127737
    0.0149847206
    0.0227647673
    0.0242073430
    0.0189036396
    0.0048385273
    0.0266083543
    0.0269739936
    0.0256508220
    0.0235042828
    0.0245084468
    0.0143390419
    0.0143846329
    0.0224795678
    0.0212562898
    0.0263352644
    0.0274566676
    0.0089452970
    0.0243369433
    0.0286449534
    0.0277018006
    0.0238440189
    0.0053226622
    0.0115121124
    0.0095367693
    0.0102121379
    0.0098562717
    0.0089815244
    0.0171086527
    0.0107902965
    0.0134555633
    0.0101812356
    0.0119985375
    0.0140848354
    0.0038441514
    0.0181032212
    0.0076727048
    0.0095860604
    0.0080347163
    0.0180609549
    0.0156796811
    0.0071642019
    0.0042616930
    0.0144052208
    0.0055828840
    0.0086658727
    0.0167203705
    0.0094402618
    0.0071154591
    0.0113447370
    0.0150647752
    0.0182761045
    0.0189840260
    0.0125301732
    0.0064329396
    0.0160484267
    0.0207801568
    0.0225739034
    0.0205512100
    0.0143974783
    0.0165637351
    0.0209593701
    0.0233693299
    0.0231412760
    0.0202290133
    0.0112532729
    0.0158480049
    0.0167836561
   -0.0026675585
   -0.0090314061
   -0.0109270264
   -0.0084959012
   -0.0033182364
    0.0007588553
    0.0030042571
   -0.0044291023
   -0.0135918224
   -0.0185015749
   -0.0209284877
   -0.0211458332
   -0.0192929169
   -0.0159367844
   -0.0112408702
   -0.0043362157
   -0.0188028396
   -0.0235324244
   -0.0254733910
   -0.0251921833
   -0.0226426541
   -0.0181092858
   -0.0118503950
   -0.0036045138
   -0.0120703561
   -0.0164874046
   -0.0240272767
   -0.0259765313
   -0.0236885568
   -0.0183450589
   -0.0226471969
   -0.0237276915
   -0.0198900473
   -0.0194307422
   -0.0214458465
   -0.0236134649
   -0.0244737914
   -0.0230173256
   -0.0083542957
   -0.0060152031
   -0.0107561279
   -0.0139894007
   -0.0163304240
   -0.0182528993
   -0.0200756360
   -0.0215780377
   -0.0215182578
   -0.0197131472
   -0.0156337490
    0.0004730604
   -0.0028999979
   -0.0055218495
   -0.0060285325
   -0.0055219911
   -0.0084806538
   -0.0129679273
   -0.0148042331
   -0.0137220699
   -0.0102615722
   -0.0024708540
    0.0047854388
   -0.0024422154
   -0.0017336628
    0.0048400860
    0.0034715167
    0.0102976498
    0.0152861554
    0.0079547131
    0.0115519346
    0.0068451128
    0.0120369375
    0.0082649688
    0.0088316197
    0.0122315016
    0.0180289190
    0.0246603551
    0.0067403045
    0.0134827835
    0.0150742078
    0.0187431741
    0.0173498876
    0.0182581978
    0.0071442898
    0.0212286357
    0.0019705887
   -0.0076065564
    0.0059425191
    0.0014532384
    0.0042080601
    0.0113073540
    0.0189167395
    0.0171045376
    0.0098495168
   -0.0039633263
    0.0002943918
    0.0136935546
    0.0243621210
    0.0241915636
    0.0193182248
    0.0136995036
    0.0041712186
    0.0147499127
    0.0205393388
    0.0258550679
    0.0229236518
    0.0296498909
    0.0242131118
    0.0213015095
    0.0244622649
    0.0094934291
    0.0134203688
    0.0032630481
    0.0034515343
    0.0056302790
    0.0073928015
    0.0072062459
    0.0006174792
    0.0004356057
    0.0015628459
    0.0020757851
    0.0017754600
    0.0009829893
   -0.0002144053
    0.0001060343
    0.0013014191
   -0.0000276491
   -0.0019195261
   -0.0040281295
    0.0021340644
    0.0010815305
   -0.0023272882
   -0.0037228259
   -0.0048530160
   -0.0045438140
   -0.0004562752
   -0.0014051491
   -0.0033738849
   -0.0042807351
   -0.0034627101
   -0.0002340724
   -0.0001308682
   -0.0022238665
   -0.0029808601
   -0.0008132839
   -0.0031287445
   -0.0043596772
   -0.0040898756
   -0.0029305747
   -0.0009380993
   -0.0036784338
   -0.0043294743
   -0.0041808051
   -0.0034843313
   -0.0018382958
    0.0011492874
   -0.0030712731
   -0.0037440908
   -0.0027324725
    0.0006111704
   -0.0011284551
    0.0009647265
    0.0031761983
   -0.0006923622
   -0.0014529339
    0.0001275427
    0.0036370669
    0.0010094967
   -0.0023717122
   -0.0029652801
   -0.0019651079
    0.0005012546
   -0.0012075061
   -0.0035187669
   -0.0040138600
   -0.0032725647
   -0.0010561514
   -0.0039826155
   -0.0046961107
   -0.0041456398
    0.0016422637
   -0.0015244333
   -0.0015509208
   -0.0001939105
   -0.0015697214
   -0.0034541637
   -0.0037017043
   -0.0033526995
   -0.0031808581
   -0.0012114183
   -0.0034523429
   -0.0042266458
   -0.0043912866
   -0.0038563017
   -0.0045915896
   -0.0042564330
    0.0100272229
    0.0095147686
    0.0043708502
    0.0039264589
    0.0083266558
    0.0079021754
    0.0029516919
    0.0010585556
    0.0007794160
    0.0014919977
    0.0040060007
    0.0171945627
    0.0030688732
    0.0006157406
    0.0005027728
    0.0012408887
    0.0023339398
    0.0188030959
    0.0116382618
    0.0045963798
    0.0041873941
    0.0013611908
    0.0036457647
    0.0197093217
    0.0154068147
    0.0198020894
    0.0062939738
    0.0061970831
    0.0200200967
    0.0218576220
    0.0147365954
    0.0045170731
    0.0063831720
    0.0142712633
    0.0201981082
    0.0181628814
    0.0144814195
    0.0100798086
    0.0192945615
    0.0161451105
    0.0075358491
    0.0047144056
    0.0087158454
    0.0068408642
    0.0053310282
    0.0178166279
    0.0136093382
    0.0088263840
    0.0076651514
    0.0163602155
    0.0021026485
    0.0067527946
    0.0076072617
    0.0037873101
    0.0011931862
   -0.0365600060
   -0.0326537881
   -0.0197452313
   -0.0230347746
   -0.0114385986
   -0.0342723372
   -0.0225727094
   -0.0234000989
   -0.0233263106
    0.0011309508
   -0.0259859581
   -0.0067447617
   -0.0177912113
   -0.0302472537
   -0.0291783417
   -0.0241136103
   -0.0167946045
   -0.0186815560
   -0.0287050352
   -0.0188613513
   -0.0180256570
   -0.0169738761
   -0.0092879390
   -0.0012342311
   -0.0099601093
   -0.0172286966
   -0.0046631457
   -0.0018094472
   -0.0075086179
   -0.0244654940
   -0.0131762345
   -0.0046417583
   -0.0189751499
   -0.0052309634
   -0.0170945318
    0.0126633368
    0.0087825834
    0.0071754219
    0.0083719617
    0.0081018155
    0.0046982201
    0.0090776515
   -0.0076634706
   -0.0163279666
    0.0016854729
    0.0012208185
    0.0123288204
   -0.0079587953
   -0.0104523007
    0.0067496291
    0.0163555324
    0.0209255307
   -0.0198807963
   -0.0185329134
   -0.0074809240
   -0.0231438270
   -0.0228976179
   -0.0133489378
    0.0014109793
    0.0208176825
    0.0171448557
   -0.0239376647
   -0.0154247408
    0.0113196779
    0.0042439794
    0.0159482137
    0.0076148410
    0.0204809353
    0.0144824491
    0.0039182514
    0.0236398938
    0.0179802767
    0.0108972464
   -0.0031937653
    0.0202211401
    0.0147703534
    0.0064655273
    0.0148550949
    0.0091814367
    0.0221199125
    0.0236507803
    0.0255276836
    0.0227427846
    0.0241314931
    0.0192682797
    0.0213628247
    0.0049997652
   -0.0008621209
   -0.0096680624
    0.0026962181
   -0.0011221007
    0.0016348338
   -0.0090857639
   -0.0211698627
   -0.0196425846
   -0.0117454074
   -0.0285911535
   -0.0276031353
   -0.0265436240
   -0.0232212131
   -0.0132932263
   -0.0313940272
   -0.0297896348
   -0.0281269539
   -0.0243590898
   -0.0130426337
   -0.0272506318
   -0.0267793817
   -0.0235010181
   -0.0135161175
   -0.0198899257
   -0.0148042161
   -0.0064715739
   -0.0093983274
   -0.0201103269
   -0.0149930449
   -0.0226436340
   -0.0129377443
   -0.0234562221
   -0.0288263183
   -0.0318243746
   -0.0110000650
   -0.0235087448
   -0.0291463645
   -0.0325744173
   -0.0356642874
   -0.0085323911
   -0.0222101683
   -0.0276634171
   -0.0303529224
   -0.0321840099
   -0.0081619004
   -0.0194947481
   -0.0232113664
   -0.0083647988
   -0.0075293369
   -0.0033218456
   -0.0021123051
   -0.0052683244
    0.0031760942
    0.0006598067
    0.0018484755
    0.0022362801
    0.0019235833
   -0.0113395176
   -0.0079582584
   -0.0032180487
   -0.0016557629
    0.0025546535
    0.0062564323
    0.0064311798
    0.0004831804
    0.0021817640
    0.0036773054
   -0.0230912653
   -0.0111891415
   -0.0102642282
   -0.0086086961
    0.0040834864
    0.0001669131
   -0.0021375312
   -0.0026082362
    0.0012395532
    0.0017009223
    0.0095011736
    0.0068180777
    0.0019840781
    0.0008503817
    0.0032810286
    0.0071718215
    0.0065219313
    0.0042793783
    0.0022637413
    0.0028394515
    0.0049126245
    0.0042190942
    0.0080288645
    0.0066726490
   -0.0041907314
    0.0056575158
    0.0070573321
    0.0044904577
   -0.0004268531
    0.0032563962
    0.0122909681
    0.0092171674
    0.0028431703
    0.0028284438
    0.0060635105
    0.0101169570
    0.0104695507
    0.0074943973
    0.0099541610
    0.0070094657
    0.0017325551
    0.0046014840
    0.0062586153
    0.0083720858
    0.0076375774
    0.0060107952
    0.0058300800
    0.0071017053
    0.0081665978
    0.0098416875
    0.0084794383
    0.0105913515
    0.0124993223
    0.0081144482
    0.0018736579
    0.0080705390
    0.0120042151
   -0.0146663484
   -0.0038487187
    0.0022287160
    0.0056509903
    0.0067329487
   -0.0073441161
   -0.0007550330
    0.0030793876
    0.0052658796
    0.0195987384
    0.0115448345
    0.0142658995
    0.0169594812
    0.0194151469
    0.0085224368
    0.0101366579
    0.0112497264
    0.0110213759
    0.0084560264
    0.0076240415
    0.0072962070
    0.0045137368
    0.0094364180
    0.0137942852
    0.0142454336
    0.0089833288
    0.0008781658
    0.0122504536
    0.0201035395
    0.0156837012
    0.0100231395
    0.0157901916
    0.0091199720
    0.0067638201
    0.0074298147
    0.0134065614
    0.0047713959
    0.0001451865
   -0.0003798469
   -0.0047429537
   -0.0143030248
    0.0060158939
    0.0022151467
    0.0108009026
    0.0085947219
    0.0064254989
    0.0037533561
    0.0006147897
    0.0021403364
   -0.0017443045
   -0.0064310354
   -0.0061731899
   -0.0107795000
   -0.0184271847
    0.0120994355
    0.0188940093
    0.0198643740
    0.0154240365
    0.0224114026
    0.0221536867
    0.0221049270
    0.0195632960
    0.0190313762
    0.0116978521
    0.0173378816
    0.0216680498
    0.0231299129
    0.0082026570
    0.0199864413
    0.0237251351
    0.0235720930
    0.0210337984
    0.0043560172
    0.0067924721
    0.0095005052
    0.0092512769
    0.0075881985
    0.0113602142
    0.0112221665
    0.0076463560
    0.0041246957
    0.0058770574
    0.0108218846
    0.0095123759
    0.0134061319
    0.0057004441
    0.0064225585
    0.0133627550
    0.0070881120
    0.0035162760
   -0.0001620129
    0.0038328625
    0.0084810026
    0.0138386409
    0.0047188556
    0.0066211800
    0.0158155853
    0.0174699096
    0.0134755272
    0.0027076387
    0.0002624642
    0.0092267803
    0.0027241329
    0.0091750176
    0.0119286984
    0.0165373491
    0.0082759998
    0.0160480290
    0.0156870409
    0.0054621227
    0.0148383072
    0.0159653190
    0.0137102652
    0.0072287504
    0.0159741423
    0.0183654045
    0.0190256256
    0.0176848256
    0.0144549123
    0.0121908658
    0.0153242999
    0.0168337386
    0.0164388884
    0.0144324436
    0.0067808812
    0.0088441149
   -0.0029597642
   -0.0002421931
   -0.0072683633
   -0.0109863716
   -0.0127417259
   -0.0126200635
   -0.0108928146
   -0.0083197326
   -0.0057802979
   -0.0031201264
   -0.0113337917
   -0.0156736246
   -0.0180006291
   -0.0188185510
   -0.0182370263
   -0.0164464713
   -0.0136802981
   -0.0098318252
   -0.0045430851
    0.0019880641
   -0.0140584329
   -0.0186381730
   -0.0207375401
   -0.0212104346
   -0.0201926199
   -0.0177936944
   -0.0141593572
   -0.0093812739
   -0.0031265088
   -0.0098827699
   -0.0132396224
   -0.0193153493
   -0.0210182936
   -0.0191420077
   -0.0147250966
   -0.0179631978
   -0.0189297613
   -0.0157639056
   -0.0155410025
   -0.0173878213
   -0.0190850497
   -0.0197382023
   -0.0184391242
   -0.0075003816
   -0.0057918286
   -0.0087811438
   -0.0116053702
   -0.0135369943
   -0.0149986408
   -0.0162178858
   -0.0174092010
   -0.0180951455
   -0.0176600071
   -0.0159052283
   -0.0124287554
   -0.0014200972
   -0.0047408126
   -0.0067931414
   -0.0078774116
   -0.0080418681
   -0.0089214113
   -0.0112584761
   -0.0133074790
   -0.0137022213
   -0.0123791227
   -0.0091903350
   -0.0025784978
    0.0043550612
   -0.0026203395
   -0.0060546695
   -0.0061589614
   -0.0039732862
    0.0004077446
    0.0042011975
    0.0014165362
    0.0151992429
    0.0082900420
    0.0100191111
    0.0042022372
    0.0125924533
    0.0085629498
    0.0069126227
    0.0111207842
    0.0063507235
    0.0106896102
    0.0139652418
    0.0177842595
    0.0144025935
    0.0168504791
    0.0167815824
    0.0077298776
    0.0204835256
    0.0053512660
    0.0002416440
   -0.0068336603
   -0.0000680759
    0.0021980395
    0.0083974548
    0.0150753321
    0.0136645368
    0.0072638717
   -0.0007723522
    0.0104272770
    0.0198216812
    0.0196015881
    0.0160482862
    0.0113721527
    0.0012094969
    0.0115342132
    0.0168300313
    0.0255284662
    0.0162915006
    0.0208984916
    0.0231512047
    0.0208250464
    0.0216693776
    0.0191290055
    0.0157725758
    0.0223722752
    0.0049215442
    0.0075683371
    0.0107246477
    0.0027987735
    0.0007640717
    0.0018977427
    0.0038353862
    0.0051781471
    0.0051409400
    0.0038689819
   -0.0000073714
    0.0002081992
    0.0012003199
    0.0017024502
    0.0013643679
    0.0006056111
    0.0000369050
    0.0003208929
    0.0008353160
   -0.0003934354
   -0.0023574577
   -0.0038885880
   -0.0046188003
   -0.0039329595
    0.0015057715
    0.0008504310
   -0.0020465230
   -0.0032825575
   -0.0041096034
   -0.0039538543
   -0.0003842151
   -0.0011089553
   -0.0027211215
   -0.0034926698
   -0.0029323549
   -0.0008390222
   -0.0004879883
   -0.0017097491
   -0.0024002098
   -0.0000560818
   -0.0035212784
   -0.0022187967
   -0.0035372504
   -0.0039422951
   -0.0038145986
   -0.0033697467
   -0.0027248431
   -0.0004336034
   -0.0035833516
   -0.0037981462
   -0.0037443589
   -0.0033395879
   -0.0022071795
    0.0000235912
   -0.0027597821
   -0.0031293817
   -0.0023517226
    0.0000194009
   -0.0012410323
    0.0018509806
    0.0039901407
    0.0000631267
   -0.0002209141
    0.0013711714
    0.0048402934
    0.0008993268
   -0.0013304371
   -0.0017822993
   -0.0008027984
    0.0018582914
   -0.0015422350
   -0.0027531948
   -0.0027774550
   -0.0019588142
    0.0001187126
   -0.0032821741
   -0.0036798926
   -0.0032655320
   -0.0015011673
   -0.0036695970
   -0.0041823892
   -0.0008105725
   -0.0004208599
    0.0008961802
   -0.0029369622
   -0.0027743906
   -0.0022536820
   -0.0018441699
   -0.0031329889
   -0.0037120295
   -0.0036401864
   -0.0034305091
   -0.0033845172
   -0.0025086732
   -0.0036712881
   -0.0039837307
   -0.0039677728
   -0.0036618782
   -0.0043029825
   -0.0039851556
    0.0103432503
    0.0097967502
    0.0051720955
    0.0048960637
    0.0090791555
    0.0081734815
    0.0036337676
    0.0019268736
    0.0016350762
    0.0023558553
    0.0047207964
    0.0170202731
    0.0019312659
    0.0006025550
    0.0004949627
    0.0008150074
    0.0008350062
    0.0007758418
    0.0005540473
    0.0014673182
    0.0187698979
    0.0114586245
    0.0041994332
   -0.0004621433
   -0.0003399410
    0.0028752591
    0.0150876048
    0.0198649962
    0.0044623836
    0.0049661355
    0.0110325345
    0.0039212215
    0.0054408924
    0.0142121085
    0.0183228726
    0.0135241921
    0.0093722238
    0.0164884136
    0.0122644654
    0.0042992588
    0.0122256058
    0.0101191565
    0.0057647049
    0.0041830330
    0.0071699534
    0.0058166153
    0.0048609332
    0.0162100007
    0.0070817949
    0.0065330511
    0.0139378656
    0.0025987357
    0.0057007410
    0.0049013870
    0.0008750104
   -0.0261848456
   -0.0162877176
   -0.0208467052
   -0.0209490957
   -0.0024610158
   -0.0117490079
   -0.0165177633
   -0.0261186230
   -0.0210187151
   -0.0248335496
   -0.0163757247
   -0.0089956540
   -0.0121699041
   -0.0103139677
   -0.0041547425
    0.0011366180
   -0.0054433962
   -0.0111333817
   -0.0001241404
   -0.0244993295
   -0.0148205750
   -0.0040983633
   -0.0147359205
    0.0109038954
    0.0082196947
    0.0067824845
    0.0079760284
    0.0078382595
    0.0072817390
    0.0075514168
    0.0013091395
    0.0072317761
   -0.0083994906
   -0.0130253267
    0.0024943487
    0.0019606529
    0.0099465386
    0.0061279599
   -0.0043171126
   -0.0061778312
    0.0050520286
    0.0124103725
    0.0165630959
   -0.0134840502
   -0.0126961586
   -0.0049511434
    0.0196724664
   -0.0181391339
   -0.0165106753
   -0.0092482390
    0.0009576950
    0.0195206515
    0.0174422553
   -0.0201078394
   -0.0191761028
   -0.0124452298
    0.0114515282
    0.0084202812
    0.0088059916
    0.0135699825
    0.0064998687
    0.0171504257
    0.0115531477
    0.0022921856
    0.0184182077
    0.0132390796
    0.0056281583
    0.0183123219
    0.0133426596
    0.0064191935
    0.0164914156
    0.0118023775
    0.0050845941
    0.0207303801
    0.0221311729
    0.0209350436
    0.0223407425
    0.0188949442
    0.0205587284
    0.0168616884
   -0.0015846969
   -0.0006261618
   -0.0025372027
   -0.0000670505
   -0.0044008567
   -0.0132507555
   -0.0139009757
   -0.0099137475
   -0.0009614702
   -0.0197307691
   -0.0199734362
   -0.0182096313
   -0.0126827513
   -0.0259115270
   -0.0240903359
   -0.0233244945
   -0.0219199560
   -0.0184130109
   -0.0095870743
   -0.0254369983
   -0.0243027335
   -0.0231370856
   -0.0205261240
   -0.0139323563
   -0.0208420384
   -0.0210766794
   -0.0191413192
   -0.0136383100
   -0.0148431335
   -0.0109325905
   -0.0043641126
   -0.0066770608
   -0.0107892509
   -0.0173191872
   -0.0021009143
   -0.0125746559
   -0.0195135222
   -0.0234765095
   -0.0256658816
   -0.0120679031
   -0.0201463813
   -0.0245485490
   -0.0275075675
   -0.0303413341
   -0.0169554116
   -0.0224299060
   -0.0254878295
   -0.0277227521
   -0.0304194248
   -0.0093962469
   -0.0180287576
   -0.0218840734
   -0.0235228711
   -0.0241205782
   -0.0084102594
   -0.0149076062
   -0.0166253865
   -0.0046734591
   -0.0110172587
   -0.0084209002
   -0.0041089271
   -0.0032541605
    0.0048901381
   -0.0008470372
    0.0026223601
    0.0015755127
    0.0008528433
    0.0016622050
    0.0019956017
    0.0018645174
   -0.0078208816
   -0.0065919241
   -0.0006207422
    0.0065243473
    0.0089660200
   -0.0021503274
   -0.0012935084
    0.0015546995
    0.0041968667
    0.0046659865
    0.0006231694
    0.0015348613
    0.0027723425
   -0.0157567077
    0.0021256820
   -0.0041457995
   -0.0064607787
   -0.0063310877
    0.0032107617
    0.0004802833
   -0.0013379707
   -0.0015326017
    0.0011008225
    0.0018341953
    0.0030208864
    0.0072409257
    0.0054372898
    0.0020689354
    0.0012983413
    0.0030761047
    0.0057829922
    0.0051239843
    0.0035436088
    0.0021505821
    0.0025820763
    0.0040212297
    0.0034734823
    0.0171400880
    0.0081551908
    0.0065955006
    0.0083107584
    0.0055144357
    0.0062243743
    0.0069074964
   -0.0024458795
    0.0017313077
    0.0041716797
    0.0055209694
    0.0065975027
    0.0059505675
   -0.0000391486
    0.0042432768
   -0.0001606912
    0.0000514156
    0.0048528796
    0.0098281133
    0.0077179724
    0.0032817910
    0.0059101325
    0.0085822410
    0.0087747975
    0.0066927384
    0.0086642942
    0.0066921686
    0.0066976736
    0.0030856912
    0.0050508277
    0.0061965748
    0.0075798541
    0.0070112689
    0.0056772270
    0.0068317556
    0.0074610714
    0.0086618834
    0.0077090905
    0.0094788673
    0.0066189687
    0.0003551293
    0.0073970062
    0.0119083270
   -0.0051618411
    0.0009474529
    0.0045514229
    0.0066524257
   -0.0059706394
   -0.0004997122
    0.0028480675
    0.0049670632
   -0.0004550578
    0.0026533844
    0.0045864215
    0.0119273697
    0.0143926657
    0.0174004015
    0.0102127405
    0.0114685953
    0.0120700276
    0.0114966118
    0.0079876039
    0.0084086915
    0.0077919969
    0.0052385137
    0.0063700531
    0.0054785276
    0.0025524198
    0.0118154957
    0.0117974842
    0.0073911789
    0.0143114083
    0.0175103863
    0.0156622290
    0.0085779610
   -0.0024402423
    0.0137772018
    0.0093466816
    0.0146548163
    0.0089647072
    0.0070127921
    0.0083043369
    0.0038674660
    0.0025071264
    0.0046840005
    0.0076408760
   -0.0002009213
   -0.0059782847
   -0.0123124258
    0.0052164353
    0.0025381716
    0.0089502021
    0.0078130937
    0.0058776450
    0.0033204423
    0.0007511046
    0.0023944176
   -0.0010578036
   -0.0048645165
   -0.0052910608
   -0.0091599166
    0.0100908451
    0.0153255762
    0.0160716624
    0.0126016818
    0.0187217183
    0.0185923481
    0.0181911637
    0.0183268106
    0.0173935404
    0.0123603282
    0.0133306160
    0.0174426890
    0.0195502811
    0.0162367057
    0.0192444875
    0.0200715959
    0.0196609150
    0.0172252985
