   -0.0165528982
   -0.0069764325
   -0.0169410856
    0.0000657157
   -0.0079696994
   -0.0175081362
   -0.0108870211
   -0.0170324960
   -0.0169934677
   -0.0136564070
   -0.0005125778
   -0.0159264738
   -0.0005483150
   -0.0161869066
   -0.0149244437
   -0.0075977667
   -0.0168768588
   -0.0169851976
   -0.0237096513
   -0.0111373591
   -0.0138730986
   -0.0168452363
    0.0048836527
    0.0189667125
    0.0060331878
    0.0009082877
    0.0035075346
    0.0107181296
   -0.0015288970
   -0.0044945151
   -0.0002099746
    0.0069542499
   -0.0043617474
    0.0054824566
    0.0165418381
    0.0014544719
    0.0068662497
    0.0027552099
   -0.0023712143
    0.0038902424
    0.0004954091
    0.0005448392
    0.0216599970
    0.0024360115
    0.0034748174
    0.0053727734
    0.0090203977
    0.0086301673
    0.0032321266
    0.0057881729
    0.0186833072
    0.0126274898
    0.0133968181
    0.0188585651
    0.0258419763
    0.0169253461
   -0.0018337138
   -0.0108179188
   -0.0069897079
    0.0059872696
    0.0089168853
   -0.0079167435
   -0.0144443552
   -0.0127122111
    0.0076502906
    0.0075653268
    0.0043593644
    0.0026389081
    0.0157186918
    0.0138670168
    0.0090175050
    0.0029871427
   -0.0011086567
    0.0062747207
    0.0182134063
    0.0170466224
    0.0119461595
    0.0333696073
    0.0315853235
    0.0149040347
    0.0131147820
    0.0132166031
    0.0121197009
    0.0127789771
    0.0208535671
    0.0158610705
    0.0159076441
    0.0190439998
    0.0297698853
    0.0205089576
    0.0163620472
    0.0199461405
    0.0212524938
    0.0100579998
    0.0106151820
    0.0125941349
    0.0143029360
    0.0116414833
    0.0150177646
    0.0314034951
    0.0151576653
    0.0202877091
    0.0088199291
    0.0132567538
    0.0232242944
    0.0237121551
    0.0140478548
    0.0089134156
   -0.0017231930
   -0.0007385583
    0.0084863035
   -0.0043733430
    0.0144562352
    0.0147047978
   -0.0044393303
   -0.0152367883
    0.0087338881
    0.0151054796
   -0.0073389553
    0.0082874436
   -0.0064537984
   -0.0175584664
   -0.0074838513
    0.0057144606
   -0.0088630625
   -0.0175423909
   -0.0175954658
   -0.0085313102
    0.0312713841
    0.0263310985
    0.0292193394
    0.0349943793
    0.0313294450
    0.0273371135
    0.0214519690
    0.0228083147
    0.0241973733
    0.0316565509
    0.0242488561
    0.0230762444
    0.0200269773
    0.0055741050
    0.0058957628
    0.0080730478
    0.0034506811
    0.0053945967
    0.0057960318
    0.0098779096
   -0.0110053564
    0.0049383281
   -0.0207400243
   -0.0204442422
   -0.0281060205
    0.0347369473
    0.0426113537
    0.0302965915
    0.0307309343
    0.0310344078
    0.0386498042
    0.0236565224
    0.0250586364
    0.0253051390
    0.0255871496
    0.0241890825
    0.0222057304
    0.0192914468
    0.0227587914
   -0.0004150677
   -0.0064934857
   -0.0225891959
   -0.0228228936
   -0.0070918150
   -0.0183379653
   -0.0303696082
   -0.0377344710
   -0.0388017777
   -0.0329448877
   -0.0221628219
   -0.0199153130
   -0.0318749610
   -0.0414361793
   -0.0476506754
   -0.0477396750
   -0.0416655969
   -0.0320910494
   -0.0197963897
   -0.0292537926
   -0.0395231524
   -0.0475442011
   -0.0490397186
   -0.0430945100
   -0.0332361886
   -0.0214067034
   -0.0276310201
   -0.0312783941
   -0.0404232296
   -0.0414173952
   -0.0328734454
   -0.0271201721
   -0.0332479089
   -0.0258436632
   -0.0381740387
   -0.0264725939
   -0.0093785593
   -0.0075356073
   -0.0249393040
   -0.0375604125
   -0.0449555482
   -0.0358279525
   -0.0236653662
   -0.0185735452
   -0.0322579697
   -0.0426982439
   -0.0478102396
   -0.0440363485
   -0.0360867421
   -0.0256604955
   -0.0256470907
   -0.0362690916
   -0.0442289995
   -0.0472766399
   -0.0368769443
   -0.0298726140
   -0.0176640658
   -0.0270522718
   -0.0354015578
   -0.0391417464
   -0.0288972318
   -0.0215889484
   -0.0286918267
    0.0169756582
    0.0020864319
   -0.0055060690
   -0.0160370208
   -0.0153315805
    0.0189399490
    0.0177001837
    0.0162188354
    0.0172719006
    0.0091582687
    0.0119287213
    0.0218104986
    0.0196427834
    0.0120085645
    0.0131133153
    0.0125678828
    0.0025819881
    0.0090447630
    0.0048180059
    0.0080756884
    0.0062465587
    0.0058705540
    0.0015976379
    0.0064370610
    0.0058180282
    0.0069574435
    0.0075822341
    0.0169927671
    0.0096739073
    0.0071241667
    0.0128563438
    0.0166758608
    0.0139394861
    0.0088848779
    0.0192596937
    0.0145763210
    0.0090220753
    0.0140936113
    0.0078267479
    0.0184744610
    0.0133854524
    0.0136788593
    0.0137458279
    0.0084716122
    0.0113183276
    0.0088737726
    0.0073792844
    0.0080802517
    0.0070198005
    0.0127196721
    0.0076117334
    0.0090683656
    0.0111650822
    0.0156379521
    0.0180579763
    0.0111906030
    0.0129826736
    0.0149145768
    0.0066139138
    0.0044107381
    0.0075540673
    0.0119549728
    0.0128672404
    0.0091584800
    0.0151145864
    0.0145824425
    0.0073461660
    0.0086589643
    0.0120433076
    0.0102479529
    0.0090859539
    0.0134839111
    0.0153805172
    0.0134737776
    0.0175517815
    0.0169786905
    0.0147734697
    0.0137844949
    0.0090022482
    0.0054569819
    0.0214523837
    0.0110985836
    0.0085497899
    0.0056297362
    0.0138124184
    0.0071265974
    0.0086752557
    0.0091061736
    0.0162850666
    0.0110808145
    0.0180638319
    0.0170884530
    0.0152262924
    0.0157393133
    0.0044711967
    0.0040173128
    0.0090970358
    0.0116816791
    0.0078663135
    0.0098114138
    0.0113731957
    0.0150092633
    0.0059720482
    0.0038841591
    0.0045849576
    0.0035153703
    0.0062245644
    0.0029597925
    0.0029914077
    0.0033198313
    0.0037888860
    0.0022434935
    0.0022614845
   -0.0135824260
    0.0105330901
    0.0078386594
    0.0143764460
    0.0129206240
    0.0094892021
    0.0043815664
    0.0164224914
    0.0131819536
    0.0096431207
    0.0048777209
    0.0080936421
    0.0111429090
    0.0070437824
    0.0078195083
    0.0086375824
    0.0033537758
    0.0048151773
    0.0052851434
    0.0024192253
   -0.0031708442
    0.0032176380
    0.0003203254
    0.0044869028
    0.0059896467
    0.0068313542
    0.0062112069
    0.0098488406
    0.0143305103
    0.0109749344
    0.0169179200
    0.0266741322
    0.0175250529
    0.0171162823
    0.0135108108
    0.0151100043
    0.0148461802
    0.0105049448
    0.0127902067
    0.0115261723
    0.0075634626
    0.0071743212
    0.0079994509
    0.0066497576
    0.0140429419
    0.0214366705
    0.0165305369
    0.0017261356
    0.0053496926
    0.0087326960
    0.0149347311
    0.0118621087
    0.0054415087
    0.0101906401
    0.0162344784
   -0.0030999187
    0.0101980902
   -0.0004957885
    0.0095634794
    0.0139604906
    0.0065639297
    0.0009312414
    0.0070481478
    0.0164680568
    0.0222895776
    0.0279981059
    0.0412803915
    0.0163576731
    0.0267638135
    0.0350789937
    0.0255646360
    0.0125444493
    0.0106706168
    0.0047214196
    0.0262024544
    0.0246567265
    0.0210019903
    0.0319885070
    0.0242575814
    0.0277951512
    0.0197797107
   -0.0099941960
   -0.0082088356
   -0.0359690247
   -0.0353011547
   -0.0111007486
   -0.0551069446
   -0.0529068650
   -0.0372160492
   -0.0136441947
   -0.0664946590
   -0.0495337728
   -0.0324328192
   -0.0178839795
   -0.0091536719
   -0.0503362843
   -0.0353146487
   -0.0447209662
   -0.0403079658
    0.0019064877
   -0.0188874594
   -0.0409311833
   -0.0588342983
   -0.0245839327
   -0.0459006426
   -0.0604432416
   -0.0014211988
   -0.0322689053
   -0.0469545314
   -0.0418578108
    0.0033714381
   -0.0208142768
   -0.0223364751
    0.0314789717
    0.0131889288
    0.0528396086
    0.0439706673
    0.0303469151
    0.0069115686
    0.0282393861
    0.0467007543
    0.0400118845
    0.0178095444
    0.0324150501
    0.0370517567
    0.0281282816
    0.0119166472
    0.0289370331
    0.0451845000
    0.0025424951
    0.0266048258
    0.0398386606
    0.0464063479
    0.0060173926
    0.0231949565
    0.0295212509
   -0.0079098406
    0.0043670376
    0.0054009553
   -0.0111162315
    0.0030351320
   -0.0032417777
   -0.0160578137
   -0.0128981360
   -0.0201067743
    0.0009394619
   -0.0172313798
   -0.0142810839
   -0.0113514617
    0.0007957291
   -0.0082820023
    0.0156307583
    0.0103940501
   -0.0037627107
   -0.0048955530
   -0.0156558415
   -0.0198160403
   -0.0135261337
   -0.0124043667
   -0.0169555600
   -0.0011987362
    0.0017382472
    0.0126402149
    0.0027705985
    0.0086997537
    0.0009686734
   -0.0012350255
    0.0021483961
    0.0012552809
    0.0033590398
    0.0009841483
    0.0038693997
    0.0103588449
    0.0152196383
    0.0048692811
    0.0060171624
    0.0020430471
   -0.0013982538
    0.0013203334
    0.0032261951
   -0.0009706815
    0.0021939062
    0.0069504834
    0.0064919956
    0.0107516109
   -0.0012434183
    0.0040489788
    0.0045331565
    0.0004894750
   -0.0014950947
    0.0108032629
    0.0077950660
    0.0033537316
    0.0077240728
    0.0106974448
    0.0180013096
    0.0148525276
    0.0098412248
    0.0156032779
    0.0186410770
   -0.0152335507
   -0.0072908452
    0.0040352208
    0.0051433694
   -0.0080311750
   -0.0173987660
   -0.0195614760
   -0.0001149612
    0.0043561028
   -0.0032426357
    0.0006658040
   -0.0040441542
   -0.0058629430
   -0.0030762420
    0.0089552967
    0.0070444135
    0.0035144916
    0.0006902278
   -0.0003653824
    0.0123651301
    0.0060100368
   -0.0005965764
    0.0120349200
    0.0142920846
    0.0135001807
    0.0141518303
    0.0172951472
    0.0124649355
    0.0092680949
    0.0093710498
    0.0109167657
    0.0114974241
    0.0098654313
    0.0153948056
    0.0119890273
    0.0181891750
    0.0101665645
    0.0114087439
    0.0180882312
    0.0171197223
    0.0218054313
    0.0207898806
    0.0104416456
    0.0099492076
    0.0114282235
    0.0118133097
    0.0082717181
    0.0094424062
    0.0098833432
    0.0095546565
    0.0099634441
    0.0086368092
    0.0120348466
    0.0289531715
    0.0164712503
    0.0206300481
    0.0086633894
    0.0111434973
    0.0158655563
    0.0168363716
    0.0120008624
    0.0099221456
    0.0093410489
    0.0089861235
   -0.0019841169
    0.0061073222
    0.0064536320
    0.0050715431
   -0.0054772453
    0.0070581716
   -0.0081697579
   -0.0131848304
   -0.0068272956
    0.0033235566
    0.0054194577
   -0.0029799566
   -0.0129735231
   -0.0153627488
   -0.0044835412
    0.0067821809
   -0.0079862000
   -0.0034789716
    0.0251758530
    0.0209090318
    0.0235475563
    0.0275536675
    0.0281728058
    0.0244312956
    0.0213528967
    0.0147550812
    0.0185196958
    0.0209993930
    0.0272145460
    0.0327926079
    0.0243092124
    0.0204779978
    0.0173070071
    0.0130472878
    0.0109185929
    0.0088078466
    0.0066362178
    0.0070411771
   -0.0072241903
   -0.0038303922
    0.0022081398
   -0.0115390104
    0.0044311597
   -0.0133180349
   -0.0029309184
    0.0293139663
    0.0268175302
    0.0253392788
    0.0256321267
    0.0273597981
    0.0208745177
    0.0209958807
    0.0208756243
    0.0213654753
    0.0218615671
    0.0228009590
    0.0171043847
    0.0151620276
    0.0133170712
    0.0152192757
    0.0174045565
   -0.0143222645
   -0.0144425029
   -0.0002747499
   -0.0110149186
   -0.0214253166
   -0.0270717476
   -0.0278169465
   -0.0233657007
   -0.0141219918
   -0.0103121649
   -0.0214453703
   -0.0291307406
   -0.0344671255
   -0.0362900458
   -0.0339657321
   -0.0282196469
   -0.0199801614
   -0.0157646866
   -0.0250701487
   -0.0325027698
   -0.0380007416
   -0.0399963849
   -0.0377594205
   -0.0321152729
   -0.0244165709
   -0.0140677853
   -0.0169942922
   -0.0241141861
   -0.0316471516
   -0.0372867104
   -0.0384949362
   -0.0346937322
   -0.0277218337
   -0.0194077461
   -0.0237370886
   -0.0252836645
   -0.0318635826
   -0.0328480298
   -0.0271060501
   -0.0237674655
   -0.0267974824
   -0.0195568351
   -0.0290530132
   -0.0202302536
   -0.0065175626
   -0.0050050566
   -0.0189346213
   -0.0285889227
   -0.0347872878
   -0.0281835294
   -0.0184461489
   -0.0140627435
   -0.0253387718
   -0.0331603157
   -0.0367375444
   -0.0361066177
   -0.0303277088
   -0.0223825474
   -0.0112481259
   -0.0130157095
   -0.0236913770
   -0.0314857050
   -0.0368424858
   -0.0385599339
   -0.0330378682
   -0.0278162752
   -0.0202981007
   -0.0217195818
   -0.0290177027
   -0.0338096954
   -0.0352876138
   -0.0271251253
   -0.0223679024
   -0.0203245260
   -0.0263345361
   -0.0286663890
   -0.0216502866
   -0.0217397358
   -0.0128227713
    0.0159347395
    0.0155105066
    0.0101297844
    0.0141212189
    0.0145592768
    0.0084915105
    0.0115470079
    0.0144285881
    0.0138990150
    0.0089012056
    0.0098862297
    0.0107610342
   -0.0038749415
    0.0038202214
    0.0071850749
    0.0042068445
    0.0085567856
    0.0054059338
    0.0056487629
    0.0072038418
    0.0049353423
    0.0055550642
    0.0063858567
    0.0066399695
    0.0092586381
    0.0073001883
    0.0106055433
    0.0123572652
    0.0097668439
    0.0066573173
    0.0195324568
    0.0167195935
    0.0127316811
    0.0089709761
    0.0149718587
    0.0106968026
    0.0070905572
    0.0102780744
    0.0163575727
    0.0121427461
    0.0125075686
    0.0125735100
    0.0069076303
    0.0083405558
    0.0102964666
    0.0095946102
    0.0068132123
    0.0082082674
    0.0090667113
    0.0070245682
    0.0080172905
    0.0119588569
    0.0079637697
    0.0090630861
    0.0104808941
    0.0133262458
    0.0154038528
    0.0109553008
    0.0102475643
    0.0115082481
    0.0127326657
    0.0046202199
    0.0037287356
    0.0057628888
    0.0081483158
    0.0090101388
    0.0060626135
    0.0095382882
    0.0124493698
    0.0083893323
    0.0127021546
    0.0123494719
    0.0083536088
    0.0074630117
    0.0093034696
    0.0112577999
    0.0101728258
    0.0096948359
    0.0125248398
    0.0133390981
    0.0125447951
    0.0145825861
    0.0169990675
    0.0149252245
    0.0150575983
    0.0125511109
    0.0112814376
    0.0081529746
    0.0051850877
    0.0172173073
    0.0098225089
    0.0078713781
    0.0057911706
    0.0124771908
    0.0077303434
    0.0065434879
    0.0091462982
    0.0088103410
    0.0145246115
    0.0096985497
    0.0151417813
    0.0129606621
    0.0119356416
    0.0152134672
    0.0150018797
    0.0152504256
    0.0016420001
    0.0060746733
    0.0076788724
    0.0068739408
    0.0078887557
    0.0086631722
    0.0106548382
    0.0083650309
    0.0079969243
    0.0052150567
    0.0040084150
    0.0035105670
    0.0030804886
    0.0028872351
    0.0025234691
    0.0038333935
   -0.0138851384
   -0.0132937668
    0.0070221676
    0.0116567689
    0.0103285589
    0.0079653554
    0.0046034782
    0.0142490684
    0.0119634062
    0.0098755323
    0.0070853456
    0.0040488899
    0.0110051988
    0.0084010254
    0.0054570173
    0.0074864948
    0.0092336243
    0.0066983527
    0.0056944681
    0.0059484901
    0.0100296757
    0.0037699513
    0.0038837090
    0.0040368525
    0.0030490598
    0.0006351802
    0.0028203090
    0.0030874258
    0.0018441735
   -0.0041091238
    0.0060009230
    0.0081406392
    0.0114266038
    0.0066447064
    0.0089354003
    0.0123903974
    0.0188297298
    0.0101196691
    0.0132045685
    0.0191591972
    0.0157873722
    0.0141112301
    0.0138304169
    0.0140548962
    0.0107955317
    0.0118991496
    0.0119352221
    0.0109788027
    0.0094430853
    0.0083536759
    0.0097216167
    0.0092441999
    0.0071542242
    0.0059360256
    0.0066942117
    0.0062992380
    0.0105582353
    0.0161107413
    0.0182787184
    0.0095348985
    0.0020163893
    0.0053565131
    0.0073268799
    0.0110734541
    0.0124709069
    0.0079087363
    0.0051597508
    0.0086002818
    0.0120527836
   -0.0056705531
    0.0053590641
    0.0081190358
    0.0017158165
    0.0078204326
    0.0101459863
    0.0053900767
    0.0022560093
    0.0056879616
    0.0093704841
    0.0196065106
    0.0252394376
    0.0246298404
    0.0308048736
    0.0151544723
    0.0219731544
    0.0266664281
    0.0364443976
    0.0290796041
    0.0220946646
    0.0089984582
    0.0121930622
    0.0215646313
    0.0174829510
    0.0350578699
    0.0247224514
    0.0190418338
    0.0327669831
    0.0224916856
    0.0176017194
   -0.0052934339
   -0.0021560880
   -0.0248583498
   -0.0222432501
   -0.0033321658
   -0.0356280632
   -0.0397569068
   -0.0318023658
   -0.0154733908
   -0.0433781471
   -0.0300372423
   -0.0148092699
   -0.0005686825
    0.0081195743
   -0.0430206998
   -0.0299237499
   -0.0190528924
   -0.0124802472
   -0.0415010892
   -0.0293446153
   -0.0328218216
   -0.0184594439
   -0.0341497262
   -0.0504690901
    0.0018972918
   -0.0173479218
   -0.0337488604
   -0.0475368722
   -0.0000623358
   -0.0217071073
   -0.0370065826
   -0.0464179687
   -0.0465265863
   -0.0209072749
   -0.0325533492
   -0.0301813029
   -0.0175680534
    0.0046921109
   -0.0122141674
   -0.0133755185
    0.0202202009
    0.0090052043
    0.0306351264
    0.0208425359
    0.0054606010
    0.0381792039
    0.0301800293
    0.0174672266
    0.0222130744
    0.0350298634
    0.0339959046
    0.0234356694
    0.0086683038
    0.0063837261
    0.0247416550
    0.0284477624
    0.0123311157
    0.0152934277
    0.0277870495
    0.0364782559
    0.0132104355
    0.0264904446
    0.0347054880
    0.0400286220
    0.0117713956
    0.0228240110
    0.0291582040
    0.0323133981
    0.0107302808
    0.0147683471
   -0.0070640766
    0.0001463966
   -0.0018516153
   -0.0130800698
   -0.0064315731
   -0.0000217130
   -0.0124912400
   -0.0178763080
   -0.0050927133
   -0.0149311648
   -0.0109164593
   -0.0083152789
    0.0014399416
   -0.0065678207
    0.0057923510
   -0.0111395906
    0.0076905185
    0.0063690305
   -0.0050320144
   -0.0029744533
   -0.0130328058
   -0.0154878107
   -0.0028269671
   -0.0139025602
   -0.0133059498
   -0.0107296187
   -0.0008929362
    0.0058131269
    0.0016416449
    0.0017223666
    0.0000859364
    0.0033709389
    0.0048038088
    0.0046517314
    0.0121995970
    0.0032972123
    0.0061677374
    0.0017921312
   -0.0002793287
    0.0052654770
   -0.0013262698
    0.0034176811
    0.0079094976
    0.0087583918
    0.0029118133
    0.0016338478
    0.0048631068
    0.0081170327
    0.0055900186
   -0.0039202202
   -0.0061692529
    0.0072149944
    0.0055140640
    0.0019853695
    0.0049158882
    0.0069322824
    0.0149087272
    0.0088815036
    0.0152931700
   -0.0136067960
   -0.0063593210
    0.0024436709
    0.0015308859
   -0.0090524732
    0.0021860229
   -0.0020637956
   -0.0007513472
   -0.0064066934
   -0.0103403935
    0.0075322907
    0.0052409194
    0.0013352962
   -0.0019976885
   -0.0031724277
   -0.0017085052
    0.0057381071
   -0.0011828690
   -0.0071625350
    0.0082471579
    0.0121234540
    0.0105930097
    0.0059623821
    0.0086363999
    0.0075557234
    0.0104517909
    0.0119025495
    0.0073618201
    0.0146798088
    0.0167692916
    0.0208259269
    0.0103754720
    0.0113042416
    0.0127727657
    0.0116987507
    0.0080389285
    0.0084146885
    0.0072982206
    0.0082118568
    0.0168938292
    0.0200168328
    0.0113731974
    0.0126751415
    0.0080757846
    0.0090509295
    0.0100870274
    0.0090779960
    0.0081172639
   -0.0017211549
    0.0053983578
    0.0045069953
    0.0036558285
    0.0015552191
   -0.0036559496
   -0.0040335704
   -0.0058097756
    0.0046822743
   -0.0000969751
   -0.0080654388
   -0.0089700244
    0.0006544180
    0.0207464223
    0.0162295456
    0.0193959952
    0.0234798705
    0.0240337608
    0.0201995484
    0.0166797440
    0.0090283437
    0.0140909619
    0.0170449351
    0.0215292345
    0.0247353846
    0.0190219719
    0.0157922163
    0.0113770256
    0.0093417418
   -0.0034060718
   -0.0004589458
   -0.0043751850
    0.0010204798
   -0.0012963740
    0.0006994154
    0.0252370863
    0.0230533506
    0.0210743923
    0.0212880731
    0.0234416977
    0.0177297288
    0.0170344866
    0.0162871245
    0.0163440178
    0.0173692781
    0.0183979183
    0.0110600129
    0.0076251663
    0.0080768924
    0.0116629923
   -0.0081888996
   -0.0082222719
   -0.0056047594
   -0.0147774009
   -0.0194743762
   -0.0200405704
   -0.0163194923
   -0.0080678561
   -0.0152191893
   -0.0217928002
   -0.0260082964
   -0.0273929149
   -0.0256015464
   -0.0209546263
   -0.0136980770
   -0.0158350431
   -0.0223653781
   -0.0274313796
   -0.0307203805
   -0.0315862124
   -0.0298168576
   -0.0257929635
   -0.0200257529
   -0.0122273618
   -0.0137744629
   -0.0209486482
   -0.0268693974
   -0.0311513819
   -0.0327834835
   -0.0312867520
   -0.0271126663
   -0.0210296211
   -0.0130010460
   -0.0151569884
   -0.0196910869
   -0.0255216941
   -0.0298019425
   -0.0308953771
   -0.0284038402
   -0.0232950625
   -0.0172041176
   -0.0201300460
   -0.0254800426
   -0.0265461775
   -0.0223760299
   -0.0191842294
   -0.0214295034
   -0.0148434166
   -0.0224864280
   -0.0154879535
   -0.0043024346
   -0.0030625762
   -0.0143807864
   -0.0221114712
   -0.0273109351
   -0.0222709564
   -0.0142956282
   -0.0021290886
   -0.0104932298
   -0.0199289353
   -0.0260659396
   -0.0287298744
   -0.0293094195
   -0.0247564307
   -0.0181479089
   -0.0088331067
   -0.0100596506
   -0.0191767595
   -0.0256408092
   -0.0298538481
   -0.0311753930
   -0.0283869427
   -0.0244761877
   -0.0189325683
   -0.0111917743
   -0.0150864810
   -0.0218144368
   -0.0266897990
   -0.0296521431
   -0.0302490966
   -0.0249229580
   -0.0210719539
   -0.0150959949
   -0.0163150434
   -0.0221327916
   -0.0256044214
   -0.0265739221
   -0.0198025964
   -0.0165794769
   -0.0153620922
   -0.0195850025
   -0.0209882557
   -0.0153452313
   -0.0159043108
    0.0035142991
    0.0074497872
    0.0144873342
    0.0138928565
    0.0133262977
    0.0127705054
    0.0072814229
    0.0102785242
    0.0135532611
    0.0034611960
    0.0081850387
    0.0088391017
    0.0026642565
    0.0065628755
    0.0061052257
    0.0053890140
    0.0075864340
    0.0051600847
    0.0056314144
    0.0065684280
    0.0060307794
    0.0052591370
    0.0061938128
    0.0056035694
    0.0057074084
    0.0070936495
    0.0072459521
    0.0098885866
    0.0064893102
    0.0116219210
    0.0104488961
    0.0078343026
    0.0188860728
    0.0141289256
    0.0102680725
    0.0073323569
    0.0122233987
    0.0087163891
    0.0096008124
    0.0138173077
    0.0102427871
    0.0106238794
    0.0063200935
    0.0072128561
    0.0086540064
    0.0085180859
    0.0062184284
    0.0072928215
    0.0083607227
    0.0065243510
    0.0073444617
    0.0105921543
    0.0074713530
    0.0081698529
    0.0092263953
    0.0117189766
    0.0141396830
    0.0091430283
    0.0099982589
    0.0113048426
    0.0042937253
    0.0028807197
    0.0068291171
    0.0077760685
    0.0061673887
    0.0081352556
    0.0104397074
    0.0108503614
    0.0119947315
    0.0075940983
    0.0069515627
    0.0084275201
    0.0098858191
    0.0091871584
    0.0091477534
    0.0109604756
    0.0117731251
    0.0114239208
    0.0140224518
    0.0133649474
    0.0137427484
    0.0092746819
    0.0066578205
    0.0155088750
    0.0082213080
    0.0067838342
    0.0054577731
    0.0104506758
    0.0069190737
    0.0060193598
    0.0081481271
    0.0094894498
    0.0134475130
    0.0119244035
    0.0112686853
    0.0136364058
    0.0134895725
    0.0049420781
    0.0059456176
    0.0065655106
    0.0067833569
    0.0069670126
    0.0078798950
    0.0067460824
    0.0051139297
    0.0014693034
    0.0043727810
    0.0039188827
    0.0028226594
    0.0031542022
    0.0033316762
    0.0039819295
    0.0040439719
    0.0047178488
    0.0063634097
   -0.0086950754
   -0.0097120703
    0.0064405103
    0.0093010648
    0.0073601623
    0.0049036243
    0.0134226970
    0.0108058128
    0.0088786519
    0.0067634835
    0.0044941436
    0.0101965195
    0.0079394279
    0.0058269259
    0.0071775917
    0.0078702306
    0.0058117426
    0.0040989079
    0.0040238018
    0.0031223373
    0.0028291260
    0.0020688029
    0.0003637785
   -0.0016091782
    0.0026215406
    0.0021594070
   -0.0007362787
    0.0050475797
    0.0065406364
    0.0089745368
    0.0063143364
    0.0074780044
    0.0098133435
    0.0140939660
    0.0093348370
    0.0119197806
    0.0178911127
    0.0145885297
    0.0127242574
    0.0126511059
    0.0101279623
    0.0105990087
    0.0106212231
    0.0102074321
    0.0077819997
    0.0086125113
    0.0084536259
    0.0073353626
    0.0057092606
    0.0063097949
    0.0086240249
    0.0132071529
    0.0176162509
    0.0050268503
    0.0010665696
    0.0051283540
    0.0068003176
    0.0099933795
    0.0113263961
    0.0070088833
    0.0047842302
    0.0076780219
    0.0117416832
   -0.0034299335
    0.0077852475
   -0.0032239986
    0.0026154303
    0.0073794881
    0.0091311936
    0.0052137127
    0.0021939428
    0.0051147569
    0.0190295328
    0.0212626630
    0.0239387016
    0.0194134524
    0.0233912268
    0.0326978253
    0.0194368779
    0.0100855812
    0.0186466048
    0.0146040161
    0.0279542633
    0.0204776848
    0.0258093920
    0.0196221353
    0.0143382594
   -0.0049404814
   -0.0017873656
   -0.0189659579
   -0.0207768962
   -0.0125456448
   -0.0335335184
   -0.0304557176
   -0.0210077610
   -0.0068789946
   -0.0413922785
   -0.0313963923
   -0.0201692830
   -0.0082736863
    0.0020692689
   -0.0433269268
   -0.0312017202
   -0.0211335746
   -0.0132642256
   -0.0095947007
   -0.0344474302
   -0.0239003656
   -0.0284226868
   -0.0106362444
   -0.0220788651
   -0.0342059433
   -0.0072520931
   -0.0210644588
   -0.0329252137
   -0.0446915172
   -0.0096547388
   -0.0237920848
   -0.0339995444
   -0.0401512418
   -0.0076869561
   -0.0215030631
   -0.0268916607
   -0.0228200421
    0.0043913452
   -0.0093062345
   -0.0099515798
    0.0100033477
    0.0265818068
    0.0195230892
    0.0091879152
    0.0329219856
    0.0269765920
    0.0183718229
    0.0058976040
    0.0173926240
    0.0287338387
    0.0274953872
    0.0180547627
    0.0053784501
    0.0194517265
    0.0223452568
    0.0080103523
    0.0107767283
    0.0217443029
    0.0296348428
    0.0136943561
    0.0229979187
    0.0290683936
    0.0338192749
    0.0112447558
    0.0191940235
    0.0240178330
    0.0267351542
    0.0085975408
    0.0110315927
   -0.0058822566
   -0.0034061812
    0.0058913270
    0.0061909600
   -0.0085363019
   -0.0061204362
   -0.0031505588
    0.0019426514
    0.0119328398
   -0.0115194242
   -0.0159502694
   -0.0099564702
   -0.0099065799
   -0.0121720112
   -0.0079951499
   -0.0056275251
   -0.0045230143
    0.0044656312
    0.0121381296
    0.0027873286
   -0.0035564869
   -0.0018832703
   -0.0106397660
   -0.0121443604
   -0.0044461892
   -0.0123068880
   -0.0092817739
    0.0079409748
    0.0030188357
    0.0014474326
   -0.0001611846
    0.0037401977
    0.0016217570
    0.0033892278
    0.0042621686
    0.0065127904
    0.0019692145
    0.0046713431
    0.0100824258
    0.0049818851
    0.0015634020
    0.0075094963
    0.0049299492
    0.0009740339
    0.0025473969
    0.0029051472
    0.0015530194
   -0.0006861722
    0.0054777727
    0.0050241947
    0.0032727544
    0.0080026027
    0.0008500235
    0.0065882962
    0.0076548210
    0.0016497251
    0.0011861026
   -0.0025550133
   -0.0006508176
    0.0009148506
    0.0093282411
    0.0082181752
    0.0057804195
    0.0080394128
    0.0092851296
    0.0014454135
   -0.0027959490
    0.0003571213
    0.0026241509
   -0.0032443607
   -0.0067868077
    0.0013834720
   -0.0030503967
   -0.0070168789
   -0.0077512538
   -0.0051927304
    0.0029797212
   -0.0016329751
   -0.0048818164
   -0.0059539658
    0.0056761343
    0.0088372762
    0.0095385591
    0.0100861551
    0.0109772287
    0.0082395718
    0.0065280769
    0.0080009194
    0.0084182688
    0.0056186619
    0.0090910146
    0.0085438401
    0.0040683802
    0.0073593118
    0.0110881561
    0.0190194067
    0.0227747977
    0.0097673582
    0.0112205988
    0.0150503416
    0.0122738871
    0.0106371052
    0.0070214458
    0.0078399776
    0.0090271784
    0.0080389889
    0.0077781092
    0.0075822726
    0.0073032317
    0.0090486643
    0.0066908435
    0.0062153036
    0.0062299335
    0.0043340085
    0.0083101947
    0.0164083534
    0.0186792405
    0.0111558557
    0.0128096191
    0.0139020777
    0.0125340899
    0.0078045317
    0.0081488562
    0.0079764034
    0.0092713484
    0.0087150410
    0.0073934076
    0.0069039823
    0.0076614211
    0.0051263784
    0.0015376324
   -0.0009233488
   -0.0013840279
    0.0024764523
    0.0003533154
    0.0035155335
   -0.0053188420
   -0.0045024887
    0.0024249853
   -0.0069740388
    0.0048086048
   -0.0007658853
    0.0034893055
   -0.0029294833
   -0.0102578654
   -0.0120620611
   -0.0040042587
    0.0173689519
    0.0135213047
    0.0164720628
    0.0198696316
    0.0202716681
    0.0171154452
    0.0138936104
    0.0073722821
    0.0118617322
    0.0151540119
    0.0190263029
    0.0212838875
    0.0168711268
    0.0135691568
    0.0093418643
    0.0054712187
    0.0022192118
    0.0012317118
    0.0050298334
   -0.0004550293
   -0.0034554648
   -0.0039135541
    0.0014513399
   -0.0083239318
    0.0219838476
    0.0205405731
    0.0183681212
    0.0185038441
    0.0207669084
    0.0166086694
    0.0152856625
    0.0144457774
    0.0144694742
    0.0154418031
    0.0168529241
    0.0109013471
    0.0086531346
    0.0078688308
    0.0094902312
    0.0118147069
   -0.0037501825
   -0.0037179263
   -0.0017045675
   -0.0098431343
   -0.0139116283
   -0.0143632748
   -0.0110941923
   -0.0036185961
   -0.0090792139
   -0.0149790345
   -0.0188661555
   -0.0207517482
   -0.0204239559
   -0.0178734835
   -0.0132031710
   -0.0061060158
   -0.0100400998
   -0.0159792176
   -0.0204400284
   -0.0235297485
   -0.0249510242
   -0.0244746128
   -0.0221549830
   -0.0182240929
   -0.0127195463
   -0.0126450488
   -0.0180593723
   -0.0223784632
   -0.0254933145
   -0.0270045670
   -0.0266482116
   -0.0244852838
   -0.0207930736
   -0.0157225108
   -0.0089271391
   -0.0110363332
   -0.0163560816
   -0.0210763758
   -0.0247582347
   -0.0268415838
   -0.0269117441
   -0.0249733687
   -0.0213417379
   -0.0162815708
   -0.0100503448
   -0.0159092560
   -0.0207396654
   -0.0242389692
   -0.0253174017
   -0.0236871021
   -0.0198238735
   -0.0150176448
   -0.0157439628
   -0.0205975223
   -0.0218007936
   -0.0185530544
   -0.0170163958
   -0.0113731683
   -0.0176773401
   -0.0119588516
   -0.0027797517
   -0.0017724190
   -0.0110100515
   -0.0173630472
   -0.0217834918
   -0.0177692937
   -0.0111244533
   -0.0009681105
   -0.0078293666
   -0.0157954440
   -0.0207840261
   -0.0228728128
   -0.0239092933
   -0.0205582160
   -0.0155736084
   -0.0086578337
   -0.0106602079
   -0.0171712073
   -0.0217843199
   -0.0246027265
   -0.0253423882
   -0.0240332755
   -0.0209566649
   -0.0165466567
   -0.0105730304
   -0.0073652694
   -0.0144082931
   -0.0195022547
   -0.0231481886
   -0.0252389227
   -0.0255405967
   -0.0222329121
   -0.0193589224
   -0.0151841485
   -0.0092264135
   -0.0132251884
   -0.0181507702
   -0.0215501138
   -0.0234441543
   -0.0236688213
   -0.0187373775
   -0.0160814564
   -0.0119874446
   -0.0075577004
   -0.0137569673
   -0.0175567959
   -0.0196255212
   -0.0199984426
   -0.0138609718
   -0.0117890212
   -0.0115515326
   -0.0142540444
   -0.0149060106
    0.0077494624
    0.0034743868
   -0.0056015723
    0.0078775963
    0.0088372303
    0.0125577005
    0.0122923879
    0.0116063935
    0.0112638067
    0.0093522034
    0.0098835364
    0.0011631118
    0.0060638296
    0.0075864165
    0.0018736626
    0.0057616210
    0.0057704613
    0.0053302737
    0.0053571669
    0.0049690488
    0.0075406772
    0.0056646245
    0.0052809142
    0.0058063726
    0.0066538916
    0.0028589456
    0.0050563473
    0.0054435118
    0.0052516399
    0.0059854373
    0.0060220006
    0.0076193707
    0.0055600216
    0.0088261840
    0.0085338353
    0.0066606096
    0.0150306356
    0.0111098685
    0.0081542852
    0.0061156857
    0.0168569000
    0.0118309722
    0.0085751967
    0.0064593911
    0.0107392207
    0.0079686863
    0.0089189204
    0.0095250462
    0.0059167725
    0.0063948303
    0.0075718438
    0.0082479935
    0.0053800345
    0.0060144785
    0.0069726454
    0.0072982880
    0.0063609232
    0.0085845224
    0.0062817616
    0.0067729291
    0.0075244735
    0.0099723638
    0.0073274296
    0.0077758473
    0.0086588047
    0.0105650760
    0.0126808611
    0.0085128190
    0.0090833843
    0.0102394252
    0.0019583827
    0.0055986682
    0.0059519445
    0.0041116411
    0.0065598538
    0.0079830574
    0.0087545674
    0.0079037030
    0.0100475538
    0.0106953806
    0.0078115675
    0.0073494148
    0.0073086413
    0.0085467205
    0.0094073896
    0.0089763512
    0.0093103010
    0.0103608415
    0.0108495217
    0.0108600031
    0.0121726030
    0.0126781586
    0.0077693854
    0.0056705356
    0.0071772465
    0.0059640403
    0.0049727400
    0.0093664865
    0.0066175463
    0.0058099809
    0.0052257613
    0.0078560058
    0.0083304107
    0.0104811924
    0.0094054764
    0.0120551985
    0.0116049087
    0.0118499445
    0.0124300942
    0.0038195268
    0.0055489493
    0.0057469524
    0.0056836330
    0.0059810251
    0.0072048926
    0.0067190508
    0.0115234270
    0.0064722900
    0.0066707981
    0.0050347538
    0.0054052561
    0.0056850229
    0.0022173434
    0.0049893620
    0.0046008894
    0.0054433482
    0.0041921626
    0.0050593826
    0.0031041787
    0.0030029147
    0.0026025859
    0.0027291389
    0.0039493020
    0.0041944725
    0.0053428233
    0.0065589954
    0.0059622332
    0.0080174713
    0.0062864179
    0.0043318529
    0.0096475917
    0.0079437527
    0.0062378670
    0.0044433040
    0.0101852169
    0.0082521202
    0.0065845204
    0.0049852113
    0.0091493379
    0.0071631633
    0.0057278751
    0.0066630922
    0.0052339973
    0.0030861916
    0.0029667873
    0.0027917297
    0.0019266489
    0.0009073299
    0.0000292629
    0.0021065155
    0.0015540537
    0.0000612270
   -0.0040130385
    0.0051428282
    0.0056388716
    0.0069071162
    0.0092445859
    0.0141983978
    0.0068333275
    0.0077450689
    0.0098401224
    0.0140719347
    0.0092779317
    0.0113200225
    0.0164060754
    0.0108355280
    0.0105537865
    0.0103910471
    0.0086159378
    0.0088841900
    0.0088951884
    0.0085387269
    0.0068272661
    0.0073333267
    0.0072407210
    0.0066766890
    0.0058418013
    0.0082601682
    0.0116449161
    0.0148674952
    0.0133526932
    0.0059723490
    0.0024219722
    0.0052352307
    0.0065685967
    0.0089451174
    0.0098824376
    0.0066220629
    0.0049023129
    0.0070453161
    0.0095251531
   -0.0000842358
    0.0060111706
    0.0110830248
    0.0067556957
    0.0023343323
    0.0059135347
    0.0073949502
    0.0045191484
    0.0117191452
    0.0150615520
    0.0181800443
    0.0251466064
    0.0190051906
    0.0218452020
    0.0171693072
    0.0205201492
    0.0268190649
    0.0172269413
    0.0081268053
    0.0147954813
    0.0116766499
    0.0222477212
    0.0169821293
    0.0212812531
    0.0193670250
    0.0160934557
   -0.0030180186
   -0.0000077249
   -0.0152671823
   -0.0120352083
   -0.0025973218
   -0.0238043242
   -0.0238610602
   -0.0187329731
   -0.0094157487
   -0.0328518286
   -0.0273321724
   -0.0199186000
   -0.0109004544
   -0.0010764812
   -0.0339958263
   -0.0256751422
   -0.0173873299
   -0.0093908259
   -0.0028698955
    0.0007517029
   -0.0331957377
   -0.0247251198
   -0.0177342717
   -0.0125246272
   -0.0293905140
   -0.0208726400
   -0.0161566748
   -0.0244335463
    0.0021537994
   -0.0060778369
   -0.0156806738
   -0.0248189201
   -0.0339719051
   -0.0078644760
   -0.0179253118
   -0.0263859534
   -0.0337710125
   -0.0104873264
   -0.0202865600
   -0.0268336417
   -0.0293808100
   -0.0259915427
   -0.0093708866
   -0.0171191029
   -0.0191457806
   -0.0155742850
    0.0046829419
   -0.0055640023
   -0.0060342788
    0.0195721988
    0.0142649516
    0.0064819275
    0.0259495918
    0.0206254012
    0.0139332790
    0.0046873264
    0.0272922826
    0.0225078981
    0.0155823252
    0.0060012524
    0.0144498603
    0.0229932014
    0.0220459475
    0.0146203593
    0.0053792436
    0.0156598270
    0.0178569466
    0.0071189991
    0.0092849693
    0.0176220407
    0.0239778072
    0.0024735891
    0.0120983403
    0.0195137913
    0.0246573375
    0.0061715970
    0.0141430348
    0.0196478926
    0.0235076963
    0.0057689117
    0.0121083012
    0.0158503162
