   0.9148221736    3.7120395584    1.4533966037
   0.5067030075   -1.3881819526    3.2152476918
   3.0700266183    0.5753521571    2.1652476918
   0.0604086041   -0.7990943365    2.1652476918
  -1.0948118647    2.8503664903    2.4123688384
  -1.4189882885    1.8526540478    2.4123688384
  -1.0948118647    0.8549416053    2.4123688384
   0.2784215029    3.8126540478    1.4323688384
  -0.7015784971    3.5500638393    1.4323688384
  -1.4189882885    2.8326540478    1.4323688384
  -1.6815784971    1.8526540478    1.4323688384
  -1.4189882885    0.8726540478    1.4323688384
  -0.7015784971    0.1552442564    1.4323688384
  -0.2461069690    3.4669866908    0.4523688384
   1.6615483030    1.6004573171    5.9969764994
   2.6760767750    2.3660850643    5.2795667080
   1.6270198311    2.3660850643    5.2795667080
   0.7783149354    1.7494648639    5.2795667080
   0.4541385116    0.7517524214    5.2795667080
   4.1115483030    0.7517524214    4.2995667080
   3.8489580945    1.7317524214    4.2995667080
   3.1315483030    2.4491622128    4.2995667080
   2.1515483030    2.7117524214    4.2995667080
   3.8489580945    0.7517524214    3.3195667080
   3.5247816707    1.7494648639    3.3195667080
   0.7620811987   -0.4712364743   -1.0690952533
   2.1975527267    1.1430961687   -2.0490952533
   1.9349625181    2.1230961687   -2.0490952533
   1.2175527267    2.8405059601   -2.0490952533
   0.2375527267    3.1030961687   -2.0490952533
   1.2175527267   -0.5543136228   -2.0490952533
   1.9349625181    0.1630961687   -2.0490952533
   1.9349625181    1.1430961687   -3.0290952533
   1.6107860944    2.1408086112   -3.0290952533
   0.7620811987    2.7574288116   -3.0290952533
   1.6107860944    0.1453837262   -3.0290952533
   0.5329990881    2.7989479318   -3.1174121324
  -0.4068098515    3.1553704490   -3.1174121324
  -0.9187582371    2.8708238925   -4.1674121324
  -2.0547562678    1.9916541513    0.2432562836
  -0.0566441305   -0.6054083420   -0.8067437164
   0.4457247452    3.1335855673   -1.8567437164
   0.9325153390   -1.3715321488    6.5839978831
   1.4225153390   -2.2202370445    6.5839978831
   0.2151055476   -1.3715321488    5.8665880917
   0.5392819713   -2.3692445913    5.8665880917
   1.3879868670   -2.9858647917    5.8665880917
   2.4370438110   -2.9858647917    5.8665880917
  -0.0474846610   -1.3715321488    4.8865880917
   0.2151055476   -2.3515321488    4.8865880917
   0.9325153390   -3.0689419402    4.8865880917
   1.9125153390   -3.3315321488    4.8865880917
   2.8925153390   -3.0689419402    4.8865880917
   3.6099251304   -2.3515321488    4.8865880917
   0.2151055476   -1.3715321488    3.9065880917
   0.5392819713   -2.3692445913    3.9065880917
   1.3879868670   -2.9858647917    3.9065880917
   2.4370438110   -2.9858647917    3.9065880917
   3.2857487067   -2.3692445913    3.9065880917
   2.8925153390   -1.3715321488    3.1891783003
   1.4225153390   -2.2202370445    3.1891783003
   2.4025153390   -2.2202370445    3.1891783003
  -3.4484305379    0.6885235592   -3.4107761513
  -3.0551971702    1.3882209081   -4.3907761513
  -3.7726069617    0.6708111167   -4.3907761513
  -0.3777873788   -0.3091888833   -5.3707761513
  -1.5506686983    1.3051437597   -5.3707761513
  -2.5997256422    1.3051437597   -5.3707761513
  -0.7019638026   -1.3069013258   -5.3707761513
  -1.0951971702   -0.3091888833   -6.0881859427
  -1.5851971702    0.5395160124   -6.0881859427
  -5.3189237482   -2.2685118066   -4.5608359969
  -6.0139088570   -1.7561379489   -5.3294893448
  -6.0139088570   -2.7808856643   -5.3294893448
  -5.8407963193   -0.8759542243   -6.3794893448
  -6.3079015648   -1.7659489116   -6.3794893448
  -6.3079015648   -2.7710747016   -6.3794893448
  -5.8407963193   -3.6610693889   -6.3794893448
  -2.4094660943   -3.2444304679   -6.3794893448
  -2.4502704002   -2.2685118066   -7.4294893448
  -4.5277451053   -4.0686538858   -7.4294893448
  -3.5134278440   -3.9228170804   -7.4294893448
  -2.7389751942   -3.2517500393   -7.4294893448
  -3.2189237482   -2.2685118066   -8.1981426928
  -3.7439237482   -1.3591851326   -8.1981426928
  -3.7439237482   -3.1778384806   -8.1981426928
  -0.1597895721   -0.3346783560   -5.0835518956
   1.3487901476   -0.3029539460    6.8839786875
   1.2078254814    1.0714925476    6.1153253395
   0.6538050388    0.2094199117    6.1153253395
   4.2174434956   -0.3029539460    4.0153253395
   3.9287387016   -1.2861921787    4.0153253395
   3.4487901476   -0.3029539460    3.2466719916
   3.2003626548    0.0241664099    8.8476877979
   2.6753626548   -0.8851602641    8.8476877979
   3.2003626548   -1.7944869380    8.8476877979
   3.4665412977    0.9149818151    8.0790344499
   2.5343979886    0.4892862296    8.0790344499
   1.9803775460   -0.3727864063    8.0790344499
   1.9803775460   -1.3975341218    8.0790344499
   4.4808585590   -2.5394655378    8.0790344499
   1.6863848382   -1.3877231591    7.0290344499
   4.9182986229   -2.6134263824    7.0290344499
   5.5848203087   -1.8610789253    7.0290344499
   5.5440160028   -0.8851602641    5.9790344499
   5.2553112088   -1.8683984968    5.9790344499
   4.2503626548   -1.7944869380    5.2103811020
   2.8258516237    0.9438561186    7.9743917622
   2.1598869575    1.4089759382    7.2057384143
   1.6058665149    0.5469033024    7.2057384143
   1.6058665149   -0.4778444131    7.2057384143
   5.4508516237    0.0345294446    6.1557384143
   1.7789790526    1.4270870269    6.1557384143
   5.1695049717    0.0345294446    5.1057384143
   4.8808001777   -0.9487087881    5.1057384143
   4.4008516237    0.0345294446    4.3370850663
  -3.7482218936   -1.4368186112   -2.8886837235
  -3.8891865599   -0.0623721176   -3.6573370715
  -4.4432070024   -0.9244447535   -3.6573370715
  -4.4432070024   -1.9491924690   -3.6573370715
  -0.8795685457   -1.4368186112   -5.7573370715
  -1.1682733397   -2.4200568439   -5.7573370715
  -3.8204429408    0.5426894472   -4.8538675574
  -4.7525862500    0.1169938617   -4.8538675574
  -5.3066066925   -0.7450787742   -4.8538675574
  -1.7429682358   -1.2574526320   -6.9538675574
  -2.0316730298   -2.2406908647   -6.9538675574
  -2.5116215838   -1.2574526320   -7.7225209053
  -2.5705415860   -2.4493241974   -2.1400483027
  -1.5905415860   -2.4493241974   -2.4026385112
  -3.5505415860   -2.4493241974   -2.4026385112
  -3.0605415860   -3.2980290931   -2.4026385112
  -2.0805415860   -3.2980290931   -2.4026385112
  -4.2679513774   -2.4493241974   -3.1200483027
  -3.9437749537   -3.4470366399   -3.1200483027
  -3.0950700580   -4.0636568403   -3.1200483027
  -2.0460131141   -4.0636568403   -3.1200483027
  -1.1973082184   -3.4470366399   -3.1200483027
  -4.5305415860   -2.4493241974   -4.1000483027
  -4.2679513774   -3.4293241974   -4.1000483027
  -3.5505415860   -4.1467339888   -4.1000483027
  -2.5705415860   -4.4093241974   -4.1000483027
  -1.5905415860   -4.1467339888   -4.1000483027
  -0.8731317946   -3.4293241974   -4.1000483027
  -0.8731317946   -2.4493241974   -5.0800483027
  -2.0460131141   -4.0636568403   -5.0800483027
  -1.1973082184   -3.4470366399   -5.0800483027
  -2.0805415860   -3.2980290931   -5.7974580941
   3.7680057314    2.2179836375    2.6913792329
   3.3941974038    3.2450135768    2.6913792329
   2.4476814920    3.7914847933    2.6913792329
   3.3941974038    1.1909536983    2.6913792329
   3.7680057314    2.2179836375    1.6530821318
   3.3941974038    3.2450135768    1.6530821318
   2.4476814920    3.7914847933    1.6530821318
   3.3941974038    1.1909536983    1.6530821318
   3.1577100079    2.2179836375    0.8130821318
   0.8066802619    2.6685292040    4.8758606834
   1.7941594858    2.6685292040    4.5550092340
   1.1118281237    3.6076777545    4.5550092340
   0.0077927882    3.2489549287    4.5550092340
   0.0077927882    2.0881034792    4.5550092340
   2.0306468817    3.6955591432    3.7150092340
   1.0841309698    4.2420303597    3.7150092340
   0.0077927882    4.0522428979    3.7150092340
  -0.6947370658    3.2150004205    3.7150092340
  -0.6947370658    2.1220579875    3.7150092340
   1.0841309698    4.2420303597    2.6767121329
   0.0077927882    4.0522428979    2.6767121329
  -0.6947370658    3.2150004205    2.6767121329
   0.8181413149   -1.5982507310    3.0807640856
   2.8409954084   -1.2415669763    3.0807640856
   3.2148037359   -0.2145370371    2.0424669845
   0.1156114608   -0.7610082536    2.0424669845
   0.8181413149   -1.5982507310    2.0424669845
   1.8944794965   -1.7880381928    2.0424669845
   2.8409954084   -1.2415669763    2.0424669845
   2.6045080124   -0.2145370371    1.2024669845
   0.8181413149   -0.7949627618    1.2024669845
   1.9221766503   -1.1536855876    1.2024669845
   0.2720213447    0.2805439623    5.2677434379
  -0.5268661289    0.8609696870    4.9468919884
  -0.5268661289   -0.2998817625    4.9468919884
  -0.5268661289    1.6642576562    4.1068919884
  -1.2293959830    0.8270151788    4.1068919884
  -1.2293959830   -0.2659272542    4.1068919884
  -0.5268661289   -1.1031697317    4.1068919884
  -1.2293959830    0.8270151788    3.0685948874
  -1.2293959830   -0.2659272542    3.0685948874
  -0.5268661289   -1.1031697317    3.0685948874
  -0.5268661289   -0.2998817625    2.2285948874
   2.8854394620    0.5017659786    0.7480056285
   0.4887770409   -0.8819477154    0.7480056285
   1.5651152225   -1.0717351772    0.7480056285
   2.5116311344   -0.5252639607    0.7480056285
   2.8854394620    0.5017659786   -0.2902914726
   0.4887770409   -0.8819477154   -0.2902914726
   1.5651152225   -1.0717351772   -0.2902914726
   2.5116311344   -0.5252639607   -0.2902914726
   2.2751437385    0.5017659786   -1.1302914726
   1.5928123764   -0.4373825720   -1.1302914726
   3.1807754304    2.2101767007    0.3979796248
   2.8069671029    3.2372066400    0.3979796248
   1.8604511910    3.7836778565    0.3979796248
   0.7841130094    3.5938903947    0.3979796248
   3.1807754304    2.2101767007   -0.6403174763
   2.8069671029    3.2372066400   -0.6403174763
   1.8604511910    3.7836778565   -0.6403174763
   0.7841130094    3.5938903947   -0.6403174763
   2.8069671029    1.1831467615   -0.6403174763
   2.5704797069    2.2101767007   -1.4803174763
   1.8881483448    3.1493252513   -1.4803174763
   1.1079704962    2.3688932019   -3.5022819783
   1.4817788238    1.3418632627   -4.5405790794
   1.1079704962    2.3688932019   -4.5405790794
   0.1614545843    2.9153644184   -4.5405790794
  -0.9148835973    2.7255769566   -4.5405790794
   1.1079704962    0.3148333234   -4.5405790794
   0.8714831002    1.3418632627   -5.3805790794
   0.1891517381    2.2810118132   -5.3805790794
  -0.9148835973    1.9222889874   -5.3805790794
   0.1891517381    0.4027147121   -5.3805790794
  -0.1159961236    1.3418632627   -5.7014305288
  -2.2800617241    2.3633850329   -1.6367075219
  -2.2800617241    1.2025335835   -1.6367075219
  -1.2037235425    3.3564604639   -2.4767075219
  -2.2800617241    3.1666730021   -2.4767075219
  -2.9825915782    2.3294305247   -2.4767075219
  -2.9825915782    1.2364880917   -2.4767075219
  -1.2037235425    3.3564604639   -3.5150046230
  -2.2800617241    3.1666730021   -3.5150046230
  -2.9825915782    2.3294305247   -3.5150046230
  -2.9825915782    1.2364880917   -3.5150046230
  -1.1760263887    2.7221078587   -4.3550046230
  -2.2800617241    2.3633850329   -4.3550046230
  -1.5761790593    3.0486661163    0.5172450535
   0.4466750342    3.4952703308   -0.3227549465
  -0.4998408777    4.0417415473   -0.3227549465
  -1.5761790593    3.8519540855   -0.3227549465
  -2.2787089133    3.0147116081   -0.3227549465
   0.4466750342    3.4952703308   -1.3610520476
  -0.4998408777    4.0417415473   -1.3610520476
  -1.5761790593    3.8519540855   -1.3610520476
  -2.2787089133    3.0147116081   -1.3610520476
  -0.4721437238    3.4073889421   -2.2010520476
  -1.8691357900    1.3405017842    0.8704583098
  -1.8691357900    0.1796503347    0.8704583098
  -0.7651004546   -0.1790724911    0.8704583098
  -2.5716656440    1.3065472760    0.0304583098
  -2.5716656440    0.2136048430    0.0304583098
  -1.8691357900   -0.6236376345    0.0304583098
  -0.7927976084   -0.8134250963    0.0304583098
  -2.5716656440    1.3065472760   -1.0078387913
  -2.5716656440    0.2136048430   -1.0078387913
  -0.7927976084   -0.8134250963   -1.0078387913
  -5.7007589440   -0.7700361528   -6.7305892580
  -6.4032887980   -1.6072786303   -6.7305892580
  -6.4032887980   -2.7002210633   -6.7305892580
  -4.6244207624   -0.5802486910   -7.7688863591
  -5.7007589440   -0.7700361528   -7.7688863591
  -6.4032887980   -1.6072786303   -7.7688863591
  -6.4032887980   -2.7002210633   -7.7688863591
  -5.7007589440   -3.5374635407   -7.7688863591
  -3.9143922465   -2.1537498468   -8.6088863591
  -4.5967236086   -1.2146012962   -8.6088863591
  -5.7007589440   -1.5733241220   -8.6088863591
  -5.7007589440   -2.7341755715   -8.6088863591
  -4.5967236086   -3.0928983973   -8.6088863591
  -4.9018714703   -2.1537498468   -8.9297378085
  -5.0276297818   -3.8200601360   -4.5449336786
  -3.9235944463   -4.1787829618   -4.5449336786
  -5.7301596358   -3.7861056278   -5.3849336786
  -5.0276297818   -4.6233481052   -5.3849336786
  -3.9512916001   -4.8131355670   -5.3849336786
  -3.0047756883   -4.2666643505   -5.3849336786
  -5.7301596358   -3.7861056278   -6.4232307797
  -5.0276297818   -4.6233481052   -6.4232307797
  -3.9512916001   -4.8131355670   -6.4232307797
  -3.0047756883   -4.2666643505   -6.4232307797
  -3.9235944463   -4.1787829618   -7.2632307797
  -2.5646360735   -0.0695548304   -1.0246381124
  -2.5646360735   -1.2304062799   -1.0246381124
  -1.4606007381   -1.5891291057   -1.0246381124
  -2.5646360735    0.7337331388   -1.8646381124
  -3.2671659276   -0.1035093387   -1.8646381124
  -3.2671659276   -1.1964517717   -1.8646381124
  -2.5646360735   -2.0336942491   -1.8646381124
  -1.4882978919   -2.2234817109   -1.8646381124
   0.5835351110   -1.0475277399   -2.0708379472
  -0.0987962511   -1.9866762904   -2.0708379472
   1.1938308345   -1.0475277399   -2.9108379472
  -0.1264934049   -2.6210288956   -2.9108379472
   0.8200225069   -2.0745576791   -2.9108379472
   1.1938308345   -1.0475277399   -3.9491350483
  -0.1264934049   -2.6210288956   -3.9491350483
   0.8200225069   -2.0745576791   -3.9491350483
   0.5835351110   -1.0475277399   -4.7891350483
  -0.0987962511   -1.9866762904   -4.7891350483
  -0.4039441128   -1.0475277399   -5.1099864978
   4.4174892768   -0.6548958791    9.5084495594
   5.4049685006   -0.6548958791    9.1875981099
   4.7226371385    0.2842526714    9.1875981099
   3.6186018031   -0.0744701544    9.1875981099
   3.6186018031   -1.2353216039    9.1875981099
   4.7226371385   -1.5940444297    9.1875981099
   6.0152642242   -0.6548958791    8.3475981099
   5.6414558966    0.3721340601    8.3475981099
   4.6949399847    0.9186052766    8.3475981099
   4.6949399847   -2.2283970349    8.3475981099
   5.6414558966   -1.6819258184    8.3475981099
   6.0152642242   -0.6548958791    7.3093010088
   5.6414558966    0.3721340601    7.3093010088
   2.5450716509   -2.4758709469    8.3206456854
   3.6491069864   -2.8345937727    8.3206456854
   1.8425417969   -2.4419164387    7.4806456854
   2.5450716509   -3.2791589161    7.4806456854
   3.6214098326   -3.4689463779    7.4806456854
   4.5679257444   -2.9224751614    7.4806456854
   2.5450716509   -3.2791589161    6.4423485843
   3.6214098326   -3.4689463779    6.4423485843
   4.5679257444   -2.9224751614    6.4423485843
   3.6491069864   -2.8345937727    5.6023485843
   4.6984445974    1.0530555551    7.5518423900
   4.0161132353    1.9922041056    7.5518423900
   2.9120778999    1.6334812798    7.5518423900
   5.3087403209    1.0530555551    6.7118423900
   4.9349319934    2.0800854943    6.7118423900
   3.9884160815    2.6265567108    6.7118423900
   2.9120778999    2.4367692490    6.7118423900
   5.3087403209    1.0530555551    5.6735452889
   4.9349319934    2.0800854943    5.6735452889
   3.9884160815    2.6265567108    5.6735452889
   2.9120778999    2.4367692490    5.6735452889
   4.6984445974    1.0530555551    4.8335452889
   4.0161132353    1.9922041056    4.8335452889
  -3.2995586997    1.2992054124   -5.8337276280
  -4.3758968813    1.1094179506   -5.8337276280
  -5.0784267353    0.2721754732   -5.8337276280
  -2.3530427878    0.7527341959   -6.8720247291
  -3.2995586997    1.2992054124   -6.8720247291
  -4.3758968813    1.1094179506   -6.8720247291
  -5.0784267353    0.2721754732   -6.8720247291
  -2.5895301837   -0.2742957433   -7.7120247291
  -3.2718615458    0.6648528072   -7.7120247291
  -4.3758968813    0.3061299814   -7.7120247291
  -3.5770094076   -0.2742957433   -8.0328761785
   2.7521679227    2.9263535076    3.9997721281
   1.6943040176    4.1930601208    1.9693463622
   0.6529830437    4.1930601208    1.9693463622
  -1.1384119986    2.8820438418    2.8289859945
  -1.4728810178    1.8526540478    2.8289859945
  -0.4959783099    3.8945785385    1.9308157304
  -1.3562051040    3.3008068546    1.9308157304
  -1.8419586418    2.3752808147    1.9308157304
  -1.8419586418    1.3300272809    1.9308157304
  -1.3562051040    0.4045012411    1.9308157304
   0.5416541488    4.0205699295    0.9339219463
  -0.4959783099    3.8945785385    0.9339219463
  -1.3562051040    3.3008068546    0.9339219463
  -1.8419586418    2.3752808147    0.9339219463
   1.6103660618    2.4173400957    5.6961838641
   0.7347148015    1.7811422154    5.6961838641
   3.3921099807    2.5490162918    4.7980136000
   2.4147809489    2.9196683031    4.7980136000
   4.3353868263    0.7517524214    3.8011198159
   4.0852412825    1.7666327872    3.8011198159
   3.3921099807    2.5490162918    3.8011198159
   3.9028508238    0.7517524214    2.9029495518
   3.5683818046   -0.2776373726    2.9029495518
   0.5007853725   -1.0248197130   -1.5506483612
   1.4781144043   -0.6541677017   -1.5506483612
   2.1712457062    0.1282158029   -1.5506483612
   2.4213912500    1.1430961687   -2.5475421453
   2.1712457062    2.1579765344   -2.5475421453
   1.4781144043    2.9403600390   -2.5475421453
   0.5007853725    3.3110120503   -2.5475421453
   1.4781144043   -0.6541677017   -2.5475421453
   2.1712457062    0.1282158029   -2.5475421453
   1.9888552474    1.1430961687   -3.4457124094
   1.6543862283    2.1724859626   -3.4457124094
   1.6543862283    0.1137063747   -3.4457124094
  -0.1392763931    3.3518444549   -2.5833618909
  -0.1392763931    3.3518444549   -3.6514623739
   1.4481743936    0.0554689304   -3.6514623739
  -2.1101595126    2.0079220117    0.6896318080
  -2.6495981482    1.4792802936   -1.3407939579
   0.9406157634   -1.3715321488    6.9047583558
   1.4265655512   -2.2132218712    6.9047583558
   0.1612128183   -1.3715321488    6.2832052479
   0.4956818374   -2.4009219428    6.2832052479
   1.3713330978   -3.0371198231    6.2832052479
  -0.2078648058   -0.8489053819    5.3850349838
  -0.2078648058   -1.8941589157    5.3850349838
   0.2778887320   -2.8196849555    5.3850349838
   1.1381155261   -3.4134566395    5.3850349838
   2.1757479848   -3.5394480305    5.3850349838
   3.1530770166   -3.1687960192    5.3850349838
  -0.2078648058   -1.8941589157    4.3881411996
   0.2778887320   -2.8196849555    4.3881411996
   1.1381155261   -3.4134566395    4.3881411996
   2.1757479848   -3.5394480305    4.3881411996
   3.1530770166   -3.1687960192    4.3881411996
   3.8462083185   -2.3864125146    4.3881411996
   0.4956818374   -2.4009219428    3.4899709355
   1.3713330978   -3.0371198231    3.4899709355
   2.4536975802   -3.0371198231    3.4899709355
   3.3293488405   -2.4009219428    3.4899709355
   1.4265655512   -2.2132218712    2.8684178276
   2.3984651268   -2.2132218712    2.8684178276
  -3.4920306718    0.7202009107   -2.9941589951
  -3.7098237772    1.1389639234   -3.8923292592
  -2.8495969831    1.7327356074   -4.8892230434
  -3.7098237772    1.1389639234   -4.8892230434
  -0.3238946495   -0.3091888833   -5.7873933075
  -0.6583636687    0.7202009107   -5.7873933075
  -1.5340149291    1.3563987911   -5.7873933075
  -2.6163794114    1.3563987911   -5.7873933075
  -1.1032975946   -0.3091888833   -6.4089464154
  -1.5892473824    0.5325008391   -6.4089464154
  -5.3102447220   -2.2685118066   -4.2171640619
  -6.0693121017   -1.7398700884   -4.8831138204
  -6.0693121017   -2.7971535248   -4.8831138204
  -6.3770350217   -1.2532989236   -5.8454391033
  -6.6087507374   -2.2685118066   -5.8454391033
  -6.3770350217   -3.2837246896   -5.8454391033
  -5.7277820141   -0.4391614029   -6.9135395863
  -5.7277820141   -4.0978622103   -6.9135395863
  -2.8100654823   -4.0978622103   -6.9135395863
  -2.1608124746   -3.2837246896   -6.9135395863
  -2.3925281902   -2.2685118066   -7.8758648693
  -4.5359626785   -4.1258083633   -7.8758648693
  -3.4894408631   -3.9753412420   -7.8758648693
  -2.6903993561   -3.2829678349   -7.8758648693
  -3.2276027743   -2.2685118066   -8.5418146278
  -3.7482632612   -3.1703222235   -8.5418146278
  -0.4303066870   -2.0415077914   -1.7685230231
  -3.3179008457    0.6805345270   -2.7308483061
   1.1700123754    1.1151311982    6.5617008640
   0.5984017941    0.2256877722    6.5617008640
   0.2906788740    0.7122589370    5.5993755810
   0.0589631584   -0.3029539460    5.5993755810
   4.5069014212   -1.3181668290    4.5312750980
   4.2751857055   -0.3029539460    3.5689498151
   3.9773145397   -1.3174099743    3.5689498151
   3.2047021679    0.0166501528    9.1913597329
   2.6840416809   -0.8851602641    9.1913597329
   3.2047021679   -1.7869706809    9.1913597329
   3.4583237245    0.9721362926    8.5254099744
   2.4965848826    0.5329248802    8.5254099744
   1.9249743013   -0.3565185459    8.5254099744
   1.9249743013   -1.4138019822    8.5254099744
   4.5048455399   -2.5919896995    8.5254099744
   1.3855356656   -0.8851602641    7.5630846914
   5.1842209207   -2.7145106678    7.5630846914
   6.0651896441   -0.8851602641    6.4949842084
   5.8334739284    0.1300526189    6.4949842084
   5.1842209207   -2.7145106678    6.4949842084
   5.8334739284   -1.9003731470    6.4949842084
   5.6017582127   -0.8851602641    5.5326589255
   4.5048455399   -2.5919896995    5.5326589255
   5.3038870469   -1.8996162924    5.5326589255
   2.8301911368    0.9363398615    8.3180636972
   2.1220738515    1.4526145889    7.6521139387
   1.5504632702    0.5631711628    7.6521139387
   1.8919933578    1.8638798483    6.6897886557
   1.2427403501    1.0497423276    6.6897886557
   5.6906786130    0.0345294446    5.6216881728
   5.2272471816    0.0345294446    4.6593628898
   4.9293760158    1.0489854729    4.6593628898
   4.9293760158   -0.9799265837    4.6593628898
  -4.4986102472   -0.9081768931   -3.2109615470
  -0.5901106200   -2.4520314942   -5.2413873130
  -0.8218263357   -1.4368186112   -6.2037125959
  -1.9187390085   -3.1436480467   -6.2037125959
  -1.1196975015   -2.4512746396   -6.2037125959
  -4.7903993560    0.1606325123   -4.4074920329
  -5.3620099373   -0.7288109138   -4.4074920329
  -5.0204798497    0.5718977718   -5.3698173159
  -5.6697328573   -0.2422397490   -5.3698173159
  -5.6697328573   -0.2422397490   -6.4379177988
  -1.6852260258   -1.2574526320   -7.4002430818
  -1.9830971917   -2.2719086603   -7.4002430818
  -2.5203006099   -1.2574526320   -8.0661928403
  -2.5705415860   -2.4493241974   -1.8600483027
  -3.5424411617   -2.4493241974   -2.0818780386
  -3.0564913738   -3.2910139198   -2.0818780386
  -2.0845917982   -3.2910139198   -2.0818780386
  -4.3218441068   -2.4493241974   -2.7034311465
  -3.9873750876   -3.4787139913   -2.7034311465
  -3.1117238272   -4.1149118717   -2.7034311465
  -2.0293593448   -4.1149118717   -2.7034311465
  -1.1537080845   -3.4787139913   -2.7034311465
  -4.6909217308   -2.9719509643   -3.6016014106
  -4.2051681930   -3.8974770041   -3.6016014106
  -3.3449413989   -4.4912486880   -3.6016014106
  -2.3073089402   -4.6172400790   -3.6016014106
  -1.3299799084   -4.2465880677   -3.6016014106
  -0.6368486065   -3.4642045631   -3.6016014106
  -3.3449413989   -4.4912486880   -4.5984951947
  -2.3073089402   -4.6172400790   -4.5984951947
  -1.3299799084   -4.2465880677   -4.5984951947
  -0.6368486065   -3.4642045631   -4.5984951947
  -2.0293593448   -4.1149118717   -5.4966654588
  -1.1537080845   -3.4787139913   -5.4966654588
  -2.0845917982   -3.2910139198   -6.1182185668
   3.8329995593    2.2179836375    3.1322306823
   3.5154389810    3.1953346016    3.1322306823
   2.6840545933    3.7993707163    3.1322306823
   4.0902307840    2.2179836375    2.1722306823
   3.8329995593    3.1779836375    2.1722306823
   3.1302307840    3.8807524128    2.1722306823
   2.1702307840    4.1379836375    2.1722306823
   3.8329995593    1.2579836375    2.1722306823
   3.8329995593    2.2179836375    1.2122306823
   3.5154389810    3.1953346016    1.2122306823
   2.6840545933    3.7993707163    1.2122306823
   3.5154389810    1.2406326735    1.2122306823
   0.8066802619    2.6685292040    5.1158606834
   1.2866802619    3.4999135916    4.8586294587
   0.3266802619    3.4999135916    4.8586294587
  -0.1533197381    2.6685292040    4.8586294587
   2.1518884588    3.6458801680    4.1558606834
   1.3205040712    4.2499162828    4.1558606834
   0.2928564526    4.2499162828    4.1558606834
  -0.5385279350    3.6458801680    4.1558606834
  -0.8560885134    2.6685292040    4.1558606834
   1.7666802619    4.3312979792    3.1958606834
   0.8066802619    4.5885292040    3.1958606834
  -0.1533197381    4.3312979792    3.1958606834
  -0.8560885134    3.6285292040    3.1958606834
  -1.1133197381    2.6685292040    3.1958606834
   0.2928564526    4.2499162828    2.2358606834
   3.5370287886   -0.2145370371    2.5616155351
   0.6570287886   -1.8773058123    2.5616155351
   1.6170287886   -2.1345370371    2.5616155351
   2.5770287886   -1.8773058123    2.5616155351
   3.2797975638   -1.1745370371    2.5616155351
   3.2797975638   -0.2145370371    1.6016155351
   0.2718205917   -1.1918880011    1.6016155351
   1.1032049793   -1.7959241159    1.6016155351
   2.1308525978   -1.7959241159    1.6016155351
   2.9622369855   -1.1918880011    1.6016155351
  -0.2079786553    1.1119283499    5.2505122132
  -0.6879786553    0.2805439623    5.2505122132
  -0.2079786553   -0.5508404254    5.2505122132
  -1.0731868522    1.2578949263    4.5477434379
  -1.3907474305    0.2805439623    4.5477434379
  -1.0731868522   -0.6968070018    4.5477434379
  -1.3907474305    1.2405439623    3.5877434379
  -1.6479786553    0.2805439623    3.5877434379
  -1.3907474305   -0.6794560377    3.5877434379
  -0.6879786553   -1.3822248130    3.5877434379
  -1.3907474305    0.2805439623    2.6277434379
  -1.0731868522   -0.6968070018    2.6277434379
  -0.2418024645   -1.3008431166    2.6277434379
   2.9504332899    0.5017659786    1.1888570779
   3.2076645146    0.5017659786    0.2288570779
   0.3276645146   -1.1610027967    0.2288570779
   1.2876645146   -1.4182340214    0.2288570779
   2.2476645146   -1.1610027967    0.2288570779
   2.9504332899   -0.4582340214    0.2288570779
   2.9504332899    0.5017659786   -0.7311429221
   0.7738407053   -1.0796211002   -0.7311429221
   1.8014883239   -1.0796211002   -0.7311429221
   2.6328727115   -0.4755849855   -0.7311429221
   2.0968242923    3.7915637795    0.8388310743
   3.5030004831    2.2101767007   -0.1211689257
   3.2457692583    3.1701767007   -0.1211689257
   2.5430004831    3.8729454760   -0.1211689257
   1.5830004831    4.1301767007   -0.1211689257
   0.6230004831    3.8729454760   -0.1211689257
   3.2457692583    1.2501767007   -0.1211689257
   3.2457692583    2.2101767007   -1.0811689257
   2.9282086800    3.1875276648   -1.0811689257
   2.0968242923    3.7915637795   -1.0811689257
   1.0691766738    3.7915637795   -1.0811689257
   2.9282086800    1.2328257366   -1.0811689257
   2.5430004831    2.2101767007   -1.7839377010
   2.0630004831    3.0415610884   -1.7839377010
   1.8040038764    1.3418632627   -4.0214305288
   1.5467726516    2.3018632627   -4.0214305288
   0.8440038764    3.0046320379   -4.0214305288
  -0.1159961236    3.2618632627   -4.0214305288
   1.5467726516    0.3818632627   -4.0214305288
   1.5467726516    1.3418632627   -4.9814305288
   1.2292120733    2.3192142267   -4.9814305288
   0.3978276857    2.9232503415   -4.9814305288
  -0.6298199329    2.9232503415   -4.9814305288
   1.2292120733    0.3645122986   -4.9814305288
   0.8440038764    1.3418632627   -5.6841993041
   0.3640038764    2.1732476503   -5.6841993041
  -0.5959961236    2.1732476503   -5.6841993041
  -1.0759961236    1.3418632627   -5.6841993041
   0.3640038764    0.5104788750   -5.6841993041
  -0.1159961236    1.3418632627   -5.9414305288
  -1.9949980597    3.3643463870   -2.0358560724
  -2.8263824473    2.7603102723   -2.0358560724
  -3.1439430257    1.7829593082   -2.0358560724
  -1.4811742504    3.7029593082   -2.9958560724
  -2.4411742504    3.4457280835   -2.9958560724
  -3.1439430257    2.7429593082   -2.9958560724
  -3.4011742504    1.7829593082   -2.9958560724
  -0.9673504412    3.3643463870   -3.9558560724
  -1.9949980597    3.3643463870   -3.9558560724
  -2.8263824473    2.7603102723   -3.9558560724
  -3.1439430257    1.7829593082   -3.9558560724
  -1.9611742504    2.6143436958   -4.6586248477
  -0.2634677763    4.0496274704    0.1180965030
  -1.2911153949    4.0496274704    0.1180965030
  -2.1224997825    3.4455913556    0.1180965030
  -2.4400603609    2.4682403916    0.1180965030
   0.1827084144    4.1310091668   -0.8419034970
  -0.7772915856    4.3882403916   -0.8419034970
  -1.7372915856    4.1310091668   -0.8419034970
  -2.4400603609    3.4282403916   -0.8419034970
  -2.6972915856    2.4682403916   -0.8419034970
  -0.2634677763    4.0496274704   -1.8019034970
  -1.2911153949    4.0496274704   -1.8019034970
  -2.1224997825    3.4455913556   -1.8019034970
  -2.0302483163    0.7600760595    1.1740785345
  -1.5502483163   -0.0713083282    1.1740785345
  -2.4154565132    1.7374270235    0.4713097592
  -2.7330170916    0.7600760595    0.4713097592
  -2.4154565132   -0.2172749046    0.4713097592
  -1.5840721256   -0.8213110194    0.4713097592
  -0.5564245070   -0.8213110194    0.4713097592
  -2.7330170916    1.7200760595   -0.4886902408
  -2.9902483163    0.7600760595   -0.4886902408
  -2.7330170916   -0.1999239405   -0.4886902408
  -2.0302483163   -0.9026927158   -0.4886902408
  -1.0702483163   -1.1599239405   -0.4886902408
  -0.1102483163   -0.9026927158   -0.4886902408
  -2.7330170916    0.7600760595   -1.4486902408
  -5.8618714703   -0.4909810715   -7.2497378085
  -6.5646402456   -1.1937498468   -7.2497378085
  -6.8218714703   -2.1537498468   -7.2497378085
  -6.5646402456   -3.1137498468   -7.2497378085
  -4.3880476610   -0.5723627679   -8.2097378085
  -5.4156952796   -0.5723627679   -8.2097378085
  -6.2470796672   -1.1763988827   -8.2097378085
  -6.5646402456   -2.1537498468   -8.2097378085
  -6.2470796672   -3.1311008108   -8.2097378085
  -5.4156952796   -3.7351369256   -8.2097378085
  -3.9418714703   -2.1537498468   -8.9125065838
  -4.4218714703   -1.3223654591   -8.9125065838
  -5.3818714703   -1.3223654591   -8.9125065838
  -5.8618714703   -2.1537498468   -8.9125065838
  -5.3818714703   -2.9851342344   -8.9125065838
  -4.4218714703   -2.9851342344   -8.9125065838
  -4.9018714703   -2.1537498468   -9.1697378085
  -5.1887423081   -3.2396344113   -4.2413134539
  -4.7087423081   -4.0710187989   -4.2413134539
  -5.5739505050   -4.2169853753   -4.9440822292
  -4.7425661173   -4.8210214901   -4.9440822292
  -3.7149184988   -4.8210214901   -4.9440822292
  -5.8915110833   -4.1996344113   -5.9040822292
  -5.1887423081   -4.9024031865   -5.9040822292
  -4.2287423081   -5.1596344113   -5.9040822292
  -3.2687423081   -4.9024031865   -5.9040822292
  -2.5659735328   -4.1996344113   -5.9040822292
  -4.7425661173   -4.8210214901   -6.8640822292
  -3.7149184988   -4.8210214901   -6.8640822292
  -2.8835341112   -4.2169853753   -6.8640822292
  -2.7257485998   -0.6499805552   -0.7210178876
  -2.2457485998   -1.4813649428   -0.7210178876
  -1.2857485998   -1.4813649428   -0.7210178876
  -3.1109567967    0.3273704089   -1.4237866629
  -3.4285173751   -0.6499805552   -1.4237866629
  -3.1109567967   -1.6273315192   -1.4237866629
  -2.2795724091   -2.2313676340   -1.4237866629
  -1.2519247906   -2.2313676340   -1.4237866629
  -3.4285173751    0.3100194448   -2.3837866629
  -3.6857485998   -0.6499805552   -2.3837866629
   0.0760558872   -1.8789121275   -1.7672177225
   1.2588246624   -1.0475277399   -2.4699864978
  -0.9177679221   -2.6289148187   -2.4699864978
   0.1098796964   -2.6289148187   -2.4699864978
   0.9412640841   -2.0248787039   -2.4699864978
   1.5160558872   -1.0475277399   -3.4299864978
  -0.4039441128   -2.9675277399   -3.4299864978
   0.5560558872   -2.7102965151   -3.4299864978
   1.2588246624   -2.0075277399   -3.4299864978
   1.2588246624   -1.0475277399   -4.3899864978
   0.1098796964   -2.6289148187   -4.3899864978
   0.9412640841   -2.0248787039   -4.3899864978
   0.5560558872   -1.0475277399   -5.0927552731
   0.0760558872   -1.8789121275   -5.0927552731
   4.4174892768   -0.6548958791    9.7484495594
   5.3774892768   -0.6548958791    9.4912183346
   4.8974892768    0.1764885085    9.4912183346
   3.9374892768    0.1764885085    9.4912183346
   3.4574892768   -0.6548958791    9.4912183346
   3.9374892768   -1.4862802668    9.4912183346
   4.8974892768   -1.4862802668    9.4912183346
   6.0802580521   -0.6548958791    8.7884495594
   5.7626974737    0.3224550849    8.7884495594
   4.9313130861    0.9264911997    8.7884495594
   3.9036654675    0.9264911997    8.7884495594
   4.9313130861   -2.2362829579    8.7884495594
   5.7626974737   -1.6322468432    8.7884495594
   6.3374892768   -0.6548958791    7.8284495594
   6.0802580521    0.3051041209    7.8284495594
   5.3774892768    1.0078728961    7.8284495594
   6.0802580521   -1.6148958791    7.8284495594
   2.8639591246   -2.7268296098    8.6242659101
   3.8239591246   -2.7268296098    8.6242659101
   1.6811903494   -1.8954452222    7.9214971348
   1.9987509277   -2.8727961863    7.9214971348
   2.8301353154   -3.4768323010    7.9214971348
   3.8577829339   -3.4768323010    7.9214971348
   1.6811903494   -2.8554452222    6.9614971348
   2.3839591246   -3.5582139975    6.9614971348
   3.3439591246   -3.8154452222    6.9614971348
   4.3039591246   -3.5582139975    6.9614971348
   2.8301353154   -3.4768323010    6.0014971348
   3.8577829339   -3.4768323010    6.0014971348
   4.6891673215   -2.8727961863    6.0014971348
   3.8239591246   -2.7268296098    5.2987283595
   4.1909653736    1.8844399427    7.8554626148
   3.2309653736    1.8844399427    7.8554626148
   5.3737341488    1.0530555551    7.1526938395
   5.0561735705    2.0304065191    7.1526938395
   4.2247891828    2.6344426339    7.1526938395
   3.1971415643    2.6344426339    7.1526938395
   2.3657571767    2.0304065191    7.1526938395
   5.6309653736    1.0530555551    6.1926938395
   5.3737341488    2.0130555551    6.1926938395
   4.6709653736    2.7158243303    6.1926938395
   3.7109653736    2.9730555551    6.1926938395
   2.7509653736    2.7158243303    6.1926938395
   5.3737341488    1.0530555551    5.2326938395
   5.0561735705    2.0304065191    5.2326938395
   4.2247891828    2.6344426339    5.2326938395
   3.1971415643    2.6344426339    5.2326938395
   4.1909653736    1.8844399427    4.5299250642
  -4.0908332169    1.3070913355   -5.3928761785
  -4.9222176045    0.7030552207   -5.3928761785
  -2.6170094076    1.3884730319   -6.3528761785
  -3.5770094076    1.6457042567   -6.3528761785
  -4.5370094076    1.3884730319   -6.3528761785
  -5.2397781829    0.6857042567   -6.3528761785
  -2.2318012107    0.7030552207   -7.3128761785
  -3.0631855983    1.3070913355   -7.3128761785
  -4.0908332169    1.3070913355   -7.3128761785
  -4.9222176045    0.7030552207   -7.3128761785
  -2.6170094076   -0.2742957433   -8.0156449538
  -3.0970094076    0.5570886443   -8.0156449538
  -4.0570094076    0.5570886443   -8.0156449538
  -4.5370094076   -0.2742957433   -8.0156449538
  -3.5770094076   -0.2742957433   -8.2728761785
   2.7289230907    3.8621563615    3.5366418711
  -1.3208312071    1.9118974793    3.5366418711
   2.2068887980    4.4063722171    2.5033966037
   1.7287163790    4.3438305274    1.4701513363
   0.0011208129    2.0182204091    5.1244360010
   3.7458480081    0.5753521571    2.1820024244
  -0.3039062897   -1.3749067251    2.1820024244
  -1.6119862683    2.4077278519    3.0035631391
  -1.6119862683    1.2975802437    3.0035631391
  -0.2682720083    4.2478748214    1.9931215919
  -1.2533796762    3.7734719717    1.9931215919
  -1.9350953343    2.9186275750    1.9931215919
  -2.1783968357    1.8526540478    1.9931215919
  -1.9350953343    0.7866805207    1.9931215919
  -1.2533796762   -0.0681638761    1.9931215919
   0.8251150142    4.2478748214    0.8716160848
  -0.2682720083    4.2478748214    0.8716160848
  -1.2533796762    3.7734719717    0.8716160848
   1.8711574262    2.7019138059    5.8707610087
   0.8613316422    2.2407418228    5.8707610087
   0.2611405318    1.3068262255    5.8707610087
   2.6982418143    3.1469731949    4.8603194616
   4.6083666417    0.7517524214    3.7388139544
   4.3650651403    1.8177259485    3.7388139544
   3.6833494822    2.6725703453    3.7388139544
   4.1217636389    0.7517524214    2.7283724073
   3.8089989147   -0.3134264083    2.7283724073
   0.7842462380   -1.2521246049   -1.4883424997
   1.7693539059   -0.7777217552   -1.4883424997
   2.6943710654    1.1430961687   -2.6098480068
   2.4510695640    2.2090696958   -2.6098480068
   1.7693539059    3.0639140926   -2.6098480068
   0.7842462380    3.5383169422   -2.6098480068
   1.7693539059   -0.7777217552   -2.6098480068
   2.4510695640    0.0771226415   -2.6098480068
   2.2077680625    1.1430961687   -3.6202895540
   1.8950033384    2.2082749984   -3.6202895540
   1.8950033384    0.0779173389   -3.6202895540
   0.3733083874    3.5651565512   -3.1174121324
  -0.1048640316    3.5026148615   -4.1506573998
   1.5875072005   -0.0116302130   -4.1506573998
  -1.9101893374    2.5135500654   -5.0266004416
   0.8191283164   -1.3715321488    7.1570296388
   0.0221075678   -0.8164583447    6.4577823924
   0.0221075678   -1.9266059529    6.4577823924
   0.6222986781   -2.8605215502    6.4577823924
   1.6321244621   -3.3216935333    6.4577823924
  -0.5443029997   -1.3715321488    5.4473408453
  -0.3010014983   -2.4375056759    5.4473408453
   0.3807141598   -3.2923500727    5.4473408453
   1.3658218277   -3.7667529224    5.4473408453
   2.4592088503   -3.7667529224    5.4473408453
  -0.3010014983   -2.4375056759    4.3258353381
   0.3807141598   -3.2923500727    4.3258353381
   1.3658218277   -3.7667529224    4.3258353381
   2.4592088503   -3.7667529224    4.3258353381
   3.4443165182   -3.2923500727    4.3258353381
   4.1260321762   -2.4375056759    4.3258353381
   0.0221075678   -1.9266059529    3.3153937910
   0.6222986781   -2.8605215502    3.3153937910
   1.6321244621   -3.3216935333    3.3153937910
   2.7309723683   -3.1637030560    3.3153937910
   3.5699659507   -2.4367109785    3.3153937910
   2.4592088503   -2.3184330865    2.6161465446
  -3.9656049415    0.2458849208   -2.8195818506
  -3.6069983494    1.6116290406   -3.8300233977
  -4.2887140075    0.7567846438   -3.8300233977
  -2.6218906815    2.0860318903   -4.9515289049
  -3.6069983494    1.6116290406   -4.9515289049
  -0.1049818344   -0.3091888833   -5.9619704520
  -1.2567401409    1.4829820239   -5.9619704520
  -2.3555880471    1.6409725012   -5.9619704520
  -0.9818101477   -0.3091888833   -6.6612176984
  -1.5285036590    0.6377120544   -6.6612176984
  -5.3021690156   -2.2685118066   -3.8850146071
  -6.1007765162   -1.7306313028   -4.4703010356
  -6.1007765162   -2.8063923105   -4.4703010356
  -6.5163678287   -1.1861997802   -5.3462440775
  -6.7633984859   -2.2685118066   -5.3462440775
  -6.5163678287   -3.3508238330   -5.3462440775
  -6.1781120574   -0.3593234974   -6.3794893448
  -6.7633984859   -1.2352665392   -6.3794893448
  -6.9689237482   -2.2685118066   -6.3794893448
  -6.7633984859   -3.3017570740   -6.3794893448
  -6.1781120574   -4.1777001158   -6.3794893448
  -5.8242033082   -4.2187706888   -7.4127346122
  -4.8239965965   -4.7004448547   -7.4127346122
  -3.7138508998   -4.7004448547   -7.4127346122
  -2.7136441882   -4.2187706888   -7.4127346122
  -2.0214796677   -3.3508238330   -7.4127346122
  -2.3597354390   -2.2685118066   -8.2886776540
  -4.5406295736   -4.1582673316   -8.2886776540
  -3.4758182619   -4.0051705778   -8.2886776540
  -2.6628123382   -3.3006969348   -8.2886776540
  -3.2356784808   -2.2685118066   -8.8739640826
  -3.7523011145   -3.1633284565   -8.8739640826
  -0.4166840858   -2.0713371272   -1.3557102384
   0.3963218379   -1.3668634841   -1.3557102384
  -3.4572336526    0.7476336704   -2.2316532802
   0.6993987371   -0.3346783560   -5.1740868568
   0.5669373796    0.2349265578    6.9745136487
   0.5669373796   -0.8408344499    6.9745136487
   0.1513460671    0.7793580803    6.0985706069
  -0.0956845902   -0.3029539460    6.0985706069
   4.6462342281   -1.3852659724    4.0320800721
   4.3079784568   -0.3029539460    3.1561370303
   4.0049015576   -1.3351390742    3.1561370303
   3.2087400211    0.0096563858    9.5235091877
   2.6921173874   -0.8851602641    9.5235091877
   3.2087400211   -1.7799769140    9.5235091877
   3.4536568294    1.0045952610    8.9382227591
   2.4751101974    0.5577079880    8.9382227591
   1.8935098868   -0.3472797602    8.9382227591
   1.8935098868   -1.4230407679    8.9382227591
   2.4751101974   -2.3280285161    8.9382227591
   3.4536568294   -2.7749157891    8.9382227591
   4.5184681411   -2.6218190353    8.9382227591
   1.2308879170   -0.8851602641    8.0622797173
   1.4779185743   -1.9674722904    8.0622797173
   5.2806422148   -2.8354191463    8.0622797173
   6.4253626548   -0.8851602641    7.0290344499
   5.6345509640   -2.7943485733    7.0290344499
   6.2198373926   -1.9184055314    7.0290344499
   6.2198373926   -0.8851602641    5.9957891825
   5.2806422148   -2.8354191463    5.9957891825
   5.9728067353   -1.9674722904    5.9957891825
   4.5184681411   -2.6218190353    5.1198461407
   5.3314740648   -1.9173453922    5.1198461407
   2.1005991663    1.4773976967    8.0649267235
   1.5189988557    0.5724099485    8.0649267235
   1.7955720637    1.9847883269    7.1889836816
   1.1034075432    1.1168414710    7.1889836816
   5.8453263615    0.0345294446    5.1224931469
   5.5982957042    1.1168414710    5.1224931469
   5.2600399329    0.0345294446    4.2465501050
   4.9569630337    1.0667145728    4.2465501050
   4.9569630337   -0.9976556835    4.2465501050
  -4.5300746616   -0.8989381074   -2.7981487623
  -4.9456659741   -0.3545065849   -3.6740918041
  -5.1926966314   -1.4368186112   -3.6740918041
  -0.2037471558   -1.4368186112   -5.7405823388
  -0.4507778131   -2.5191306376   -5.7405823388
  -0.7890335844   -1.4368186112   -6.6165253807
  -1.0921104837   -2.4690037394   -6.6165253807
  -4.8118740412    0.1854156201   -3.9946792481
  -5.3934743517   -0.7195721281   -3.9946792481
  -5.1169011438    0.6928062503   -4.8706222900
  -5.8090656643   -0.1751406056   -4.8706222900
  -6.0560963215   -0.2242073646   -5.9038675574
  -1.0671468460   -1.2574526320   -6.9371128247
  -1.3141775032   -0.1751406056   -6.9371128247
  -1.3141775032   -2.3397646583   -6.9371128247
  -1.6524332745   -1.2574526320   -7.8130558666
  -1.9555101738   -0.2252675038   -7.8130558666
  -1.9555101738   -2.2896377601   -7.8130558666
  -2.5283763164   -1.2574526320   -8.3983422951
  -3.6639286086   -2.4493241974   -1.8296067555
  -3.1172350973   -3.3962251351   -1.8296067555
  -2.0238480747   -3.3962251351   -1.8296067555
  -4.4609493573   -1.8942503933   -2.5288540020
  -4.4609493573   -3.0043980015   -2.5288540020
  -3.8607582469   -3.9383135988   -2.5288540020
  -2.8509324629   -4.3994855819   -2.5288540020
  -1.7520845567   -4.2414951046   -2.5288540020
  -0.9130909743   -3.5145030271   -2.5288540020
  -5.0273599247   -2.4493241974   -3.5392955491
  -4.7840584233   -3.5152977245   -3.5392955491
  -4.1023427652   -4.3701421213   -3.5392955491
  -3.1172350973   -4.8445449709   -3.5392955491
  -2.0238480747   -4.8445449709   -3.5392955491
  -1.0387404068   -4.3701421213   -3.5392955491
  -0.3570247488   -3.5152977245   -3.5392955491
  -3.1172350973   -4.8445449709   -4.6608010562
  -2.0238480747   -4.8445449709   -4.6608010562
  -1.0387404068   -4.3701421213   -4.6608010562
  -0.3570247488   -3.5152977245   -4.6608010562
  -1.7520845567   -4.2414951046   -5.6712426033
  -0.9130909743   -3.5145030271   -5.6712426033
   4.0408456562    2.2179836375    3.2522306823
   3.7438921538    3.2293143912    3.2522306823
   2.9473122855    3.9195547762    3.2522306823
   4.3302307840    2.2179836375    2.1722306823
   4.0828157995    3.2217856891    2.1722306823
   3.3972506370    3.9956287879    2.1722306823
   2.4305900134    4.3622348056    2.1722306823
   4.0828157995    1.2141815859    2.1722306823
   4.0408456562    2.2179836375    1.0922306823
   3.7438921538    3.2293143912    1.0922306823
   2.9473122855    3.9195547762    1.0922306823
   3.7438921538    1.2066528839    1.0922306823
   0.8066802619    2.6685292040    5.3558606834
   1.3466802619    3.6038366400    5.0664755556
   0.2666802619    3.6038366400    5.0664755556
  -0.2733197381    2.6685292040    5.0664755556
   2.3803416317    3.6798599576    4.2758606834
   1.5837617634    4.3701003427    4.2758606834
   0.5404640089    4.5201039139    4.2758606834
  -0.4183119662    4.0822455974    4.2758606834
  -0.9881615643    3.1955423148    4.2758606834
  -0.9881615643    2.1415160932    4.2758606834
   2.0337001148    4.4461743543    3.1958606834
   1.0670394913    4.8127803720    3.1958606834
   0.0407337059    4.6881642882    3.1958606834
  -0.8101029541    4.1008741458    3.1958606834
  -1.2905540637    3.1854510388    3.1958606834
   0.5404640089    4.5201039139    2.1158606834
   3.7770287886   -0.2145370371    2.5616155351
   0.8510822326   -2.2341721213    2.5616155351
   1.8773880179   -2.3587882051    2.5616155351
   2.8440486415   -1.9921821874    2.5616155351
   3.5296138040   -1.2183390887    2.5616155351
   3.4876436607   -0.2145370371    1.4816155351
   0.3920365604   -1.6282534305    1.4816155351
   1.3508125356   -2.0661117471    1.4816155351
   2.3941102900   -1.9161081758    1.4816155351
   3.1906901584   -1.2258677907    1.4816155351
  -0.2679786553    1.2158513983    5.4583583101
  -0.8079786553    0.2805439623    5.4583583101
  -0.9529708834    1.6942603557    4.6677434379
  -1.5228204815    0.8075570731    4.6677434379
  -1.5228204815   -0.2464691485    4.6677434379
  -0.9529708834   -1.1331724312    4.6677434379
  -1.3447618713    1.7128889041    3.5877434379
  -1.8252129809    0.7974657971    3.5877434379
  -1.8252129809   -0.2363778726    3.5877434379
  -1.3447618713   -1.1518009795    3.5877434379
  -0.4939252113   -1.7390911219    3.5877434379
  -1.5228204815   -0.2464691485    2.5077434379
  -0.9529708834   -1.1331724312    2.5077434379
   3.4476645146    0.5017659786    0.2288570779
   0.5217179586   -1.5178691056    0.2288570779
   1.5480237440   -1.6424851895    0.2288570779
   2.5146843676   -1.2758791718    0.2288570779
   3.2002495300   -0.5020360731    0.2288570779
   3.1582793868    0.5017659786   -0.8511429221
   1.0214482616   -1.3498087314   -0.8511429221
   2.0647460161   -1.1998051602   -0.8511429221
   2.8613258844   -0.5095647751   -0.8511429221
   3.7430004831    2.2101767007   -0.1211689257
   3.4955854985    3.2139787523   -0.1211689257
   2.8100203360    3.9878218510   -0.1211689257
   1.8433597124    4.3544278688   -0.1211689257
   0.8170539271    4.2298117849   -0.1211689257
   3.4955854985    1.2063746491   -0.1211689257
   3.4536153552    2.2101767007   -1.2011689257
   3.1566618529    3.2215074544   -1.2011689257
   2.3600819845    3.9117478394   -1.2011689257
   1.3167842301    4.0617514107   -1.2011689257
   3.1566618529    1.1988459471   -1.2011689257
   2.6630004831    2.2101767007   -1.9917837979
   2.1230004831    3.1454841368   -1.9917837979
   2.0440038764    1.3418632627   -4.0214305288
   1.7965888918    2.3456653143   -4.0214305288
   1.1110237293    3.1195084130   -4.0214305288
   0.1443631057    3.4861144307   -4.0214305288
   1.7965888918    0.3380612111   -4.0214305288
   1.7546187486    1.3418632627   -5.1014305288
   1.4576652462    2.3531940163   -5.1014305288
   0.6610853778    3.0434344014   -5.1014305288
  -0.3822123766    3.1934379726   -5.1014305288
   1.4576652462    0.3305325090   -5.1014305288
   0.9640038764    1.3418632627   -5.8920454010
   0.4240038764    2.2771706988   -5.8920454010
  -0.6559961236    2.2771706988   -5.8920454010
   0.4240038764    0.4065558266   -5.8920454010
  -0.1159961236    1.3418632627   -6.1814305288
  -2.7061664785    3.1966757016   -1.9158560724
  -3.2760160766    2.3099724190   -1.9158560724
  -3.2760160766    1.2559461974   -1.9158560724
  -1.2208150211    3.9272104762   -2.9958560724
  -2.2471208064    3.8025943924   -2.9958560724
  -3.0979574665    3.2153042500   -2.9958560724
  -3.5784085761    2.2998811431   -2.9958560724
  -3.5784085761    1.2660374733   -2.9958560724
  -1.7473905034    3.6345340182   -4.0758560724
  -2.7061664785    3.1966757016   -4.0758560724
  -3.2760160766    2.3099724190   -4.0758560724
  -2.0211742504    2.7182667443   -4.8664709446
  -0.0002100842    4.1698115303    0.2380965030
  -1.0435078386    4.3198151015    0.2380965030
  -2.0022838137    3.8819567850    0.2380965030
  -2.5721334118    2.9952535024    0.2380965030
   0.4497282673    4.2458855419   -0.8419034970
  -0.5169323563    4.6124915596   -0.8419034970
  -1.5432381416    4.4878754758   -0.8419034970
  -2.3940748017    3.9005853334   -0.8419034970
  -2.8745259112    2.9851622264   -0.8419034970
  -0.0002100842    4.1698115303   -1.9219034970
  -1.0435078386    4.3198151015   -1.9219034970
  -2.0022838137    3.8819567850   -1.9219034970
  -2.1502483163    0.7600760595    1.3819246314
  -1.6102483163   -0.1752313766    1.3819246314
  -2.8650901425    1.2870891703    0.5913097592
  -2.8650901425    0.2330629487    0.5913097592
  -2.2952405444   -0.6536403340    0.5913097592
  -1.3364645693   -1.0914986505    0.5913097592
  -0.2931668149   -0.9414950793    0.5913097592
  -3.1674826420    1.2769978943   -0.4886902408
  -3.1674826420    0.2431542246   -0.4886902408
  -0.8098890870   -1.3841751086   -0.4886902408
  -6.5186546864   -0.7214049050   -7.2497378085
  -6.9991057960   -1.6368280119   -7.2497378085
  -6.9991057960   -2.6706716816   -7.2497378085
  -6.5186546864   -3.5860947886   -7.2497378085
  -5.1680877233   -0.3021751368   -8.3297378085
  -6.1268636984   -0.7400334533   -8.3297378085
  -6.6967132965   -1.6267367360   -8.3297378085
  -6.6967132965   -2.6807629576   -8.3297378085
  -6.1268636984   -3.5674662402   -8.3297378085
  -5.1680877233   -4.0053245567   -8.3297378085
  -3.8218714703   -2.1537498468   -9.1203526807
  -4.3618714703   -1.2184424107   -9.1203526807
  -5.4418714703   -1.2184424107   -9.1203526807
  -5.9818714703   -2.1537498468   -9.1203526807
  -5.4418714703   -3.0890572828   -9.1203526807
  -4.3618714703   -3.0890572828   -9.1203526807
  -4.9018714703   -2.1537498468   -9.4097378085
  -5.3087423081   -3.2396344113   -4.0334673570
  -4.7687423081   -4.1749418473   -4.0334673570
  -6.0235841343   -3.7666475221   -4.8240822292
  -5.4537345362   -4.6533508047   -4.8240822292
  -4.4949585611   -5.0912091212   -4.8240822292
  -3.4516608066   -4.9412055500   -4.8240822292
  -5.8455255241   -4.6719793531   -5.9040822292
  -4.9946888641   -5.2592694955   -5.9040822292
  -3.9683830787   -5.3838855793   -5.9040822292
  -3.0017224551   -5.0172795616   -5.9040822292
  -2.3161572927   -4.2434364629   -5.9040822292
  -5.4537345362   -4.6533508047   -6.9840822292
  -4.4949585611   -5.0912091212   -6.9840822292
  -3.4516608066   -4.9412055500   -6.9840822292
  -2.8457485998   -0.6499805552   -0.5131717907
  -2.3057485998   -1.5852879913   -0.5131717907
  -1.2257485998   -1.5852879913   -0.5131717907
  -3.5605904260   -0.1229674444   -1.3037866629
  -3.5605904260   -1.1769936660   -1.3037866629
  -2.9907408280   -2.0636969486   -1.3037866629
  -2.0319648528   -2.5015552652   -1.3037866629
  -0.9886670984   -2.3515516939   -1.3037866629
  -3.8629829255   -0.1330587203   -2.3837866629
   0.1360558872   -1.9828351760   -1.5593716256
   1.4666707593   -1.0475277399   -2.3499864978
  -0.6701603659   -2.8991024498   -2.3499864978
   0.3731373886   -2.7490988786   -2.3499864978
   1.1697172569   -2.0588584935   -2.3499864978
   1.7560558872   -1.0475277399   -3.4299864978
  -0.1435848835   -3.1917789079   -3.4299864978
   0.8230757401   -2.8251728902   -3.4299864978
   1.5086409026   -2.0513297915   -3.4299864978
   1.4666707593   -1.0475277399   -4.5099864978
   0.3731373886   -2.7490988786   -4.5099864978
   1.1697172569   -2.0588584935   -4.5099864978
   0.6760558872   -1.0475277399   -5.3006013700
   0.1360558872   -1.9828351760   -5.3006013700
   4.4174892768   -0.6548958791    9.9884495594
   5.4974892768   -0.6548958791    9.6990644316
   4.9574892768    0.2804115570    9.6990644316
   3.8774892768    0.2804115570    9.6990644316
   3.3374892768   -0.6548958791    9.6990644316
   3.8774892768   -1.5902033152    9.6990644316
   4.9574892768   -1.5902033152    9.6990644316
   6.2881041490   -0.6548958791    8.9084495594
   5.9911506466    0.3564348745    8.9084495594
   5.1945707782    1.0466752596    8.9084495594
   4.1512730238    1.1966788309    8.9084495594
   5.1945707782   -2.3564670178    8.9084495594
   5.9911506466   -1.6662266328    8.9084495594
   6.5774892768   -0.6548958791    7.8284495594
   6.3300742922    0.3489061725    7.8284495594
   5.6445091297    1.1227492712    7.8284495594
   6.3300742922   -1.6586979307    7.8284495594
   2.8039591246   -2.8307526583    8.8321120070
   1.5491172984   -2.4224583330    8.0414971348
   2.1189668965   -3.3091616156    8.0414971348
   3.0777428716   -3.7470199322    8.0414971348
   4.1210406261   -3.5970163609    8.0414971348
   1.7271759086   -3.3277901640    6.9614971348
   2.5780125686   -3.9150803064    6.9614971348
   3.6043183540   -4.0396963902    6.9614971348
   4.5709789776   -3.6730903725    6.9614971348
   3.0777428716   -3.7470199322    5.8814971348
   4.1210406261   -3.5970163609    5.8814971348
   4.2509653736    1.9883629911    8.0633087117
   3.1709653736    1.9883629911    8.0633087117
   5.2846267433    2.0643863087    7.2726938395
   4.4880468750    2.7546266938    7.2726938395
   3.4447491206    2.9046302650    7.2726938395
   2.4859731454    2.4667719485    7.2726938395
   5.8709653736    1.0530555551    6.1926938395
   5.6235503890    2.0568576067    6.1926938395
   4.9379852265    2.8307007054    6.1926938395
   3.9713246029    3.1973067231    6.1926938395
   2.9450188175    3.0726906393    6.1926938395
   2.0941821575    2.4854004969    6.1926938395
   5.2846267433    2.0643863087    5.1126938395
   4.4880468750    2.7546266938    5.1126938395
   3.4447491206    2.9046302650    5.1126938395
  -3.8432256606    1.5772789666   -5.2728761785
  -4.8020016357    1.1394206501   -5.2728761785
  -2.3499895546    1.5033494070   -6.3528761785
  -3.3166501782    1.8699554247   -6.3528761785
  -4.3429559636    1.7453393409   -6.3528761785
  -5.1937926236    1.1580491985   -6.3528761785
  -2.0033480378    0.7370350103   -7.4328761785
  -2.7999279061    1.4272753954   -7.4328761785
  -3.8432256606    1.5772789666   -7.4328761785
  -4.8020016357    1.1394206501   -7.4328761785
  -5.3718512338    0.2527173675   -7.4328761785
  -2.4970094076   -0.2742957433   -8.2234910507
  -3.0370094076    0.6610116928   -8.2234910507
  -4.1170094076    0.6610116928   -8.2234910507
  -3.5770094076   -0.2742957433   -8.5128761785
   2.9120958413    3.8426443719    4.0033966037
   2.4905432964    4.5565887279    3.0243411367
   1.4462433179    4.8537176895    1.9824520707
   0.3651272276    4.7535375306    1.9824520707
   1.9764932326    4.3828147899    1.0033966037
  -0.8505145373   -0.9517587243    1.7152476918
  -1.7014774844    1.8526540478    3.4122678257
  -1.0150098426    4.0929428544    2.5038824490
  -1.8143943762    3.3731737873    2.5038824490
  -2.2519120317    2.3904930438    2.5038824490
  -2.2519120317    1.3148150518    2.5038824490
  -0.4878348693    4.5457658487    1.4323688384
  -1.4089554789    4.0871022842    1.4323688384
  -2.1021864771    3.3266641039    1.4323688384
  -2.4739031762    2.3671526977    1.4323688384
  -2.4739031762    1.3381553979    1.4323688384
   0.0080207212    4.4253456344    0.3608552278
   1.1615988094    2.4663952413    6.2794656953
   0.4369054831    1.7417019150    6.2794656953
   2.9509328367    3.2120050405    5.3710803186
   1.8811475213    3.3244440079    5.3710803186
   4.2207732713    2.6381002236    4.2995667080
   3.3996156992    3.2582096372    4.2995667080
   4.7384109941    0.7517524214    3.2280530974
   4.5147649640    1.8039242684    3.2280530974
   4.1314472904    0.7517524214    2.3196677207
   3.1947814436    0.4340407501   -1.3046935851
   3.0375527267    1.1430961687   -2.0490952533
   1.4856201229    3.6495533845   -2.0490952533
   2.3067776949   -0.7432516336   -2.0490952533
   2.8484749690    0.1316195033   -2.0490952533
   2.8244154177    1.1430961687   -3.1206088639
   2.6007693876    2.1952680157   -3.1206088639
   1.9685017277    3.0655097917   -3.1206088639
   1.0369372603    3.6033487877   -3.1206088639
   1.9685017277   -0.7793174544   -3.1206088639
   2.6007693876    0.0909243216   -3.1206088639
   1.5234082537    3.0610638925   -3.6383566654
   0.6569628857    3.7153730620   -3.6383566654
  -0.3873370927    4.0125020236   -3.6383566654
  -0.9315097938    3.6545254914   -4.6174121324
  -1.9227459776    2.5280412006   -5.4155454617
  -2.8510731717    2.0194507115    0.6932562836
  -3.2138897477    2.0221541428   -0.2857991834
  -0.0371713717   -1.4625399167   -0.2857991834
  -3.2138897477    2.0221541428   -1.3276882494
   0.4930785430    3.9501976042   -2.3067437164
  -0.0673836483   -1.3715321488    6.8664870790
   0.1978725190   -2.3614816425    6.8664870790
   0.9225658453   -3.0861749687    6.8664870790
  -0.6178181957   -0.8336931528    5.9581017023
  -0.6178181957   -1.9093711448    5.9581017023
  -0.1803005402   -2.8920518883    5.9581017023
   0.6190839935   -3.6118209553    5.9581017023
   1.6421145572   -3.9442237353    5.9581017023
  -0.8398093401   -1.8860307987    4.8865880917
  -0.4680926411   -2.8455422049    4.8865880917
   0.2251383571   -3.6059803852    4.8865880917
   1.1462589668   -4.0646439497    4.8865880917
   2.1708667455   -4.1595878424    4.8865880917
   3.1605827352   -3.8779893646    4.8865880917
   3.9817403072   -3.2578799510    4.8865880917
  -0.1803005402   -2.8920518883    3.8150744811
   0.6190839935   -3.6118209553    3.8150744811
   1.6421145572   -3.9442237353    3.8150744811
   2.7118998726   -3.8317847679    3.8150744811
   3.6434643400   -3.2939457719    3.8150744811
   4.2757319999   -2.4237039958    3.8150744811
   0.1978725190   -2.3614816425    2.9066891044
   0.9225658453   -3.0861749687    2.9066891044
   1.9125153390   -3.3514311361    2.9066891044
   2.9024648326   -3.0861749687    2.9066891044
   3.6271581589   -2.3614816425    2.9066891044
  -4.1680130494    1.2113308562   -3.3192625407
  -3.7625741521    1.9252593531   -4.3907761513
  -2.3455979520    2.2635027033   -5.4622897619
  -0.0952981829   -0.3091888833   -6.3706751386
  -0.3605543503    0.6807606104   -6.3706751386
  -1.0852476766    1.4054539367   -6.3706751386
  -2.0751971702    1.6707101040   -6.3706751386
  -6.1191743332   -1.7252292163   -4.0813560155
  -6.1191743332   -2.8117943970   -4.0813560155
  -6.3708115558   -0.7414009252   -4.8794893448
  -6.8102257608   -1.7283413886   -4.8794893448
  -6.8102257608   -2.8086822246   -4.8794893448
  -6.3708115558   -3.7956226880   -4.8794893448
  -6.7808250292   -0.7132083803   -5.8585448118
  -7.1730423369   -1.7256379573   -5.8585448118
  -7.1730423369   -2.8113856559   -5.8585448118
  -6.7808250292   -3.8238152329   -5.8585448118
  -6.7808250292   -3.8238152329   -6.9004338778
  -6.0493615346   -4.6261924640   -6.9004338778
  -2.0855786145   -4.2588938857   -6.9004338778
  -1.5140061052   -3.3357725873   -6.9004338778
  -5.5679618538   -4.5185118066   -7.8794893448
  -4.5404966620   -4.8523554846   -7.8794893448
  -3.4660740462   -4.7394291172   -7.8794893448
  -2.5304714375   -4.1992586993   -7.8794893448
  -1.8954630267   -3.3252446033   -7.8794893448
  -2.3405609191   -2.2685118066   -8.6776226742
  -4.5433583923   -4.1772466825   -8.6776226742
  -3.4678528785   -4.0226123346   -8.6776226742
  -2.6466817056   -3.3110634629   -8.6776226742
  -3.2428633182   -2.2685118066   -9.1985672072
  -3.7558935332   -3.1571062048   -9.1985672072
  -0.4087187024   -2.0887788839   -0.9667652183
  -0.4069398701   -2.8055956666   -1.7648985476
   0.7185732570   -0.3346783560   -5.5630318770
   0.5485395625    0.2403286443    7.3634586689
   0.5485395625   -0.8462365364    7.3634586689
   0.2969023399    1.2241569353    6.5653253395
  -0.1425118651    0.2372164720    6.5653253395
   4.9968663590   -0.3029539460    3.5653253395
   4.7722508691   -1.3596867427    3.5653253395
   4.3271529767   -0.3029539460    2.7671920102
   4.0210321901   -1.3455056023    2.7671920102
   3.2123324398    0.0034341341    9.8481123123
   2.6993022248   -0.8851602641    9.8481123123
   3.2123324398   -1.7737546622    9.8481123123
   3.4509280107    1.0235746119    9.3271677793
   2.4625535573    0.5721991232    9.3271677793
   1.8751120698   -0.3418776737    9.3271677793
   1.8751120698   -1.4284428544    9.3271677793
   2.4625535573   -2.3425196513    9.3271677793
   3.4509280107   -2.7938951400    9.3271677793
   4.5264335245   -2.6392607920    9.3271677793
   1.1840606422   -0.3449898461    8.5290344499
   1.1840606422   -1.4253306820    8.5290344499
   4.5282123568   -3.3560775747    8.5290344499
   5.4638149655   -2.8159071567    8.5290344499
   0.8212440661   -1.4280341133    7.5499789829
   5.0422624206   -3.5298515127    7.5499789829
   5.9087077885   -2.8755423432    7.5499789829
   6.4802802978   -1.9524210448    7.5499789829
   6.6797859139   -0.8851602641    6.5080899169
   6.4802802978    0.1821005167    6.5080899169
   5.0422624206   -3.5298515127    6.5080899169
   5.9087077885   -2.8755423432    6.5080899169
   6.4802802978   -1.9524210448    6.5080899169
   6.3234388662   -0.8851602641    5.5290344499
   5.4638149655   -2.8159071567    5.5290344499
   6.0988233763   -1.9418930607    5.5290344499
   4.5264335245   -2.6392607920    4.7309011206
   5.3476046973   -1.9277119203    4.7309011206
   4.1519224934    1.7886299726    8.4538717436
   3.0764169796    1.9432643206    8.4538717436
   2.0880425262    1.4918888319    8.4538717436
   1.5006010387    0.5778120350    8.4538717436
   2.0518135180    2.2845294446    7.6557384143
   1.2489638161    1.5616403260    7.6557384143
   0.8095496111    0.5746998626    7.6557384143
   0.8095496111   -0.5056409733    7.6557384143
   6.1057692667    1.1017902254    6.6766829473
   1.5704138373    2.3922101020    6.6766829473
   6.3052748828    0.0345294446    5.6347938813
   6.1057692667    1.1017902254    5.6347938813
   5.9489278351    0.0345294446    4.6557384143
   5.7243123452    1.0912622413    4.6557384143
   5.7243123452   -1.0222033520    4.6557384143
   5.2792144528    0.0345294446    3.8576050849
   4.9730936662    1.0770811009    3.8576050849
  -4.5484724787   -0.8935360209   -2.4092037421
  -4.8001097013    0.0902922701   -3.2073370715
  -5.2395239063   -0.8966481933   -3.2073370715
  -5.2395239063   -1.9769890292   -3.2073370715
  -0.1001456823   -1.4368186112   -6.2073370715
  -0.9597695830   -3.3675655039   -6.2073370715
  -0.3247611721   -2.4935514079   -6.2073370715
  -0.7698590646   -1.4368186112   -7.0054704008
  -5.4118721688   -0.7141700416   -3.6057342280
  -4.8606596894    0.9925473680   -4.4038675574
  -5.6635093914    0.2696582494   -4.4038675574
  -6.1029235964   -0.7172822140   -4.4038675574
  -5.3420593702    1.1002280254   -5.3829230244
  -6.0735228648    0.2978507944   -5.3829230244
  -6.0735228648    0.2978507944   -6.4248120904
  -0.9635453724   -1.2574526320   -7.4038675574
  -1.1881608623   -0.2007198353   -7.4038675574
  -1.1881608623   -2.3141854286   -7.4038675574
  -1.6332587547   -1.2574526320   -8.2020008867
  -1.9393795412   -0.2149009757   -8.2020008867
  -2.5355611538   -1.2574526320   -8.7229454197
  -3.0485913688   -0.3688582338   -8.7229454197
  -4.0746517987   -0.3688582338   -8.7229454197
  -3.6420551967   -2.4493241974   -1.5131856116
  -3.1062983913   -3.3772822047   -1.5131856116
  -2.0347847807   -3.3772822047   -1.5131856116
  -4.2851844060   -1.4593747037   -2.1201493153
  -4.5504405734   -2.4493241974   -2.1201493153
  -4.2851844060   -3.4392736910   -2.1201493153
  -3.5604910797   -4.1639670173   -2.1201493153
  -2.5705415860   -4.4292231847   -2.1201493153
  -1.5805920924   -4.1639670173   -2.1201493153
  -0.8558987661   -3.4392736910   -2.1201493153
  -5.1008751207   -2.9871631934   -3.0285346920
  -4.6633574652   -3.9698439369   -3.0285346920
  -3.8639729315   -4.6896130039   -3.0285346920
  -2.8409423678   -5.0220157839   -3.0285346920
  -1.7711570524   -4.9095768164   -3.0285346920
  -0.8395925850   -4.3717378204   -3.0285346920
  -0.2073249251   -3.5014960444   -3.0285346920
  -3.3367979582   -5.1424359982   -4.1000483027
  -2.3121901795   -5.2373798910   -4.1000483027
  -1.3224741899   -4.9557814132   -4.1000483027
  -0.5013166178   -4.3356719996   -4.1000483027
   0.0403806563   -3.4608008627   -4.1000483027
  -1.7711570524   -4.9095768164   -5.1715619133
  -0.8395925850   -4.3717378204   -5.1715619133
  -0.2073249251   -3.5014960444   -5.1715619133
  -1.5805920924   -4.1639670173   -6.0799472900
  -0.8558987661   -3.4392736910   -6.0799472900
   3.7487551761    3.2324396658    3.6686062068
   4.5100577733    2.2179836375    2.7062809238
   4.2783420576    3.2331965205    2.7062809238
   3.6290890499    4.0473340412    2.7062809238
   2.6908912710    4.4991462790    2.7062809238
   4.5100577733    2.2179836375    1.6381804408
   4.2783420576    3.2331965205    1.6381804408
   3.6290890499    4.0473340412    1.6381804408
   2.6908912710    4.4991462790    1.6381804408
   4.2783420576    1.2027707545    1.6381804408
   4.0466263420    2.2179836375    0.6758551579
   3.7487551761    3.2324396658    0.6758551579
   1.3273407489    3.5703396208    5.3581859664
   0.2860197750    3.5703396208    5.3581859664
  -0.2346407120    2.6685292040    5.3581859664
   2.3852046540    3.6829852323    4.6922362079
   1.5861631470    4.3753586394    4.6922362079
   0.5396413315    4.5258257606    4.6922362079
  -0.4220975103    4.0866143482    4.6922362079
  -0.9937080916    3.1971709221    4.6922362079
  -0.9937080916    2.1398874858    4.6922362079
   2.2655385278    4.4978796077    3.7299109249
   1.3273407489    4.9496918454    3.7299109249
   0.2860197750    4.9496918454    3.7299109249
  -0.6521780040    4.4978796077    3.7299109249
  -1.3014310117    3.6837420869    3.7299109249
  -1.5331467273    2.6685292040    3.7299109249
   1.3273407489    4.9496918454    2.6618104419
   0.2860197750    4.9496918454    2.6618104419
  -0.6521780040    4.4978796077    2.6618104419
   3.9568557778   -0.2145370371    2.0275652936
   0.1581705227   -2.0438874408    2.0275652936
   1.0963683016   -2.4956996786    2.0275652936
   2.1376892755   -2.4956996786    2.0275652936
   3.0758870545   -2.0438874408    2.0275652936
   3.7251400621   -1.2297499201    2.0275652936
   3.4934243465   -0.2145370371    1.0652400106
   0.3882510163   -1.6326221813    1.0652400106
   1.3499898582   -2.0718335938    1.0652400106
   2.3965116737   -1.9213664725    1.0652400106
   3.1955531807   -1.2289930654    1.0652400106
  -0.2486391422    1.1823543791    5.7500687209
  -0.7692996291    0.2805439623    5.7500687209
  -0.9567564275    1.6986291065    5.0841189624
  -1.5283670088    0.8091856804    5.0841189624
  -1.5283670088   -0.2480977559    5.0841189624
  -0.9567564275   -1.1375411820    5.0841189624
  -1.8360899288    1.2957568452    4.1217936794
  -2.0678056445    0.2805439623    4.1217936794
  -1.8360899288   -0.7346689207    4.1217936794
  -1.1868369212   -1.5488064415    4.1217936794
  -2.0678056445    0.2805439623    3.0536931964
  -1.8360899288   -0.7346689207    3.0536931964
  -1.1868369212   -1.5488064415    3.0536931964
  -1.5283670088   -0.2480977559    2.0913679134
  -0.9567564275   -1.1375411820    2.0913679134
   3.6274915039    0.5017659786    0.7629073194
  -0.1711937513   -1.3275844251    0.7629073194
   0.7670040277   -1.7793966629    0.7629073194
   3.3957757882   -0.5134469044    0.7629073194
   3.6274915039    0.5017659786   -0.3051931636
   0.7670040277   -1.7793966629   -0.3051931636
   1.8083250016   -1.7793966629   -0.3051931636
   2.7465227805   -1.3275844251   -0.3051931636
   3.3957757882   -0.5134469044   -0.3051931636
   2.0671473997   -1.2050634569   -1.2675184465
   2.8661889067   -0.5126900497   -1.2675184465
   3.9228274723    2.2101767007    0.4128813158
   3.6911117566    3.2253895837    0.4128813158
   3.0418587490    4.0395271044    0.4128813158
   2.1036609700    4.4913393422    0.4128813158
   1.0623399961    4.4913393422    0.4128813158
   3.9228274723    2.2101767007   -0.6552191672
   3.6911117566    3.2253895837   -0.6552191672
   3.0418587490    4.0395271044   -0.6552191672
   2.1036609700    4.4913393422   -0.6552191672
   1.0623399961    4.4913393422   -0.6552191672
   3.6911117566    1.1949638177   -0.6552191672
   3.4593960410    2.2101767007   -1.6175444502
   3.1615248752    3.2246327290   -1.6175444502
   2.3624833682    3.9170061361   -1.6175444502
   1.3159615527    4.0674732574   -1.6175444502
   2.2238308656    1.3418632627   -4.5554807703
   1.9921151500    2.3570761456   -4.5554807703
   1.3428621423    3.1712136664   -4.5554807703
   0.4046643633    3.6230259041   -4.5554807703
   1.9921151500    0.3266503797   -4.5554807703
   1.7603994343    1.3418632627   -5.5178060533
   1.4625282685    2.3563192910   -5.5178060533
   0.6634867615    3.0486926981   -5.5178060533
  -0.3830350540    3.1991598193   -5.5178060533
  -1.3447738959    2.7599484069   -5.5178060533
   1.4625282685    0.3274072344   -5.5178060533
   0.9253248503    1.3418632627   -6.1837558118
   0.4046643633    2.2436736795   -6.1837558118
  -0.6366566106    2.2436736795   -6.1837558118
   0.4046643633    0.4400528458   -6.1837558118
  -0.1159961236    1.3418632627   -6.4214305288
  -3.2815626040    2.3116010264   -1.4994805479
  -3.2815626040    1.2543175900   -1.4994805479
  -2.0018347374    4.0641219497   -2.4618058309
  -2.9400325163    3.6123097119   -2.4618058309
  -3.5892855240    2.7981721912   -2.4618058309
  -3.8210012397    1.7829593082   -2.4618058309
  -0.9605137635    4.0641219497   -3.5299063139
  -2.0018347374    4.0641219497   -3.5299063139
  -2.9400325163    3.6123097119   -3.5299063139
  -3.5892855240    2.7981721912   -3.5299063139
  -3.8210012397    1.7829593082   -3.5299063139
  -1.7482131808    3.6402558649   -4.4922315969
  -2.7099520227    3.2010444524   -4.4922315969
  -3.2815626040    2.3116010264   -4.4922315969
  -1.0443305160    4.3255369482    0.6544720274
  -2.0060693578    3.8863255358    0.6544720274
  -2.5776799392    2.9968821097    0.6544720274
  -0.2566310987    4.7494030330   -0.3078532555
  -1.2979520725    4.7494030330   -0.3078532555
  -2.2361498515    4.2975907953   -0.3078532555
  -2.8854028592    3.4834532745   -0.3078532555
  -3.1171185748    2.4682403916   -0.3078532555
   0.6815666803    4.2975907953   -1.3759537385
  -0.2566310987    4.7494030330   -1.3759537385
  -1.2979520725    4.7494030330   -1.3759537385
  -2.2361498515    4.2975907953   -1.3759537385
  -2.8854028592    3.4834532745   -1.3759537385
  -3.1171185748    2.4682403916   -1.3759537385
   0.0021912995    4.1750698270   -2.3382790215
  -1.0443305160    4.3255369482   -2.3382790215
  -2.8706366699    1.2887177776    1.0076852837
  -2.8706366699    0.2314343413    1.0076852837
  -2.2990260886   -0.6580090848    1.0076852837
  -1.3372872467   -1.0972204972    1.0076852837
  -3.1783595899    1.7752889424    0.0453600007
  -3.4100753056    0.7600760595    0.0453600007
  -3.1783595899   -0.2551368235    0.0453600007
  -2.5291065822   -1.0692743443    0.0453600007
  -1.5909088033   -1.5210865820    0.0453600007
  -0.5495878294   -1.5210865820    0.0453600007
  -3.4100753056    0.7600760595   -1.0227404823
  -6.3607297362   -0.3243994430   -7.7837880500
  -7.0099827439   -1.1385369638   -7.7837880500
  -7.2416984596   -2.1537498468   -7.7837880500
  -7.0099827439   -3.1689627297   -7.7837880500
  -6.3607297362   -3.9831002505   -7.7837880500
  -5.1689104007   -0.2964532901   -8.7461133330
  -6.1306492426   -0.7356647025   -8.7461133330
  -6.7022598239   -1.6251081286   -8.7461133330
  -6.7022598239   -2.6823915649   -8.7461133330
  -6.1306492426   -3.5718349910   -8.7461133330
  -5.1689104007   -4.0110464034   -8.7461133330
  -3.8605504964   -2.1537498468   -9.4120630915
  -4.3812109834   -1.2519394299   -9.4120630915
  -5.4225319573   -1.2519394299   -9.4120630915
  -5.9431924442   -2.1537498468   -9.4120630915
  -5.4225319573   -3.0555602636   -9.4120630915
  -4.3812109834   -3.0555602636   -9.4120630915
  -4.9018714703   -2.1537498468   -9.6497378085
  -6.0291306616   -3.7682761294   -4.4077067047
  -5.4575200803   -4.6577195555   -4.4077067047
  -4.4957812384   -5.0969309679   -4.4077067047
  -6.3368535816   -4.2548472942   -5.3700319877
  -5.6876005740   -5.0689848150   -5.3700319877
  -4.7494027950   -5.5207970527   -5.3700319877
  -3.7080818211   -5.5207970527   -5.3700319877
  -2.7698840422   -5.0689848150   -5.3700319877
  -5.6876005740   -5.0689848150   -6.4381324707
  -4.7494027950   -5.5207970527   -6.4381324707
  -3.7080818211   -5.5207970527   -6.4381324707
  -2.7698840422   -5.0689848150   -6.4381324707
  -4.4957812384   -5.0969309679   -7.4004577536
  -2.2864090868   -1.5517909720   -0.2214613799
  -3.5661369534   -0.1213388370   -0.8874111384
  -3.5661369534   -1.1786222734   -0.8874111384
  -2.9945263721   -2.0680656994   -0.8874111384
  -2.0327875302   -2.5072771119   -0.8874111384
  -0.9862657148   -2.3568099906   -0.8874111384
  -3.8738598734    0.3652323278   -1.8497364214
  -4.1055755891   -0.6499805552   -1.8497364214
   0.3755387722   -2.7543571753   -1.9336109733
   1.1745802792   -2.0619837682   -1.9336109733
   1.9358828764   -1.0475277399   -2.8959362563
   0.1167163741   -3.3286903813   -2.8959362563
   1.0549141531   -2.8768781436   -2.8959362563
   1.7041671607   -2.0627406228   -2.8959362563
   1.9358828764   -1.0475277399   -3.9640367393
   0.1167163741   -3.3286903813   -3.9640367393
   1.0549141531   -2.8768781436   -3.9640367393
   1.7041671607   -2.0627406228   -3.9640367393
   1.4724514451   -1.0475277399   -4.9263620222
   0.3755387722   -2.7543571753   -4.9263620222
   1.1745802792   -2.0619837682   -4.9263620222
   0.6373768610   -1.0475277399   -5.5923117808
   4.4174892768   -0.6548958791   10.2284495594
   5.4588102507   -0.6548958791    9.9907748423
   4.9381497637    0.2469145377    9.9907748423
   3.8968287898    0.2469145377    9.9907748423
   3.8968287898   -1.5567062960    9.9907748423
   4.9381497637   -1.5567062960    9.9907748423
   6.2938848347   -0.6548958791    9.3248250838
   5.9960136689    0.3595601492    9.3248250838
   5.1969721619    1.0519335563    9.3248250838
   4.1504503464    1.2024006776    9.3248250838
   5.1969721619   -2.3617253146    9.3248250838
   5.9960136689   -1.6693519074    9.3248250838
   6.7573162660   -0.6548958791    8.3624998009
   6.5256005504    0.3603170039    8.3624998009
   5.8763475427    1.1744545246    8.3624998009
   4.9381497637    1.6262667624    8.3624998009
   6.5256005504   -1.6701087621    8.3624998009
   6.7573162660   -0.6548958791    7.2943993179
   6.5256005504    0.3603170039    7.2943993179
   1.5435707711   -2.4240869404    8.4578726593
   2.1151813524   -3.3135303664    8.4578726593
   3.0769201943   -3.7527417789    8.4578726593
   4.1234420097   -3.6022746576    8.4578726593
   1.2358478510   -2.9106581052    7.4955473763
   1.8851008587   -3.7247956259    7.4955473763
   2.8232986377   -4.1766078637    7.4955473763
   3.8646196116   -4.1766078637    7.4955473763
   4.8028173905   -3.7247956259    7.4955473763
   1.8851008587   -3.7247956259    6.4274468933
   2.8232986377   -4.1766078637    6.4274468933
   3.8646196116   -4.1766078637    6.4274468933
   4.8028173905   -3.7247956259    6.4274468933
   4.1234420097   -3.6022746576    5.4651216103
   4.2316258605    1.9548659719    8.3550191225
   5.2894897657    2.0675115834    7.6890693640
   4.4904482587    2.7598849905    7.6890693640
   3.4439264432    2.9103521117    7.6890693640
   2.4821876013    2.4711406993    7.6890693640
   5.8190766471    2.0682684380    6.7267440810
   5.1698236395    2.8824059588    6.7267440810
   4.2316258605    3.3342181965    6.7267440810
   3.1903048866    3.3342181965    6.7267440810
   2.2521071077    2.8824059588    6.7267440810
   5.8190766471    2.0682684380    5.6586435980
   5.1698236395    2.8824059588    5.6586435980
   4.2316258605    3.3342181965    5.6586435980
   3.1903048866    3.3342181965    5.6586435980
   5.2894897657    2.0675115834    4.6963183150
   4.4904482587    2.7598849905    4.6963183150
  -3.0563489206    2.0068668982   -5.8188259370
  -4.0976698945    2.0068668982   -5.8188259370
  -5.0358676735    1.5550546604   -5.8188259370
  -2.1181511417    1.5550546604   -6.8869264200
  -3.0563489206    2.0068668982   -6.8869264200
  -4.0976698945    2.0068668982   -6.8869264200
  -5.0358676735    1.5550546604   -6.8869264200
  -5.6851206812    0.7409171396   -6.8869264200
  -1.9984850155    0.7401602850   -7.8492517030
  -2.7975265225    1.4325336921   -7.8492517030
  -3.8440483380    1.5830008134   -7.8492517030
  -4.8057871798    1.1437894009   -7.8492517030
  -5.3773977611    0.2543459748   -7.8492517030
  -3.0563489206    0.6275146735   -8.5152014615
  -4.0976698945    0.6275146735   -8.5152014615
  -3.5770094076   -0.2742957433   -8.7528761785
