   -0.0054233064
   -0.0221731008
    0.0171350099
    0.0040552328
   -0.0249941169
   -0.0278316255
   -0.0200683911
   -0.0177454796
   -0.0290719627
   -0.0320994944
   -0.0299069263
   -0.0235594577
   -0.0125039510
   -0.0123557951
   -0.0023451778
   -0.0108727697
   -0.0126690738
   -0.0043566016
    0.0071708921
    0.0024276434
   -0.0103088387
   -0.0140517770
   -0.0059441001
   -0.0045765932
   -0.0065661585
   -0.0081677844
   -0.0304083047
   -0.0259579397
   -0.0180600348
   -0.0029349188
   -0.0242639005
   -0.0309167000
   -0.0291960370
   -0.0266834177
   -0.0143892230
   -0.0230701494
   -0.0084384175
    0.0069191860
    0.0095549012
    0.0014321148
    0.0057761389
   -0.0030969096
   -0.0289490910
   -0.0355513145
   -0.0347792096
   -0.0455702287
   -0.0470365481
   -0.0366360893
   -0.0365472841
   -0.0479996360
   -0.0510908508
   -0.0496409097
   -0.0427629545
   -0.0287343328
   -0.0342489757
   -0.0485547100
   -0.0499908534
   -0.0455660347
   -0.0335763982
   -0.0126347492
   -0.0418345639
   -0.0358943469
   -0.0028996031
   -0.0119167889
   -0.0059458144
   -0.0004830894
   -0.0110215416
   -0.0134229739
    0.0074385304
   -0.0067941721
   -0.0123940171
   -0.0094466864
   -0.0042323354
    0.0027668056
    0.0038566781
    0.0084894646
    0.0117656805
    0.0139465541
   -0.0119856431
   -0.0128300273
    0.0136795926
    0.0059697053
   -0.0044951051
    0.0000841971
    0.0096928127
    0.0082151694
    0.0065982787
   -0.0038157132
    0.0065127669
    0.0054021262
    0.0096524877
   -0.0017921270
    0.0098097611
    0.0064176702
    0.0042320208
    0.0113708933
    0.0064943555
   -0.0088743737
   -0.0092868619
   -0.0025283715
    0.0158305853
   -0.0151651923
    0.0097787843
    0.0086019580
   -0.0060162546
   -0.0027208895
   -0.0116982434
   -0.0033611892
   -0.0001900944
   -0.0042849888
   -0.0103359523
   -0.0018613377
    0.0037812688
   -0.0045139150
   -0.0111044637
    0.0074848946
   -0.0091887793
    0.0061527341
    0.0064355786
   -0.0144432260
    0.0081529221
   -0.0030106472
    0.0012520677
    0.0016056829
   -0.0088568061
    0.0000374599
   -0.0098576476
   -0.0047884762
   -0.0375587495
   -0.0368596602
   -0.0362552015
   -0.0469529800
   -0.0485463917
   -0.0311345020
   -0.0440797173
   -0.0501066882
   -0.0511890389
   -0.0472628133
   -0.0203178495
   -0.0326002072
   -0.0433542522
   -0.0488255203
   -0.0478478996
   -0.0409634745
   -0.0124841583
   -0.0409417946
   -0.0344573986
   -0.0237711685
    0.0089763377
    0.0106414216
    0.0094607829
    0.0073320985
    0.0144118424
    0.0138682737
    0.0109990134
    0.0157436219
    0.0170664271
    0.0052639304
   -0.0055270280
    0.0090998774
    0.0097973225
    0.0103430269
    0.0080843583
    0.0096251478
    0.0081970884
    0.0045148142
    0.0056276916
    0.0061149116
    0.0000125432
   -0.0116339129
   -0.0262950420
   -0.0067171697
    0.0124763714
    0.0052213655
   -0.0013472075
   -0.0016156445
    0.0056560502
    0.0187844463
    0.0141942153
    0.0129749255
    0.0063523547
    0.0067066165
   -0.0027773016
    0.0101844407
    0.0058433313
    0.0023484485
   -0.0120047981
   -0.0022022709
    0.0013620749
   -0.0045870873
    0.0002314037
    0.0150516871
    0.0091933912
    0.0126690047
    0.0146753290
    0.0066973543
    0.0063835229
    0.0058923734
    0.0067947888
   -0.0061495250
   -0.0075431579
    0.0140451873
    0.0136006214
    0.0090810530
   -0.0004705592
    0.0077250553
    0.0096043465
    0.0081766994
    0.0076294143
    0.0045548285
   -0.0022986360
    0.0012029926
   -0.0101383741
    0.0037006252
    0.0052437146
    0.0076528423
    0.0089524739
    0.0067751566
    0.0098108758
    0.0102171682
    0.0061913217
    0.0082512893
    0.0084011773
    0.0178911098
    0.0233196936
    0.0135400714
    0.0151234094
    0.0146116970
    0.0148355489
    0.0102198625
    0.0124664116
    0.0105993858
    0.0013613695
    0.0095324939
    0.0067172642
   -0.0071038420
    0.0079554775
    0.0049450490
    0.0064973617
    0.0065531302
    0.0051683144
    0.0087462971
    0.0115970591
    0.0131444075
    0.0083495377
   -0.0084964116
    0.0015480512
    0.0026044561
    0.0060731034
    0.0093235113
    0.0096457438
    0.0081891140
    0.0139670077
    0.0179112520
    0.0131138901
    0.0097775460
    0.0115697413
    0.0141802230
    0.0218480738
    0.0189040802
    0.0191528801
    0.0192271498
    0.0179247321
    0.0111166895
    0.0182322883
    0.0216421126
    0.0207717364
    0.0157911640
    0.0190630516
   -0.0030158163
   -0.0203828515
    0.0079667488
    0.0082855734
    0.0010929047
   -0.0184233162
    0.0146741475
    0.0130250147
    0.0083562850
   -0.0014108686
    0.0101218993
    0.0179539620
    0.0069622230
    0.0047710514
    0.0212913357
    0.0118011052
    0.0006363328
   -0.0171699529
   -0.0142850088
   -0.0051366382
   -0.0014675451
   -0.0016676894
   -0.0100352034
    0.0016705486
    0.0055173355
   -0.0109628738
    0.0034802820
    0.0076533369
    0.0013085757
    0.0069127884
    0.0186184839
    0.0215467014
    0.0197509262
    0.0124178349
    0.0142614923
    0.0186328177
    0.0195886169
    0.0206436764
    0.0192703280
    0.0173059957
    0.0176610572
    0.0125429510
    0.0155856510
    0.0080258492
    0.0137371824
   -0.0040179753
    0.0051384192
    0.0107854432
    0.0124505402
   -0.0102092560
    0.0023146254
    0.0049248410
   -0.0134229645
    0.0220647662
    0.0160655703
    0.0051589746
    0.0145719651
    0.0181042242
    0.0170148680
    0.0105867163
    0.0075104958
    0.0145447450
    0.0134296209
    0.0030696617
    0.0055876149
    0.0033914867
    0.0068439678
    0.0110698379
    0.0049410276
    0.0090058207
    0.0154736161
    0.0169480760
    0.0143096130
    0.0072291682
    0.0162244228
    0.0186964376
    0.0139850197
   -0.0021056454
    0.0053783440
   -0.0023761297
   -0.0129814869
   -0.0153945209
   -0.0158813951
   -0.0217759820
   -0.0232502929
   -0.0210482728
   -0.0149069360
   -0.0077737409
   -0.0154972337
   -0.0174509031
   -0.0159266625
   -0.0061865739
   -0.0021391998
   -0.0047785189
   -0.0065558032
   -0.0006104586
   -0.0054330451
   -0.0045235915
    0.0013732429
    0.0068561247
   -0.0065701974
   -0.0146510848
   -0.0163090423
   -0.0231976734
   -0.0208361272
   -0.0154044995
   -0.0056877346
   -0.0151954229
   -0.0221433066
   -0.0169348754
   -0.0147144268
   -0.0115411602
    0.0026889010
    0.0042584777
   -0.0055968891
   -0.0069203372
    0.0145304196
   -0.0211624540
   -0.0232779701
   -0.0259272425
   -0.0341203509
   -0.0334538522
   -0.0197160430
   -0.0332341188
   -0.0390324477
   -0.0398866090
   -0.0361422926
   -0.0268650794
   -0.0333221610
   -0.0400352433
   -0.0412011182
   -0.0388099564
   -0.0326565222
   -0.0220424118
   -0.0363243547
   -0.0385609503
   -0.0348539108
   -0.0250330206
   -0.0285896715
   -0.0247537890
    0.0041111441
   -0.0035216926
   -0.0062402671
   -0.0028004810
   -0.0011334347
   -0.0025536044
   -0.0065550971
   -0.0037157859
   -0.0026112086
   -0.0047364142
   -0.0104131997
   -0.0055657271
   -0.0013664548
    0.0004209600
    0.0040871284
    0.0066796561
    0.0103392552
    0.0124017556
   -0.0026078388
   -0.0093595962
   -0.0071300498
    0.0105184427
    0.0043702413
   -0.0025153264
    0.0023462029
    0.0071958894
   -0.0038289618
    0.0081165283
    0.0032406542
    0.0001238622
    0.0042706914
   -0.0086401992
   -0.0056636783
    0.0049366981
   -0.0034796162
    0.0067117381
    0.0042397244
    0.0089653432
    0.0064930085
   -0.0032792007
   -0.0048248617
   -0.0013261397
    0.0128882003
   -0.0106031405
    0.0094911262
    0.0024514745
    0.0043128661
    0.0030297077
    0.0025540045
   -0.0068286324
   -0.0069459622
   -0.0055488706
   -0.0010546324
   -0.0013371146
   -0.0062772494
    0.0017584280
    0.0028951043
   -0.0026728122
   -0.0015896421
    0.0034235740
   -0.0057956158
    0.0010909790
   -0.0085653557
    0.0036283615
   -0.0140805151
   -0.0035149825
    0.0016417696
   -0.0049864196
    0.0034719073
   -0.0031472811
    0.0052016327
   -0.0021360666
   -0.0086189883
   -0.0020336862
   -0.0271534248
   -0.0277362905
   -0.0364489143
   -0.0370839009
   -0.0253174442
   -0.0350215641
   -0.0400167428
   -0.0410255376
   -0.0369777150
   -0.0246862316
   -0.0320637064
   -0.0379505816
   -0.0404541149
   -0.0391631089
   -0.0327233192
   -0.0288591085
   -0.0359195700
   -0.0352520972
   -0.0283259014
   -0.0279572578
   -0.0237721111
   -0.0163922521
    0.0026312278
    0.0064194453
    0.0072442170
    0.0095307923
    0.0100136079
    0.0092250586
    0.0073646175
    0.0093857279
    0.0121420678
    0.0118448665
    0.0102834987
    0.0132171560
    0.0023080350
    0.0050821988
    0.0070545531
    0.0064898706
    0.0047772638
    0.0073462323
    0.0071646403
    0.0053020141
    0.0040393101
    0.0068289429
    0.0055763511
    0.0026866919
   -0.0020044356
   -0.0064601718
   -0.0028195553
    0.0075995187
   -0.0142712363
   -0.0184533048
   -0.0119528747
    0.0006424211
    0.0111928186
    0.0028364533
   -0.0000846990
    0.0011113806
    0.0060412793
    0.0045465934
    0.0006814063
   -0.0125564329
    0.0045502605
    0.0017619875
   -0.0054191622
   -0.0001501608
    0.0003618477
   -0.0021804586
   -0.0114290911
   -0.0057393437
   -0.0022303966
   -0.0059517139
    0.0165614937
    0.0086732315
    0.0051740214
    0.0051710017
    0.0067076088
    0.0078062325
    0.0015065372
    0.0003072216
    0.0003924219
    0.0011609039
    0.0091088551
    0.0086329028
    0.0093692614
    0.0083640376
    0.0057488855
    0.0031151479
    0.0073950947
    0.0030116118
    0.0051038589
    0.0049375017
    0.0044314029
   -0.0011454578
   -0.0078420958
   -0.0037136164
   -0.0056533522
   -0.0035959632
    0.0007929922
    0.0051534306
   -0.0024823228
    0.0040522876
    0.0049607885
    0.0063874590
    0.0069720379
    0.0052780608
    0.0071502651
    0.0076129889
    0.0061534536
   -0.0020080195
    0.0058937013
    0.0056527725
    0.0135528926
    0.0125751674
    0.0124415123
    0.0098813969
    0.0110757718
    0.0105645815
    0.0084282286
    0.0075094357
    0.0088069297
    0.0078780426
    0.0010381621
    0.0056442135
   -0.0012536372
    0.0003748338
    0.0012411512
    0.0014474447
    0.0050271395
    0.0059707040
    0.0071692272
    0.0077937325
    0.0085110866
    0.0059383506
    0.0093258800
    0.0121002120
   -0.0069344801
   -0.0025300163
   -0.0010565040
    0.0028510856
    0.0044503243
    0.0041622213
    0.0051340990
    0.0074715896
    0.0088358230
    0.0103150129
    0.0101818381
    0.0071884443
    0.0056202878
    0.0165518316
    0.0126743009
    0.0123444112
    0.0130694249
    0.0135019730
    0.0165911520
    0.0167367329
    0.0164546320
    0.0165022467
    0.0158436685
    0.0142148534
    0.0099552317
    0.0139590308
    0.0169508824
    0.0173025772
    0.0156225552
    0.0121426368
    0.0152064531
   -0.0095626059
   -0.0120012889
    0.0026101267
   -0.0002639871
   -0.0108059753
    0.0086516280
    0.0076717929
    0.0039812026
   -0.0036151314
   -0.0148933531
    0.0095244124
    0.0049120084
   -0.0018538247
    0.0094006463
    0.0030979955
    0.0046062138
    0.0125165858
    0.0055112891
   -0.0048751063
   -0.0125784763
   -0.0078933243
    0.0093070566
    0.0041200700
   -0.0018564391
   -0.0078026663
   -0.0242048576
   -0.0078585536
   -0.0016802763
   -0.0008670859
   -0.0234747069
   -0.0051924337
    0.0005379524
    0.0038715579
   -0.0080162850
    0.0014094052
    0.0049939908
    0.0011493505
    0.0147992840
    0.0170683403
    0.0163140384
    0.0122988471
    0.0101750304
    0.0128850614
    0.0154713452
    0.0166115311
    0.0172303374
    0.0162103357
    0.0112145917
    0.0141720382
    0.0152706021
    0.0132667647
    0.0147535399
    0.0168013486
    0.0121045320
    0.0077572867
    0.0117348022
   -0.0045091178
    0.0001024698
    0.0055740398
    0.0090531277
   -0.0153768364
   -0.0047978635
    0.0022986373
    0.0055584253
   -0.0161317447
   -0.0043252509
   -0.0010456940
   -0.0169911674
    0.0137262691
    0.0075201001
    0.0154165658
    0.0151696626
    0.0139625028
    0.0099927087
    0.0039277571
    0.0083879198
    0.0126149718
    0.0134986371
    0.0111223516
    0.0055487244
    0.0046230373
    0.0092653039
    0.0083342017
   -0.0005305382
    0.0000545564
    0.0053834022
    0.0044736480
    0.0047343306
    0.0101261078
    0.0112245830
    0.0089314545
    0.0076192564
    0.0120635755
    0.0142002287
    0.0140965688
    0.0061141010
    0.0118415280
    0.0147618482
    0.0173128867
    0.0115888441
    0.0054222365
   -0.0028256128
    0.0061319472
    0.0043634670
    0.0043069560
    0.0083150589
   -0.0041868814
   -0.0109696515
   -0.0089351753
   -0.0086572430
   -0.0142081026
   -0.0165775327
   -0.0161566406
   -0.0130938983
   -0.0074625588
   -0.0023398654
   -0.0087462650
   -0.0111729789
   -0.0023295241
   -0.0015277928
    0.0013980191
   -0.0024775700
    0.0006960395
   -0.0014627358
   -0.0008732054
    0.0031219611
    0.0051528942
   -0.0056528847
   -0.0098705717
   -0.0165624077
   -0.0145703490
   -0.0107186814
   -0.0045083383
   -0.0115081247
   -0.0160596241
   -0.0120546186
   -0.0103714725
   -0.0086476826
   -0.0005918763
    0.0044819018
   -0.0007396499
    0.0034508448
   -0.0166150145
   -0.0149063603
   -0.0245183136
   -0.0277452248
   -0.0235817552
   -0.0216128577
   -0.0294792000
   -0.0324472200
   -0.0316612010
   -0.0269065580
   -0.0297911754
   -0.0334642513
   -0.0334388146
   -0.0305315449
   -0.0248039873
   -0.0164969177
   -0.0235440295
   -0.0303849502
   -0.0307950588
   -0.0268616438
   -0.0184586360
   -0.0183513578
    0.0042591108
    0.0004568033
    0.0005228852
   -0.0012586902
   -0.0010430299
    0.0004829315
   -0.0017890479
   -0.0013612330
   -0.0009134143
   -0.0011943874
   -0.0110141447
   -0.0054950725
   -0.0037761907
   -0.0015216370
    0.0010081051
    0.0029774533
    0.0043202972
    0.0053201730
    0.0068810512
    0.0077129251
    0.0084331164
    0.0108206097
    0.0087311099
    0.0044697270
   -0.0017984556
   -0.0063180448
   -0.0031649812
    0.0088465986
    0.0039177037
   -0.0007950121
    0.0036594304
    0.0066326462
   -0.0036108144
   -0.0025444563
    0.0093817969
    0.0056195219
   -0.0026643632
   -0.0130910695
    0.0012240090
   -0.0085114922
   -0.0043830341
    0.0031947476
   -0.0033280432
    0.0066109513
    0.0043131289
    0.0075184779
    0.0067107766
   -0.0000756300
   -0.0020198181
   -0.0002582767
    0.0042961657
    0.0085279935
    0.0108646652
   -0.0073652176
   -0.0052916768
    0.0091660270
    0.0068635342
    0.0049463411
    0.0056263421
   -0.0002488309
   -0.0009252484
   -0.0004491141
   -0.0100708174
   -0.0061101191
   -0.0008286517
   -0.0051960877
    0.0012376394
   -0.0006795556
   -0.0014504974
    0.0040775776
   -0.0000045449
    0.0019737587
   -0.0030691468
   -0.0013647388
    0.0011042227
   -0.0060164265
    0.0019956005
   -0.0059553643
    0.0010857926
   -0.0041774035
    0.0017706038
   -0.0028994332
    0.0019384889
   -0.0022764146
    0.0010680072
    0.0004587001
    0.0003779903
   -0.0043753579
   -0.0016656203
    0.0032367789
   -0.0058169851
    0.0001938742
   -0.0214628357
   -0.0293165824
   -0.0295378003
   -0.0143871377
   -0.0241530276
   -0.0301337904
   -0.0332823228
   -0.0332695566
   -0.0286443389
   -0.0155097966
   -0.0214232584
   -0.0268551654
   -0.0313750642
   -0.0330437566
   -0.0314031540
   -0.0249924597
   -0.0241597716
   -0.0289406195
   -0.0279106161
   -0.0216167681
   -0.0219349116
   -0.0180008697
    0.0014279491
    0.0049922991
    0.0060211332
    0.0076797139
    0.0082353346
    0.0078872603
    0.0066200515
    0.0073837212
    0.0099957265
    0.0099201931
    0.0090173195
    0.0107362794
    0.0008307755
    0.0036791987
    0.0052617317
    0.0046974511
    0.0032568911
    0.0057176989
    0.0057162201
    0.0043608218
    0.0026654872
    0.0034514702
    0.0059692073
    0.0047496277
    0.0025042221
   -0.0011536851
   -0.0056920779
   -0.0010473207
    0.0057594175
   -0.0180529494
   -0.0197996249
   -0.0121375227
   -0.0004626676
    0.0090379389
   -0.0004476849
   -0.0024508587
   -0.0004838374
    0.0042537061
    0.0029504935
   -0.0010774051
    0.0040053719
    0.0013177925
   -0.0024430381
   -0.0124071264
   -0.0018748795
   -0.0017111389
   -0.0020107549
   -0.0064252646
   -0.0177751385
   -0.0042524660
   -0.0043801345
    0.0073159036
    0.0025610512
    0.0029762464
    0.0045800379
    0.0059634626
    0.0002636399
   -0.0014970468
   -0.0011039873
   -0.0003061491
    0.0072685304
    0.0078207415
    0.0071273971
    0.0052043884
    0.0026477553
    0.0063480172
    0.0017116581
    0.0035583673
    0.0037195637
    0.0032511665
   -0.0019223483
   -0.0089517062
   -0.0047633265
   -0.0064981573
   -0.0045742975
   -0.0006787627
    0.0034260522
   -0.0042724720
    0.0024854511
    0.0033083125
    0.0047431155
    0.0057680186
    0.0033917144
    0.0053177383
    0.0058958864
    0.0048250962
    0.0041546400
    0.0040930273
    0.0107168998
    0.0101183768
    0.0112068694
    0.0078344037
    0.0090924964
    0.0090128036
    0.0077126107
    0.0053885111
    0.0072218065
    0.0070983199
    0.0040346611
    0.0045419779
   -0.0023615134
   -0.0012497693
   -0.0002015170
    0.0000948411
    0.0040288588
    0.0043468788
    0.0053349043
    0.0061006597
    0.0067571106
    0.0040161899
    0.0071119880
    0.0095239804
   -0.0081783806
   -0.0038532624
   -0.0000349291
    0.0020517240
    0.0022449564
    0.0018572717
    0.0043017092
    0.0066410234
    0.0074402445
    0.0038725974
    0.0101915582
    0.0104864395
    0.0109338312
    0.0112446924
    0.0146630173
    0.0138142564
    0.0136802159
    0.0134562071
    0.0126898218
    0.0111953376
    0.0081347198
    0.0117406620
    0.0141594999
    0.0142994875
    0.0128681195
    0.0099197294
    0.0125713955
   -0.0106029604
   -0.0137699019
    0.0005559784
    0.0000197398
   -0.0045521368
   -0.0160820366
    0.0063413500
    0.0044320933
    0.0002212020
   -0.0070693687
   -0.0169805065
    0.0093982691
    0.0063868224
    0.0019860116
    0.0067743948
    0.0007078362
    0.0024214426
    0.0066588968
   -0.0008904143
   -0.0107594489
   -0.0142189689
   -0.0078082827
    0.0051892051
   -0.0030241168
   -0.0094414750
   -0.0203059718
   -0.0074963426
   -0.0031998948
   -0.0027989383
   -0.0191183529
   -0.0055421086
   -0.0012285948
    0.0020359711
   -0.0072447950
   -0.0000567450
    0.0033562672
   -0.0005634337
    0.0121776790
    0.0140833369
    0.0135197501
    0.0101235833
    0.0081908387
    0.0105695366
    0.0127622146
    0.0137231654
    0.0143486767
    0.0140077841
    0.0111266764
    0.0118404196
    0.0126953385
    0.0109526812
    0.0122820353
    0.0142076285
    0.0099551521
    0.0058148231
   -0.0042860345
    0.0000309365
    0.0043220460
    0.0072585984
   -0.0131185449
   -0.0045525124
    0.0009528555
    0.0038058082
   -0.0136751864
   -0.0049903869
    0.0119093161
    0.0063694166
    0.0129814385
    0.0119442166
    0.0092512296
    0.0048911203
    0.0072529373
    0.0103536302
    0.0110941248
    0.0095867311
    0.0057249524
    0.0002144012
    0.0073152711
    0.0070202240
    0.0016367607
    0.0027175695
    0.0045416559
    0.0020871870
    0.0072350309
    0.0091400626
    0.0084181146
    0.0055172663
    0.0090958200
    0.0113615366
    0.0119467024
    0.0126059121
    0.0050259208
    0.0097615203
    0.0124940828
    0.0100839753
    0.0035546783
    0.0054741777
    0.0029105541
   -0.0017200576
    0.0052056463
   -0.0023616521
   -0.0055013702
   -0.0072497921
   -0.0106626466
   -0.0117759594
   -0.0107035044
   -0.0072052205
   -0.0098948690
   -0.0109802171
   -0.0106919239
   -0.0089212740
   -0.0024249791
   -0.0004815443
    0.0003112000
    0.0012668956
    0.0001168965
    0.0012403098
    0.0005587774
    0.0014959939
    0.0014346977
    0.0056122069
   -0.0036224118
   -0.0100814655
   -0.0028068284
   -0.0100026873
   -0.0108855484
   -0.0119134374
   -0.0106619338
   -0.0078757459
   -0.0034969505
   -0.0073142048
   -0.0111952573
   -0.0050261713
    0.0002337087
    0.0042392265
    0.0053763541
    0.0025364667
   -0.0025512739
    0.0040786644
    0.0017210940
    0.0090480057
    0.0004116760
   -0.0160277405
   -0.0203415993
   -0.0200092803
   -0.0131685478
   -0.0208069343
   -0.0248339606
   -0.0256133951
   -0.0230515212
   -0.0206935133
   -0.0258356706
   -0.0278754763
   -0.0276334748
   -0.0253433847
   -0.0211236441
   -0.0157620808
   -0.0256881637
   -0.0277551985
   -0.0271378860
   -0.0243483423
   -0.0195513174
   -0.0128328885
   -0.0204165802
   -0.0240791288
   -0.0236160254
   -0.0199543321
   -0.0131869023
    0.0023124193
    0.0009083445
    0.0005754494
    0.0003419874
    0.0005578224
    0.0000450172
    0.0011184393
   -0.0052763534
   -0.0053687216
   -0.0024959041
   -0.0013928229
   -0.0002096331
    0.0006163402
    0.0019261358
    0.0030180462
    0.0040251876
    0.0047227074
    0.0080904403
    0.0076584303
   -0.0071548349
   -0.0083861980
    0.0087929697
    0.0062320506
    0.0025919681
   -0.0014673206
   -0.0041234219
   -0.0007829014
    0.0076186486
    0.0037059218
    0.0003907067
    0.0042303066
    0.0060986043
   -0.0031212279
   -0.0116873104
    0.0036520213
   -0.0039097007
   -0.0105628175
    0.0003293485
   -0.0034846831
    0.0009600867
   -0.0032302713
    0.0029167772
   -0.0024507810
    0.0062042135
    0.0042081690
    0.0064256537
    0.0065269448
    0.0015527718
   -0.0003857506
    0.0004452658
    0.0034531621
    0.0067252148
    0.0092016602
   -0.0046234674
   -0.0046355354
    0.0075313754
    0.0087056517
   -0.0121509274
    0.0053665454
    0.0058604347
    0.0071249353
    0.0034737383
    0.0050414516
    0.0012268231
    0.0018816703
    0.0025991916
   -0.0011596483
   -0.0030838919
   -0.0018610697
   -0.0114052181
   -0.0058917052
    0.0104111775
    0.0049892410
   -0.0000127210
   -0.0035766797
    0.0022901509
   -0.0006940570
   -0.0032840742
   -0.0078092175
    0.0085151759
    0.0007777570
    0.0008702711
    0.0047679165
   -0.0004650351
    0.0028252109
   -0.0036408359
    0.0006825837
    0.0013806326
   -0.0022710823
    0.0017269505
   -0.0025781949
   -0.0101614986
    0.0005135513
   -0.0116803654
   -0.0042920663
   -0.0002462939
   -0.0021518539
    0.0017687201
   -0.0000733781
   -0.0032717463
    0.0039070938
    0.0011500684
    0.0053867932
   -0.0005691694
    0.0011145241
   -0.0038870753
   -0.0007212657
    0.0031676915
    0.0016388078
    0.0065029847
    0.0112106219
   -0.0169496911
   -0.0234663017
   -0.0233467099
   -0.0079482029
   -0.0164926866
   -0.0223012288
   -0.0260149547
   -0.0277265134
   -0.0269302548
   -0.0224288426
   -0.0166530203
   -0.0210603301
   -0.0248611790
   -0.0274315479
   -0.0280077406
   -0.0260591484
   -0.0201716424
   -0.0224047192
   -0.0255088272
   -0.0258216929
   -0.0233749944
   -0.0171839701
   -0.0216068851
   -0.0206840291
   -0.0154601292
   -0.0157238708
   -0.0125934891
    0.0029104707
    0.0048041331
    0.0059897719
    0.0062424740
    0.0058629648
    0.0074589184
    0.0076887353
    0.0074031472
    0.0063285605
    0.0075403776
    0.0087444499
    0.0088815438
    0.0025578356
    0.0038776386
    0.0033556183
    0.0019890133
    0.0045535303
    0.0046872005
    0.0037461380
    0.0026180741
    0.0031839628
    0.0050725600
    0.0047236943
    0.0035977347
    0.0016652903
   -0.0007860130
   -0.0025380411
    0.0036492935
    0.0009530527
   -0.0030809641
    0.0055817536
   -0.0080156951
   -0.0114871827
   -0.0107422110
   -0.0056024691
    0.0009552971
    0.0082726367
    0.0007874190
   -0.0009421482
    0.0005157622
    0.0041341841
    0.0016322325
   -0.0022992219
    0.0027276673
    0.0001624508
   -0.0039137943
   -0.0137146199
   -0.0006746508
   -0.0016962853
   -0.0047190558
   -0.0122851936
   -0.0042076891
   -0.0041702275
   -0.0081933808
   -0.0055464055
   -0.0037909461
    0.0087256000
    0.0017317444
    0.0011168235
    0.0067990524
    0.0037251055
   -0.0002596726
    0.0000485880
    0.0012966104
    0.0024988013
   -0.0042872845
   -0.0036651630
    0.0085248215
    0.0084860964
    0.0074015402
    0.0052109693
    0.0014814747
    0.0041458247
    0.0050381038
    0.0050330638
    0.0042506693
    0.0033789638
    0.0027297908
   -0.0011335160
    0.0009888710
    0.0014802074
    0.0013460391
   -0.0020913836
   -0.0010493230
    0.0010318877
    0.0032999931
   -0.0010650925
    0.0026297705
    0.0032932859
    0.0043210795
    0.0049742983
    0.0041695455
    0.0029596838
    0.0041739045
    0.0047299002
    0.0039336626
    0.0029723088
    0.0031916946
    0.0088160693
    0.0102611280
    0.0083626421
    0.0083268816
    0.0077745652
    0.0070168011
    0.0058470774
    0.0070442060
    0.0071765802
    0.0061526325
    0.0032960459
    0.0059437487
    0.0054439299
    0.0022355356
   -0.0049521261
   -0.0036754056
   -0.0034137261
    0.0018611892
    0.0023245590
    0.0028819463
    0.0032546775
    0.0038590928
    0.0030082803
    0.0041156311
    0.0052864462
    0.0063435634
    0.0073986563
    0.0089656785
    0.0031703777
    0.0065785146
   -0.0032000702
   -0.0008093322
   -0.0004966652
   -0.0005328619
    0.0026075008
    0.0034038103
    0.0034177991
    0.0023976689
    0.0011046821
    0.0014155938
    0.0081385974
    0.0106688292
    0.0102665401
    0.0103014298
    0.0102552436
    0.0100436431
    0.0125350786
    0.0121776406
    0.0119844902
    0.0116685410
    0.0109139570
    0.0095192777
    0.0075673346
    0.0101563483
    0.0119647494
    0.0120092501
    0.0108490197
    0.0086506233
    0.0106381482
   -0.0026728971
   -0.0038431383
   -0.0090317638
    0.0032207549
    0.0022082013
   -0.0005328531
   -0.0058384423
   -0.0149101095
    0.0058900274
    0.0036067480
   -0.0000192295
   -0.0051562959
    0.0056647438
    0.0003279441
    0.0053811634
   -0.0007815178
   -0.0076895960
   -0.0101193204
   -0.0059499194
    0.0061000098
    0.0006891435
   -0.0074090254
   -0.0041826718
   -0.0066626535
   -0.0145230068
   -0.0057480157
   -0.0031915731
   -0.0014835265
   -0.0156657733
   -0.0052264696
   -0.0014898798
    0.0015503828
   -0.0069224402
   -0.0008471633
    0.0022094384
    0.0102446054
    0.0117642887
    0.0113235687
    0.0088557988
    0.0089991733
    0.0107455567
    0.0118809163
    0.0123036878
    0.0118523494
    0.0095674526
    0.0102362337
    0.0110636630
    0.0105298826
    0.0114236937
    0.0123202880
    0.0127208401
    0.0096893896
    0.0075508716
    0.0090094752
   -0.0025517610
    0.0004271986
    0.0037311598
    0.0064712935
   -0.0109895593
   -0.0057522552
   -0.0009110084
    0.0024971593
    0.0047578978
   -0.0180113004
   -0.0084685843
   -0.0027754577
    0.0002619099
   -0.0090210535
    0.0105118010
    0.0118946457
    0.0102716625
    0.0078121627
    0.0041588367
    0.0099859714
    0.0101514266
    0.0091298272
    0.0067931158
    0.0034493354
    0.0075624192
    0.0083600786
    0.0072885204
    0.0040727715
    0.0051089881
    0.0043263472
    0.0026812374
    0.0058165139
    0.0060862437
    0.0039989284
    0.0070501624
    0.0086741713
    0.0089019997
    0.0083842788
    0.0053237477
    0.0080517662
    0.0098811034
    0.0107763292
    0.0123697994
    0.0083580640
    0.0107638635
    0.0090018256
