    0.0244144355
    0.0294863011
    0.0274314917
    0.0296023855
    0.0244711956
    0.0474932127
    0.0233537567
   -0.0052831509
    0.0177272954
    0.0231536717
    0.0170100602
    0.0113849905
   -0.0012586748
    0.0185723009
    0.0238261596
    0.0243499789
    0.0130225106
    0.0227077133
    0.0254709161
    0.0272814515
    0.0163824577
    0.0229123178
    0.0261426637
    0.0288847826
    0.0366060536
    0.0297014685
    0.0360372347
    0.0481411982
    0.0299158999
    0.0342463991
    0.0400353920
    0.0443872349
    0.0362808013
    0.0442375126
    0.0292376803
    0.0289103522
    0.0294699537
    0.0322223212
    0.0355510558
    0.0423167883
    0.0418677878
    0.0355709228
    0.0384807779
    0.0472296715
    0.0447772636
   -0.0236878839
   -0.0044047601
    0.0235734459
    0.0138708863
    0.0213853850
    0.0479060619
   -0.0290322724
   -0.0193215722
   -0.0315501692
   -0.0382545701
   -0.0302276113
   -0.0146208259
   -0.0106422946
   -0.0330761960
   -0.0404722944
   -0.0368458811
   -0.0171823504
   -0.0389948009
   -0.0363649667
   -0.0255988224
   -0.0295240218
   -0.0347262634
   -0.0296467919
   -0.0133304291
   -0.0212826827
    0.0008157724
   -0.0102079742
   -0.0111815593
   -0.0207464733
   -0.0032085626
   -0.0019872151
   -0.0130428189
   -0.0253940283
   -0.0072587247
   -0.0011412853
   -0.0182024125
   -0.0087793742
   -0.0039038997
   -0.0153454394
   -0.0239390448
   -0.0375080984
   -0.0395712579
   -0.0355066391
   -0.0447044526
   -0.0494300759
   -0.0489586945
   -0.0416533654
   -0.0272118022
   -0.0329119452
   -0.0406691942
   -0.0437553007
   -0.0413421101
   -0.0319327973
   -0.0033734753
   -0.0009601162
    0.0008478092
   -0.0062192253
   -0.0000085817
   -0.0078627757
   -0.0050354706
   -0.0078777570
   -0.0046943292
    0.0002067274
    0.0001947083
   -0.0065673658
   -0.0033643531
    0.0009949064
    0.0010324927
   -0.0024669912
   -0.0128066400
   -0.0059746859
   -0.0038801122
   -0.0058448127
   -0.0302856088
   -0.0143615988
   -0.0227330887
   -0.0211704851
   -0.0017320456
   -0.0014147340
   -0.0043365935
   -0.0127269214
   -0.0077319076
   -0.0240965157
   -0.0099042778
   -0.0197186524
   -0.0276812190
   -0.0203074086
   -0.0231043615
   -0.0412089328
   -0.0265471631
   -0.0287761833
   -0.0376417118
   -0.0243535805
   -0.0384206049
   -0.0471920162
   -0.0416565920
   -0.0453291221
   -0.0416947358
   -0.0327844378
   -0.0415246591
   -0.0480465448
   -0.0151464370
   -0.0052492000
   -0.0115256623
   -0.0042948081
    0.0013602812
   -0.0026033853
    0.0170768573
    0.0050529889
    0.0145840653
    0.0106273503
    0.0260367850
   -0.0215657239
    0.0081349915
    0.0234100138
    0.0345989784
    0.0369710727
   -0.0046836610
    0.0148776622
    0.0230495881
    0.0164266975
    0.0107468153
    0.0283057002
    0.0325506538
    0.0403901314
    0.0416846569
    0.0415300002
    0.0358954553
    0.0388227441
    0.0429550913
    0.0383488569
    0.0203711402
    0.0395690976
    0.0439198355
    0.0377109156
    0.0202970856
    0.0447199188
    0.0416725020
    0.0397106899
    0.0363738738
    0.0263891010
    0.0199619216
    0.0343588012
    0.0445580322
    0.0348706390
    0.0296792568
    0.0276403697
    0.0302349936
    0.0400950490
    0.0347929995
    0.0300188568
    0.0308295724
   -0.0144587420
   -0.0104706103
   -0.0102918878
   -0.0227451211
   -0.0040486586
   -0.0073288975
   -0.0009036847
   -0.0058785713
    0.0170500511
   -0.0107992755
   -0.0174452050
   -0.0169501621
   -0.0067749079
   -0.0155784153
   -0.0027544782
   -0.0010882702
   -0.0066656733
   -0.0135626871
    0.0201784260
    0.0102413068
    0.0037960182
    0.0088999171
    0.0242849755
    0.0240020971
    0.0183787017
    0.0274509795
   -0.0007766093
    0.0114968846
    0.0011749931
    0.0108539632
    0.0107273126
    0.0047938530
    0.0272043235
    0.0145604427
    0.0055907208
   -0.0176135857
    0.0096339620
   -0.0096981115
   -0.0075648412
   -0.0022524418
    0.0012025377
   -0.0122675297
   -0.0069682534
   -0.0058822020
   -0.0395089318
   -0.0342150246
   -0.0278954565
   -0.0155091330
   -0.0076527730
   -0.0392474066
   -0.0415596955
   -0.0385102318
   -0.0320938344
   -0.0224708537
   -0.0100029978
   -0.0242725103
   -0.0355331839
   -0.0370446968
   -0.0305507214
   -0.0168397713
    0.0258668770
    0.0126385613
    0.0185531967
    0.0258976682
    0.0207896185
    0.0198617438
    0.0232896853
    0.0271429779
    0.0198224017
   -0.0268420779
   -0.0271194995
   -0.0146198158
   -0.0351327095
   -0.0409626040
   -0.0391357677
   -0.0308477676
   -0.0165965477
   -0.0216049184
   -0.0367677484
   -0.0374782132
   -0.0266107877
   -0.0103724963
   -0.0276406268
   -0.0280586016
   -0.0216008982
   -0.0005573874
    0.0261032196
    0.0133154299
    0.0161268902
   -0.0340147697
   -0.0398065403
   -0.0517382662
   -0.0346615496
   -0.0422894045
   -0.0008934871
   -0.0186963967
   -0.0199127951
   -0.0317242494
   -0.0372187351
   -0.0375532036
   -0.0213055613
   -0.0263148118
   -0.0350600138
   -0.0385472062
   -0.0331148415
   -0.0163852974
   -0.0439313101
   -0.0241728642
   -0.0333222661
   -0.0290478016
   -0.0405480387
   -0.0134437076
   -0.0304061783
   -0.0134574248
    0.0083805224
   -0.0321783920
   -0.0322810177
    0.0204499472
    0.0075531256
    0.0136278268
    0.0108083210
    0.0129472601
    0.0111373762
    0.0068437482
    0.0131201743
    0.0071229048
    0.0035110269
   -0.0017605959
    0.0099978624
   -0.0106649231
    0.0143433120
    0.0139356577
    0.0119320972
    0.0031814093
    0.0137453557
    0.0149353077
    0.0325247472
    0.0018390864
    0.0284805257
    0.0327013228
    0.0163356894
    0.0162077294
    0.0175532573
    0.0196094654
    0.0151330847
    0.0168041198
    0.0227247793
    0.0222409708
    0.0190245435
    0.0242916445
    0.0224270416
    0.0189720969
    0.0274617708
   -0.0210334009
   -0.0232848458
   -0.0083280007
   -0.0239833234
   -0.0415167707
   -0.0260099241
    0.0170534198
    0.0208337297
    0.0043652248
    0.0328522646
    0.0262547088
    0.0167915154
   -0.0050386113
    0.0292086476
    0.0206423987
    0.0127103471
    0.0097363761
    0.0089862944
    0.0122449313
    0.0048806895
    0.0005130521
    0.0007824541
    0.0059070608
    0.0128472307
   -0.0003402742
   -0.0040370965
    0.0000331353
   -0.0256489459
   -0.0442041167
   -0.0380656782
   -0.0417197277
    0.0123258370
    0.0120191641
    0.0184429418
    0.0180653368
    0.0139725638
    0.0215135775
    0.0257008977
    0.0256718755
    0.0245190606
    0.0309297913
    0.0293770814
   -0.0151391308
    0.0137468568
   -0.0109458077
   -0.0294943894
    0.0130528982
    0.0098530489
    0.0023201889
    0.0059767557
    0.0007770957
    0.0004646452
    0.0165706410
    0.0308481901
    0.0203515803
   -0.0125305019
   -0.0433201889
   -0.0509132180
   -0.0534052061
   -0.0448585147
   -0.0249521424
   -0.0225193105
   -0.0403337505
   -0.0548702820
   -0.0570352099
   -0.0555716094
   -0.0468497974
   -0.0339106617
   -0.0477506876
   -0.0568965572
   -0.0577201408
   -0.0539006938
   -0.0450735407
   -0.0275892015
   -0.0506052050
   -0.0545848733
   -0.0535161150
   -0.0404394054
   -0.0481030560
   -0.0387439448
    0.0046431459
   -0.0117247471
    0.0013125550
    0.0091046680
    0.0090810569
   -0.0250195124
    0.0012306945
    0.0076197965
    0.0083284316
    0.0020569573
    0.0040653990
    0.0036608590
   -0.0411811492
   -0.0476809053
   -0.0287982060
   -0.0241732785
   -0.0039159135
    0.0081561379
    0.0267088412
    0.0264364211
    0.0091977119
    0.0134544238
    0.0177646269
    0.0233034781
    0.0078809970
    0.0257614568
    0.0203201371
    0.0054195299
   -0.0141305734
    0.0164413622
    0.0167505451
    0.0065319779
    0.0196361853
    0.0312477024
    0.0351321568
    0.0234053566
    0.0051429084
    0.0263841672
    0.0237334959
    0.0242407208
    0.0273093116
    0.0309772308
    0.0155601848
    0.0118181138
    0.0135980259
    0.0239147336
    0.0217272446
    0.0014229309
    0.0152424089
    0.0169527862
    0.0235590894
    0.0256010142
    0.0244481797
    0.0274593902
    0.0172351326
    0.0216156711
    0.0244860026
    0.0294959131
    0.0180078715
    0.0377732698
   -0.0012522078
   -0.0004904813
    0.0166082599
    0.0135681359
    0.0083237989
   -0.0033432059
    0.0098047076
    0.0178109639
    0.0202973314
    0.0030485500
    0.0152747741
    0.0201515566
    0.0222240599
    0.0100030771
    0.0175737072
    0.0211327816
    0.0233224900
    0.0189024809
    0.0227656033
    0.0251941415
    0.0307759398
    0.0276213200
    0.0313739583
    0.0393029628
    0.0270975316
    0.0307792764
    0.0348378576
    0.0380428622
    0.0284025973
    0.0312468246
    0.0356129297
    0.0408282569
    0.0359015132
    0.0232385201
    0.0252454450
    0.0275339207
    0.0307061484
    0.0273564615
    0.0265059862
    0.0282952167
    0.0308701172
    0.0348387625
    0.0426062760
    0.0325586704
    0.0328169099
    0.0368678707
    0.0405877523
    0.0016645638
    0.0204226858
    0.0187413034
   -0.0193973907
   -0.0221502110
   -0.0273315223
   -0.0204832922
   -0.0090308170
   -0.0306119561
   -0.0272709608
   -0.0125858420
   -0.0287941231
   -0.0305554206
   -0.0255675103
   -0.0107528669
   -0.0289664611
   -0.0267892723
   -0.0183498589
   -0.0001067630
   -0.0237182032
   -0.0188477982
   -0.0031855720
   -0.0110028705
   -0.0192952808
   -0.0145138441
   -0.0094552817
   -0.0166342315
   -0.0167719929
   -0.0311782195
   -0.0121590047
   -0.0052832113
   -0.0009829971
   -0.0269825853
   -0.0130556432
   -0.0160811890
   -0.0103207664
   -0.0289623453
   -0.0254875417
   -0.0267811007
   -0.0341896726
   -0.0375197593
   -0.0365344875
   -0.0309648516
   -0.0219066839
   -0.0288245172
   -0.0353052123
   -0.0384526267
   -0.0387024180
   -0.0353047748
   -0.0281196747
   -0.0168654781
   -0.0218849174
   -0.0284634330
   -0.0308739417
   -0.0290387961
   -0.0223766091
   -0.0057644580
   -0.0028100766
   -0.0006725613
   -0.0085482873
   -0.0024358069
   -0.0098777503
   -0.0130308368
   -0.0098712257
   -0.0031248378
   -0.0015408289
   -0.0054571854
   -0.0019532195
   -0.0008008484
   -0.0022692811
   -0.0104659781
   -0.0065458765
   -0.0036364412
   -0.0032375968
   -0.0052234756
   -0.0247608076
   -0.0155926831
   -0.0104571467
   -0.0092481531
   -0.0241193592
   -0.0191870284
   -0.0020869765
   -0.0031275406
   -0.0076251144
   -0.0170653431
   -0.0076818223
   -0.0165239541
   -0.0173059140
    0.0304468531
   -0.0164401021
    0.0168061162
   -0.0116891621
   -0.0267400086
   -0.0176298199
   -0.0217038863
   -0.0145029360
   -0.0235362213
   -0.0335438771
   -0.0266358696
   -0.0222351312
   -0.0271205007
   -0.0300328196
   -0.0196153320
   -0.0297748386
   -0.0365423662
   -0.0343172189
   -0.0352164110
   -0.0312019660
   -0.0256444292
   -0.0314426995
   -0.0361946538
   -0.0157184355
   -0.0071405845
   -0.0048509498
   -0.0101726242
   -0.0016570970
    0.0077577525
    0.0142436623
    0.0053909641
    0.0180951436
   -0.0009310518
    0.0137301551
    0.0237010836
    0.0290471719
    0.0281918833
   -0.0062454794
    0.0061429130
    0.0162168329
    0.0180543392
    0.0118395748
    0.0082182038
    0.0297335910
    0.0406511733
    0.0397132470
    0.0265420645
    0.0317303298
    0.0351839426
    0.0357645812
    0.0373443442
    0.0305050225
    0.0326453865
    0.0346176952
    0.0380053558
    0.0335324497
    0.0354718457
    0.0389585682
    0.0326552872
    0.0408384064
    0.0376762853
    0.0348019175
    0.0295683087
    0.0396311043
    0.0378021672
    0.0298157051
    0.0200760647
    0.0323730666
    0.0267901499
    0.0237991837
    0.0241289526
    0.0343717676
    0.0290175462
    0.0258365933
    0.0250129629
    0.0325197196
    0.0286588981
    0.0258108811
    0.0268199518
   -0.0196325564
   -0.0170604744
   -0.0128433773
   -0.0115167656
   -0.0107404889
   -0.0209988868
   -0.0070558222
   -0.0099768843
   -0.0027189918
   -0.0121912671
    0.0032895058
   -0.0128877461
   -0.0110565670
   -0.0113343794
   -0.0117915223
   -0.0116688427
   -0.0121191529
   -0.0095984124
   -0.0068227753
   -0.0100403585
    0.0073916546
   -0.0017880876
    0.0160289467
    0.0092741391
    0.0061778102
    0.0105085308
    0.0196475169
    0.0261189762
    0.0186558711
    0.0161739803
    0.0232574060
    0.0118555904
    0.0048031560
    0.0060714794
   -0.0005059292
    0.0089910145
    0.0068603715
    0.0009858787
    0.0167722234
    0.0091895058
    0.0018173594
   -0.0080998820
   -0.0128365828
   -0.0093138527
   -0.0073671899
   -0.0173679913
   -0.0049928046
   -0.0043706431
   -0.0131696622
   -0.0077976992
   -0.0116454882
   -0.0267847419
   -0.0211694089
   -0.0156522965
   -0.0053792535
    0.0037533053
   -0.0326055845
   -0.0301507325
   -0.0284341757
   -0.0237577563
   -0.0167382646
   -0.0072295575
   -0.0046455162
   -0.0220244956
   -0.0270563919
   -0.0302413716
   -0.0294853648
   -0.0256156129
   -0.0180712082
   -0.0112566377
   -0.0219543449
   -0.0242012108
   -0.0186700255
   -0.0066974305
    0.0012532624
    0.0176432650
   -0.0002981616
    0.0277163514
    0.0221302072
    0.0144534279
    0.0080619080
    0.0227788862
    0.0225102323
    0.0191126931
    0.0227420843
    0.0153255315
    0.0219224422
    0.0264323241
    0.0181949582
   -0.0144435890
   -0.0210723837
   -0.0272774698
   -0.0287660201
   -0.0257559869
   -0.0188945274
   -0.0098058452
   -0.0283730268
   -0.0318475876
   -0.0304268272
   -0.0242266898
   -0.0076020833
   -0.0202685768
   -0.0273509413
   -0.0266910213
   -0.0150157554
   -0.0075520048
   -0.0210519383
   -0.0190989856
   -0.0144474163
   -0.0059174237
    0.0133931122
    0.0125870851
   -0.0011919853
   -0.0265675961
   -0.0392641742
   -0.0297800334
   -0.0324034394
   -0.0138725338
   -0.0174105943
   -0.0282913701
   -0.0277690482
   -0.0015629377
   -0.0148460841
   -0.0180967332
   -0.0256989269
   -0.0288154760
   -0.0251879830
   -0.0172562443
   -0.0250633830
   -0.0270190571
   -0.0235003345
   -0.0129742995
   -0.0347246853
   -0.0176686428
   -0.0226837421
   -0.0203788629
   -0.0289271920
   -0.0183905488
   -0.0323608557
   -0.0069918674
   -0.0059797480
    0.0099340673
   -0.0274846914
   -0.0247133869
    0.0154175322
    0.0068514387
    0.0106725162
    0.0087272260
    0.0101908215
    0.0085784940
    0.0056596885
    0.0038787779
    0.0112359099
    0.0073656562
    0.0054022882
    0.0022609094
   -0.0008417987
    0.0088426429
   -0.0004560137
   -0.0051081180
   -0.0110378789
    0.0044044701
    0.0112383082
    0.0110644141
    0.0092587496
    0.0130922585
    0.0118316824
   -0.0028223039
    0.0094004650
    0.0305529474
    0.0344532275
    0.0327176105
    0.0276502412
    0.0135204532
    0.0134993257
    0.0151873268
    0.0152671857
    0.0130039248
    0.0162444009
    0.0180841918
    0.0172567213
    0.0150705821
    0.0202109057
    0.0219558115
    0.0188236465
    0.0169123836
    0.0142212671
    0.0192480200
    0.0178649913
    0.0153976471
   -0.0240110551
   -0.0209798730
   -0.0081099466
   -0.0263073295
   -0.0178335954
   -0.0295740339
    0.0139764645
    0.0230125981
    0.0129189601
    0.0011184710
    0.0261187040
    0.0191622223
    0.0088856420
   -0.0094294566
    0.0278530200
    0.0231233767
    0.0146712679
   -0.0034213357
    0.0261701165
    0.0094706758
    0.0075027561
    0.0054138265
    0.0071126024
    0.0104850286
    0.0035415067
   -0.0010153227
   -0.0030478695
    0.0014078165
    0.0070483928
   -0.0025274140
   -0.0105152941
   -0.0137114880
   -0.0085004264
   -0.0018149396
   -0.0002633428
   -0.0059242339
   -0.0180412906
   -0.0268934766
   -0.0305732380
    0.0095899818
    0.0122143818
    0.0147370124
    0.0127705040
    0.0144438879
    0.0187199787
    0.0198966379
    0.0176480714
    0.0163438521
    0.0220907212
    0.0252302273
    0.0194512261
    0.0268196927
    0.0057328472
   -0.0124302631
    0.0049239292
   -0.0152538416
    0.0064893563
    0.0036146641
    0.0096744953
    0.0077970436
   -0.0003115973
   -0.0337598571
   -0.0398007692
   -0.0417055636
   -0.0343293637
   -0.0208900823
   -0.0199059235
   -0.0316440121
   -0.0424319672
   -0.0456107988
   -0.0442932815
   -0.0363263534
   -0.0266552247
   -0.0356471989
   -0.0436779158
   -0.0468412041
   -0.0455641865
   -0.0404821903
   -0.0295513739
   -0.0354508934
   -0.0363623575
   -0.0438151006
   -0.0463708636
   -0.0423623026
   -0.0353097752
   -0.0416563805
   -0.0420335466
   -0.0418626178
   -0.0320766215
    0.0019003751
   -0.0109656099
   -0.0037059355
    0.0043051500
    0.0065963828
    0.0063982657
    0.0008024737
   -0.0045291652
    0.0036384387
    0.0059891158
    0.0075267783
   -0.0110045111
    0.0005201663
    0.0028704275
    0.0028832190
   -0.0408743639
   -0.0331631230
   -0.0095339145
   -0.0015802423
    0.0026198371
    0.0256398785
    0.0196722699
    0.0065728592
    0.0108202139
    0.0181673111
    0.0090931782
    0.0248107591
    0.0027654230
   -0.0210380843
    0.0237459907
    0.0194000074
    0.0136517676
    0.0025182365
   -0.0108502819
    0.0142668063
    0.0117561290
    0.0045410002
    0.0230461084
    0.0264910234
    0.0251146755
    0.0126334319
    0.0055832176
    0.0232403123
    0.0177594452
    0.0212767676
    0.0199942127
    0.0248546362
    0.0159362782
    0.0090911695
    0.0089733478
    0.0130696039
    0.0203080430
    0.0233346199
   -0.0127564901
   -0.0014338432
    0.0080900365
    0.0171174425
    0.0032515694
    0.0136787702
    0.0136292264
    0.0205441985
    0.0226245348
    0.0219047898
    0.0244139033
    0.0028406113
    0.0224795858
    0.0247255644
    0.0165929531
    0.0204636415
    0.0332549633
    0.0316309583
    0.0041820687
    0.0020259799
    0.0153604851
    0.0113670574
    0.0070928935
    0.0150648558
    0.0182100737
   -0.0056048301
    0.0091349079
    0.0155187200
    0.0186044894
    0.0208802787
    0.0033661219
    0.0126472187
    0.0171896255
    0.0198831159
    0.0150957419
    0.0192127210
    0.0224752552
    0.0278390099
    0.0247652094
    0.0283937572
    0.0254404548
    0.0284978305
    0.0320453471
    0.0351933384
    0.0266483628
    0.0293406309
    0.0331889759
    0.0348523401
    0.0218221720
    0.0237460110
    0.0261202972
    0.0243680550
    0.0229465477
    0.0241776471
    0.0262304720
    0.0290526686
    0.0338217102
    0.0288224065
    0.0292595010
    0.0335726405
    0.0121488156
    0.0358008504
    0.0357887447
   -0.0126403433
   -0.0154557192
   -0.0202098040
   -0.0135011986
   -0.0032016003
   -0.0231256738
   -0.0223757107
   -0.0138548243
   -0.0243019117
   -0.0215091473
   -0.0125732720
   -0.0222568090
   -0.0221215641
   -0.0166465264
   -0.0051352225
   -0.0176799204
   -0.0163221958
   -0.0067794598
   -0.0132127117
   -0.0147706447
   -0.0205992531
   -0.0164475656
   -0.0121049652
   -0.0135421398
   -0.0152996171
   -0.0186107243
   -0.0212332831
   -0.0231005610
   -0.0282487640
   -0.0305312892
   -0.0298185366
   -0.0260395051
   -0.0204463705
   -0.0240374757
   -0.0290692153
   -0.0314548090
   -0.0317560389
   -0.0296662324
   -0.0251829822
   -0.0185029326
   -0.0183691534
   -0.0231908527
   -0.0252282766
   -0.0245169890
   -0.0208082340
   -0.0139556788
   -0.0073507375
   -0.0038514150
   -0.0011533791
   -0.0102588164
   -0.0031849006
   -0.0111737150
   -0.0136309812
   -0.0073713013
   -0.0106203897
   -0.0045452359
   -0.0027606788
   -0.0073220900
   -0.0041838409
   -0.0025199397
   -0.0028366854
   -0.0122006778
   -0.0088434259
   -0.0059031690
   -0.0046928837
   -0.0054854488
   -0.0185642022
   -0.0128539487
   -0.0105867345
   -0.0261405009
   -0.0210872201
   -0.0037220666
   -0.0065205178
   -0.0132849883
   -0.0126480851
   -0.0134859911
    0.0246388463
    0.0219084427
   -0.0129280109
    0.0140995056
    0.0038318229
   -0.0216222256
   -0.0169587883
   -0.0170884848
   -0.0142073454
   -0.0180279569
   -0.0266779473
   -0.0229677575
   -0.0193954994
   -0.0210510871
   -0.0234345675
   -0.0186654524
   -0.0229598302
   -0.0287377587
   -0.0275989172
   -0.0274968664
   -0.0228963514
   -0.0180786983
   -0.0233477981
   -0.0278693081
   -0.0140584533
   -0.0103549074
   -0.0065438340
   -0.0055555078
    0.0032645836
    0.0187667457
   -0.0015256436
    0.0111038079
   -0.0088056419
    0.0070030843
    0.0173528287
    0.0249181133
    0.0276648892
   -0.0079405329
    0.0041484049
    0.0141145774
    0.0164121132
    0.0066147422
    0.0366766717
    0.0220230182
    0.0260949095
    0.0304498725
    0.0321166475
    0.0326276883
    0.0349393120
    0.0267150438
    0.0289191671
    0.0309709860
    0.0341277567
    0.0297042170
    0.0336775228
    0.0338686168
    0.0289022793
    0.0361906852
    0.0333201760
    0.0307506048
    0.0253583396
    0.0354768106
    0.0342431011
    0.0253781516
    0.0349347075
    0.0278587363
    0.0236983118
    0.0219599081
    0.0233240483
    0.0356840602
    0.0292707280
    0.0251480286
    0.0228180619
    0.0225695638
    0.0294958193
    0.0257072482
    0.0228801647
    0.0236975147
   -0.0198616935
   -0.0148269592
   -0.0142796759
   -0.0126342293
   -0.0094823435
   -0.0116093441
   -0.0070138303
   -0.0143167725
   -0.0139126574
   -0.0137341402
   -0.0144560805
   -0.0149397630
   -0.0142792125
   -0.0130805430
   -0.0121302954
   -0.0095095545
   -0.0106291341
    0.0021993367
   -0.0067730395
    0.0189730454
    0.0112211283
    0.0058016003
    0.0040340016
    0.0085611570
    0.0159280039
    0.0235473501
    0.0161168929
    0.0133942447
    0.0201481567
    0.0031432574
    0.0034653626
   -0.0027649386
    0.0092763786
    0.0060489846
    0.0039678362
   -0.0012099123
    0.0143296834
    0.0067135999
   -0.0002906987
   -0.0173526514
   -0.0131503952
   -0.0100811791
   -0.0154384879
   -0.0076834747
   -0.0070872125
   -0.0122156629
   -0.0088799465
   -0.0185647197
   -0.0150290486
   -0.0101529771
   -0.0020486170
   -0.0234420665
   -0.0226631127
   -0.0209461967
   -0.0170943801
   -0.0112998111
   -0.0033248358
   -0.0006118048
   -0.0175226777
   -0.0213994405
   -0.0230219201
   -0.0218775886
   -0.0182623901
   -0.0116580269
   -0.0112091771
   -0.0170440574
   -0.0173157187
   -0.0119110982
    0.0103462572
    0.0287554705
    0.0250579460
    0.0177643219
    0.0102317314
    0.0238646061
    0.0196446550
    0.0169528993
    0.0208159665
    0.0247719071
   -0.0152777265
   -0.0203971050
   -0.0226600384
   -0.0220526273
   -0.0194590251
   -0.0070552004
   -0.0221383266
   -0.0252109523
   -0.0249958752
   -0.0216565072
   -0.0064661317
   -0.0158712604
   -0.0217374712
   -0.0218651382
   -0.0152111962
   -0.0069332999
   -0.0167924882
   -0.0151714141
   -0.0107322383
   -0.0158682813
    0.0144327436
    0.0116811337
    0.0083373938
    0.0053812912
   -0.0211098914
   -0.0302921785
   -0.0228622999
   -0.0124521276
   -0.0148314362
   -0.0217957942
   -0.0218256831
    0.0001093013
   -0.0100280161
   -0.0137152616
   -0.0200159568
   -0.0224538710
   -0.0166129285
   -0.0093812130
   -0.0177364027
   -0.0191546744
   -0.0168944090
   -0.0158417389
   -0.0178298976
   -0.0024509859
   -0.0169794267
   -0.0072630214
   -0.0036991983
    0.0112684603
    0.0071341190
    0.0087400463
    0.0067042889
    0.0079331175
    0.0062900837
    0.0038485731
    0.0016946725
    0.0094315264
    0.0050387821
    0.0030291917
    0.0002623821
   -0.0027349411
    0.0069105513
   -0.0026504695
   -0.0069759027
   -0.0123767003
    0.0019205294
    0.0090839620
    0.0091224071
    0.0073981449
    0.0107129454
    0.0111225959
    0.0054946148
    0.0114075526
    0.0056099049
    0.0105095604
   -0.0056357411
    0.0084177492
    0.0127108266
    0.0053729978
    0.0308729968
    0.0299032644
    0.0348023934
    0.0115203409
    0.0128470834
    0.0128314386
    0.0152139493
    0.0151658357
    0.0141043019
    0.0124304756
    0.0184109005
    0.0152451673
    0.0136600600
    0.0116257883
    0.0154236552
    0.0142784629
    0.0121595263
   -0.0241259071
   -0.0250502467
   -0.0178829629
   -0.0276260114
    0.0117235115
    0.0107079952
   -0.0004806559
    0.0207242967
    0.0137955916
    0.0027736184
    0.0281004326
    0.0244846688
    0.0184582589
    0.0084733176
    0.0216436283
    0.0072918554
    0.0053289620
    0.0024776086
    0.0044276003
    0.0086110994
    0.0022110744
   -0.0031544631
   -0.0078049447
   -0.0050106608
    0.0012973184
    0.0076690968
   -0.0044040300
   -0.0137372292
   -0.0229801023
   -0.0175496609
   -0.0098414128
   -0.0145333531
   -0.0226506262
   -0.0231699240
    0.0076383050
    0.0103979971
    0.0123471702
    0.0099658376
    0.0104233720
    0.0146316782
    0.0169806881
    0.0166400442
    0.0131741103
    0.0177933578
    0.0214509718
    0.0233488098
    0.0275512818
    0.0014938973
   -0.0119835769
    0.0026789703
   -0.0116247525
    0.0064063405
    0.0029260220
    0.0042352140
    0.0088375824
   -0.0039531920
   -0.0022164361
    0.0075722132
    0.0231646194
   -0.0268030486
   -0.0320006076
   -0.0337821671
   -0.0268764632
   -0.0155817894
   -0.0152631109
   -0.0249134969
   -0.0336713380
   -0.0373464702
   -0.0367136182
   -0.0312897863
   -0.0224653875
   -0.0271326288
   -0.0340939012
   -0.0384637357
   -0.0380591064
   -0.0340029125
   -0.0257037281
   -0.0256990102
   -0.0249580503
   -0.0344429291
   -0.0384213023
   -0.0358602539
   -0.0356398510
    0.0002465474
   -0.0128365882
   -0.0057091945
    0.0022242903
    0.0050796893
   -0.0092408470
    0.0000417433
    0.0032968782
    0.0050921208
   -0.0026142248
    0.0006642323
    0.0006382464
   -0.0369674570
   -0.0291661999
   -0.0049283782
   -0.0020065001
    0.0225569194
    0.0153860176
    0.0022971122
    0.0074481727
    0.0153767308
    0.0004569572
    0.0211292746
    0.0164385863
    0.0104658198
    0.0007508459
   -0.0120700109
    0.0132048594
    0.0099715047
    0.0033900197
    0.0230213768
    0.0238015107
    0.0208715763
    0.0078880819
    0.0032980728
    0.0211344002
    0.0152099865
    0.0152415250
    0.0210887046
    0.0047377768
    0.0050886818
    0.0091559145
    0.0158165912
    0.0067795381
    0.0145275818
    0.0120028034
    0.0120830368
    0.0180670572
    0.0199514077
    0.0200642502
    0.0201335068
    0.0193286990
    0.0205880706
    0.0231323440
    0.0104653955
    0.0155309279
    0.0184800647
    0.0204417810
    0.0222610072
    0.0246993618
    0.0149180669
    0.0334740448
   -0.0066978496
    0.0025775918
    0.0135182814
    0.0038151178
    0.0144196517
    0.0098712590
    0.0057761613
    0.0126785910
    0.0159176240
   -0.0052931617
    0.0069536028
    0.0128774892
    0.0160520624
    0.0184737164
    0.0071813911
    0.0128626153
    0.0160760947
    0.0183659202
    0.0097935564
    0.0145338414
    0.0176204190
    0.0246973301
    0.0222576405
    0.0253877671
    0.0227522948
    0.0252211075
    0.0283997562
    0.0317173823
    0.0242422062
    0.0265496382
    0.0295570264
    0.0330475895
    0.0264363676
    0.0290730590
    0.0333085832
    0.0195483352
    0.0212849016
    0.0231938551
    0.0257278260
    0.0298214017
    0.0222593964
    0.0215141755
    0.0226243507
    0.0245459077
    0.0273618287
    0.0321459658
    0.0267662528
    0.0271557409
    0.0313634651
    0.0088724313
    0.0319059761
   -0.0078721322
   -0.0107817228
   -0.0144681914
   -0.0089775502
   -0.0007197482
   -0.0167415594
   -0.0178535001
   -0.0137263688
   -0.0191152158
   -0.0186252006
   -0.0137775788
   -0.0188495986
   -0.0189076207
   -0.0155103109
   -0.0084706037
   -0.0172633604
   -0.0171542881
   -0.0127986920
   -0.0044360032
   -0.0120375383
   -0.0056516690
   -0.0159781448
   -0.0244324627
   -0.0163829449
   -0.0198743576
   -0.0135756525
   -0.0150410521
   -0.0174629651
   -0.0248877253
   -0.0154524193
   -0.0194014204
   -0.0225883878
   -0.0237861074
   -0.0225042593
   -0.0213509508
   -0.0247092008
   -0.0265156853
   -0.0269767915
   -0.0259896775
   -0.0236214512
   -0.0202632483
   -0.0164009438
   -0.0198482513
   -0.0234694076
   -0.0252176429
   -0.0256084902
   -0.0245288592
   -0.0219386877
   -0.0179433575
   -0.0186694018
   -0.0186784368
   -0.0169828575
   -0.0085121393
   -0.0045811378
   -0.0116840842
   -0.0064412955
   -0.0036455350
   -0.0033465771
   -0.0126676100
   -0.0053667839
   -0.0154608020
   -0.0133304055
   -0.0119665201
   -0.0139966195
   -0.0128207342
   -0.0055861972
   -0.0037155126
   -0.0078893251
   -0.0050338128
   -0.0034696940
   -0.0034070988
   -0.0106828955
   -0.0080117342
   -0.0056644499
   -0.0044241841
   -0.0045718011
   -0.0177763809
   -0.0139818446
   -0.0103374436
   -0.0081018416
   -0.0075695642
   -0.0172964571
   -0.0137996683
   -0.0026327972
   -0.0058242447
   -0.0101844649
   -0.0085475611
   -0.0163296750
   -0.0051817902
    0.0204365237
    0.0181691711
   -0.0100365927
    0.0119234768
    0.0031619300
   -0.0154384085
   -0.0147391096
   -0.0130256623
   -0.0100664419
   -0.0198904485
   -0.0177707950
   -0.0139746882
   -0.0137628082
   -0.0159961061
   -0.0148549140
   -0.0074889439
   -0.0170144401
   -0.0223716327
   -0.0211008439
   -0.0191212557
   -0.0191113643
   -0.0198927206
   -0.0177321512
   -0.0192977228
   -0.0231249797
   -0.0229882321
   -0.0221528390
   -0.0179024360
   -0.0143472246
   -0.0184617175
   -0.0218974242
   -0.0108563476
   -0.0117581748
   -0.0066409819
   -0.0012585745
   -0.0065914797
    0.0038936514
    0.0050254221
    0.0151632987
   -0.0076705603
    0.0052889459
    0.0141631097
    0.0203118366
    0.0225791885
   -0.0060864411
    0.0031468587
    0.0115679234
    0.0137730611
    0.0054993834
    0.0238054809
    0.0322096686
    0.0318374662
    0.0229568976
    0.0263601821
    0.0281268564
    0.0290493248
    0.0310150951
    0.0239465852
    0.0257687936
    0.0276931241
    0.0299686259
    0.0264632915
    0.0321803925
    0.0333166789
    0.0301184727
    0.0274799827
    0.0318508256
    0.0300095121
    0.0285886941
    0.0249384462
    0.0214051263
    0.0206122029
    0.0282952410
    0.0239477304
    0.0214059086
    0.0205715961
    0.0217748713
    0.0308570095
    0.0260363028
    0.0226519510
    0.0206403950
    0.0201752862
    0.0258447829
    0.0229946302
    0.0205210150
   -0.0223166535
   -0.0185233885
   -0.0149267046
   -0.0132713827
   -0.0125834132
   -0.0106871096
   -0.0134807611
   -0.0064526618
   -0.0130651565
   -0.0121488373
   -0.0120630619
   -0.0122461886
   -0.0128288368
   -0.0119186544
   -0.0128192815
    0.0112005056
    0.0039996116
   -0.0021181324
    0.0184798305
    0.0118175025
    0.0072340001
    0.0057035018
    0.0083489349
    0.0133848082
    0.0212629403
    0.0149121698
    0.0122204276
    0.0177008646
    0.0022933424
   -0.0003948106
    0.0027222379
    0.0010955439
   -0.0031164688
    0.0050902655
    0.0024123271
   -0.0025907165
    0.0111428073
    0.0047245313
   -0.0148176780
   -0.0150562362
   -0.0107294147
   -0.0102982325
   -0.0147844748
   -0.0086243958
   -0.0091597463
   -0.0091387774
   -0.0107135336
   -0.0080195518
   -0.0036406282
   -0.0167746877
   -0.0155949338
   -0.0132738958
   -0.0093770585
   -0.0038809426
    0.0034281687
   -0.0166460835
   -0.0177899010
   -0.0179681134
   -0.0166813214
   -0.0140173992
   -0.0099337380
   -0.0041196516
   -0.0109843229
   -0.0150546029
   -0.0167347004
   -0.0161291665
   -0.0133267661
   -0.0078906266
   -0.0070600381
   -0.0107743274
   -0.0104300558
   -0.0057812955
    0.0202495935
    0.0114999116
    0.0016335895
    0.0221841331
    0.0159727985
    0.0111135661
    0.0236057654
    0.0194058103
    0.0172403490
    0.0202630858
   -0.0149140426
   -0.0165987056
   -0.0169919689
   -0.0155436656
   -0.0187947110
   -0.0204122184
   -0.0205165056
   -0.0196159069
   -0.0186250085
   -0.0036245949
   -0.0105566338
   -0.0183414449
   -0.0203907161
   -0.0201260968
   -0.0175313630
   -0.0078231577
   -0.0141158909
   -0.0169788886
   -0.0169360650
   -0.0071405182
   -0.0137055803
   -0.0118231043
   -0.0087668636
   -0.0175581430
    0.0083349545
    0.0049710667
    0.0004671336
   -0.0180817449
   -0.0253282348
   -0.0156629574
   -0.0215668190
   -0.0132048249
   -0.0189662111
   -0.0128275291
   -0.0145856921
   -0.0181588767
   -0.0181018029
   -0.0023818277
   -0.0091914402
   -0.0122587517
   -0.0162345884
   -0.0177917119
   -0.0057002553
   -0.0131056621
   -0.0137633339
    0.0039966016
   -0.0122390313
   -0.0108090804
   -0.0074619327
   -0.0142092842
   -0.0067706741
   -0.0169079810
    0.0008183325
   -0.0099592098
    0.0073718188
    0.0055329282
    0.0067033306
    0.0050794424
    0.0030203514
    0.0084222831
    0.0050020837
    0.0033432835
    0.0011949258
   -0.0013322879
    0.0066533418
    0.0010728033
   -0.0013428731
   -0.0042627072
   -0.0074339168
    0.0035705072
   -0.0078951648
    0.0073772648
    0.0075713785
    0.0059025966
    0.0088167207
    0.0091614964
    0.0080127097
    0.0040782520
    0.0096387276
    0.0095428908
    0.0084220876
    0.0090213149
   -0.0049285724
    0.0077342003
   -0.0106070711
    0.0089898498
    0.0051493349
    0.0008072143
    0.0323651705
    0.0259155621
    0.0108138629
    0.0108167565
    0.0123203444
    0.0124999968
    0.0117808339
    0.0106362860
    0.0174033411
    0.0141963016
    0.0125654966
    0.0113832002
    0.0099935719
    0.0147795442
    0.0121842173
    0.0110433293
    0.0093269725
    0.0119352655
   -0.0187686065
   -0.0282993403
    0.0098932894
    0.0091601072
    0.0002965578
    0.0181092030
    0.0116864686
    0.0026570229
    0.0237065558
    0.0190874809
    0.0127042401
    0.0023831964
    0.0284070266
    0.0230246005
    0.0159988106
    0.0057037092
    0.0040343001
    0.0013703454
    0.0031530779
    0.0070311242
    0.0013783262
   -0.0035062451
   -0.0071611822
   -0.0044764400
    0.0011927857
    0.0066213737
   -0.0118380936
   -0.0106175792
   -0.0024361512
   -0.0151411408
   -0.0102308336
   -0.0156947636
   -0.0163492208
    0.0086480367
    0.0099003066
    0.0074856639
    0.0090065203
    0.0121289433
    0.0137248994
    0.0129262432
    0.0095553406
    0.0125447047
    0.0163232201
    0.0179940283
    0.0153902491
    0.0210233858
    0.0232948706
   -0.0007604383
   -0.0108715184
    0.0010426095
   -0.0094045162
    0.0004631639
    0.0048942791
    0.0056326640
    0.0008651158
    0.0058320902
   -0.0013129854
    0.0037428684
    0.0131781749
   -0.0216700392
   -0.0257443441
   -0.0272486562
   -0.0217187813
   -0.0134964493
   -0.0133741975
   -0.0201293515
   -0.0269302196
   -0.0303586018
   -0.0304574254
   -0.0271417342
   -0.0194186205
   -0.0181045967
   -0.0215513833
   -0.0267268193
   -0.0315197191
   -0.0322312927
   -0.0299610205
   -0.0246484307
   -0.0271374009
   -0.0321240580
   -0.0324249106
   -0.0295060442
   -0.0277204292
   -0.0321289179
   -0.0298319986
   -0.0305646358
   -0.0008050853
   -0.0109092333
   -0.0059435501
    0.0006740968
    0.0036035859
   -0.0092905322
   -0.0013510901
    0.0020498357
    0.0041514518
   -0.0061393891
   -0.0009359378
    0.0005914410
    0.0017544636
   -0.0025876317
   -0.0288529515
   -0.0123586605
   -0.0026410570
   -0.0033179171
    0.0206526185
    0.0133507544
    0.0034434817
    0.0062205005
    0.0135924569
    0.0002327608
    0.0203728796
    0.0155519602
    0.0092982855
   -0.0011934640
    0.0173614100
    0.0131850360
    0.0075453976
   -0.0000669210
   -0.0095621739
    0.0110421470
    0.0078862218
    0.0026543673
    0.0211030263
    0.0199598823
    0.0162221060
    0.0056065853
    0.0046116860
    0.0193294599
    0.0133892854
    0.0120389728
    0.0042774818
    0.0043863523
    0.0077586031
    0.0131110166
   -0.0059743396
    0.0019231254
    0.0076672973
    0.0141583277
    0.0089414176
