  -3.1920741358    1.3122760102    1.7196565238
  -3.7170741358    2.2216026841    1.4383098718
  -4.2420741358    1.3122760102    1.4383098718
  -3.7170741358    0.4029493362    1.4383098718
  -4.3830388021    2.6867225038    0.6696565238
  -4.9370592446    1.8246498679    0.6696565238
  -3.9367443986    3.2758101198   -0.3803434762
  -4.7639467070    2.7048335925   -0.3803434762
  -3.4508954929    3.1124180893   -1.4303434762
  -4.3830388021    2.6867225038   -1.4303434762
  -2.6670741358    2.2216026841   -2.1989968241
  -3.7170741358    2.2216026841   -2.1989968241
  -3.1920741358    1.3122760102   -2.4803434762
  -2.4405647082    0.3630128062    1.6532765729
  -1.3905647082    2.1816661541   -1.9840301230
  -1.9155647082    1.2723394802   -2.2653767751
  -1.1593153753    0.1101058644    1.7753788873
  -1.6843153753   -0.7992208096    1.4940322353
  -0.6343153753    1.0194325384   -2.1432744606
  -1.1593153753    0.1101058644   -2.4246211127
  -3.7994465700    0.1637604481    1.3422281938
  -4.3244465700   -0.7455662259    1.0608815417
  -3.2744465700    1.0730871221   -2.5764251542
  -3.7994465700    0.1637604481   -2.8577718062
  -3.2363609511   -1.0120078103    1.1761030438
  -3.7613609511   -1.9213344843    0.8947563918
  -4.4273256173   -2.3864543039    0.1261030438
  -4.8082335222   -2.4045653926   -0.9238969562
  -4.4273256173   -2.3864543039   -1.9738969562
  -2.7113609511   -0.1026811363   -2.7425503041
  -4.2863609511   -1.0120078103   -2.7425503041
  -3.2363609511   -1.0120078103   -3.0238969562
  -1.9262081617   -1.0085038147    1.4120373939
  -2.4512081617   -1.9178304887    1.1306907419
  -1.4012081617   -0.0991771407   -2.5066159540
  -1.9262081617   -1.0085038147   -2.7879626061
   0.1798234501   -0.4122217238    1.9143807719
  -0.3451765499    0.4971049502    1.6330341199
  -0.3451765499   -1.3215483978    1.6330341199
   1.2298234501   -0.4122217238   -2.0042725760
   0.1798234501   -0.4122217238   -2.2856192281
  -1.0962466502   -2.0547859055    1.3646840884
  -0.5712466502   -2.9641125795    1.0833374363
  -0.5712466502   -1.1454592315   -2.5539692596
   0.1712449431   -1.6780219993    1.6683304171
  -0.8787550569   -1.6780219993    1.3869837651
  -0.3537550569   -2.5873486733    1.3869837651
   0.6962449431   -2.5873486733    1.3869837651
   0.9267408473   -3.3323272731    0.6183304171
   1.7011934970   -2.6612602320    0.6183304171
   2.2712449431   -1.6780219993   -0.4316695829
   1.3641809112   -3.4062881177   -0.4316695829
   2.0307025970   -2.6539406606   -0.4316695829
   1.9898982910   -1.6780219993   -1.4816695829
   1.7011934970   -2.6612602320   -1.4816695829
   1.2212449431   -1.6780219993   -2.2503229308
   0.6962449431   -0.7686953253   -2.2503229308
  -0.3537550569   -0.7686953253   -2.2503229308
   0.6962449431   -2.5873486733   -2.2503229308
   0.1712449431   -1.6780219993   -2.5316695829
  -1.1895568025    2.7583192139    2.7385543041
  -0.1569135034    2.7583192139    2.5028602097
  -0.6732351530    3.6526145439    2.5028602097
  -1.7058784521    3.6526145439    2.5028602097
  -2.2222001016    2.7583192139    2.5028602097
  -1.7058784521    1.8640238838    2.5028602097
  -0.6732351530    1.8640238838    2.5028602097
   0.6712021258    2.7583192139    1.8424600325
   0.3158287929    3.8520458700    1.8424600325
  -0.6145506712    4.5280061179    1.8424600325
  -1.7645629338    4.5280061179    1.8424600325
  -2.6949423979    3.8520458700    1.8424600325
  -3.0503157308    2.7583192139    1.8424600325
  -2.6949423979    1.6645925578    1.8424600325
  -0.6145506712    0.9886323099    1.8424600325
   0.3158287929    1.6645925578    1.8424600325
   0.8649919882    3.8366296025    0.8881541269
   0.1285399800    4.6679120762    0.8881541269
  -0.9098721163    5.0617298381    0.8881541269
  -2.0123566037    4.9278639852    0.8881541269
  -2.9263475724    4.2969815710    0.8881541269
  -3.4424607063    3.3136101537    0.8881541269
   0.8649919882    3.8366296025   -0.1710455188
   0.1285399800    4.6679120762   -0.1710455188
  -0.9098721163    5.0617298381   -0.1710455188
  -2.0123566037    4.9278639852   -0.1710455188
  -2.9263475724    4.2969815710   -0.1710455188
   0.3158287929    3.8520458700   -1.1253514244
  -0.6145506712    4.5280061179   -1.1253514244
  -1.7645629338    4.5280061179   -1.1253514244
  -2.6949423979    3.8520458700   -1.1253514244
  -0.1569135034    2.7583192139   -1.7857516016
  -0.6732351530    3.6526145439   -1.7857516016
  -1.7058784521    3.6526145439   -1.7857516016
  -2.2222001016    2.7583192139   -1.7857516016
  -0.6732351530    1.8640238838   -1.7857516016
  -1.1895568025    2.7583192139   -2.0214456959
  -5.1343893351    0.2604161468    1.1549521703
  -5.6593893351    1.1697428208    0.8736055182
  -6.1843893351    0.2604161468    0.8736055182
  -5.6593893351   -0.6489105272    0.8736055182
  -6.8793744439    0.7727900045    0.1049521703
  -6.8793744439   -0.2519577109    0.1049521703
  -6.3253540013   -1.1140303468    0.1049521703
  -5.3932106922   -1.5397259324    0.1049521703
  -7.1733671517    0.7629790418   -0.9450478297
  -7.1733671517   -0.2421467482   -0.9450478297
  -6.8793744439    0.7727900045   -1.9950478297
  -4.6093893351    1.1697428208   -2.7637011777
  -5.6593893351    1.1697428208   -2.7637011777
  -5.1343893351    0.2604161468   -3.0450478297
  -0.3148289408   -3.4568512839    0.7500759325
   0.0194481457   -4.5790166614   -2.5118362716
  -2.0988308653   -1.8029559209   -3.5618362716
  -0.3100609542   -4.5863362328   -3.5618362716
  -2.3650095082   -2.6937713261   -4.3304896195
  -2.8900095082   -3.6030980001   -4.3304896195
  -1.3150095082   -4.5124246740   -4.3304896195
  -4.3079428565   -2.5750526740   -2.1409362214
  -4.3079428565   -3.6679951070   -2.1409362214
  -2.5290748208   -1.5480227347   -3.1792333225
  -3.6054130024   -1.7378101965   -3.1792333225
  -4.3079428565   -2.5750526740   -3.1792333225
  -4.3079428565   -3.6679951070   -3.1792333225
  -2.5013776670   -2.1823753399   -4.0192333225
  -3.6054130024   -2.5410981657   -4.0192333225
  -3.6054130024   -3.7019496152   -4.0192333225
  -2.8065255287   -3.1215238905   -4.3400847719
  -3.4415446238   -5.2082887881   -2.2409347885
  -2.7390147698   -6.0455312656   -2.2409347885
  -1.6626765882   -6.2353187273   -2.2409347885
  -0.7161606763   -5.6888475108   -2.2409347885
  -3.4415446238   -5.2082887881   -3.2792318896
  -2.7390147698   -6.0455312656   -3.2792318896
  -1.6626765882   -6.2353187273   -3.2792318896
  -0.7161606763   -5.6888475108   -3.2792318896
  -0.9526480723   -4.6618175716   -4.1192318896
  -2.7390147698   -5.2422432963   -4.1192318896
  -1.6349794344   -5.6009661221   -4.1192318896
  -1.9401272961   -4.6618175716   -4.4400833391
   0.4792084502   -3.1580292622   -2.6800947585
   0.1054001226   -2.1309993230   -2.6800947585
   0.4792084502   -3.1580292622   -3.7183918596
   0.1054001226   -2.1309993230   -3.7183918596
  -0.8411157893   -1.5845281065   -3.7183918596
  -1.9174539709   -1.7743155683   -3.7183918596
   0.1054001226   -4.1850592015   -3.7183918596
  -0.1310872734   -3.1580292622   -4.5583918596
  -0.8134186355   -2.2188807117   -4.5583918596
  -1.9174539709   -2.5776035375   -4.5583918596
  -0.8134186355   -4.0971778128   -4.5583918596
  -1.1185664972   -3.1580292622   -4.8792433091
  -2.5749950445   -2.2948170071    0.9904523655
  -3.5071383536   -5.4694055799    0.9904523655
   0.5996969431   -3.9241205081    0.3860981404
  -0.0826344190   -4.8632690586    0.3860981404
   1.2099926666   -3.9241205081   -0.4539018596
  -0.1103315728   -5.4976216638   -0.4539018596
   0.8361843390   -4.9511504473   -0.4539018596
   1.2099926666   -3.9241205081   -1.4921989607
  -0.1103315728   -5.4976216638   -1.4921989607
   0.8361843390   -4.9511504473   -1.4921989607
   0.5996969431   -3.9241205081   -2.3321989607
  -0.0826344190   -4.8632690586   -2.3321989607
  -1.9242558408   -3.9925759573    2.6338421018
  -0.9367766169   -3.9925759573    2.3129906524
  -1.6191079790   -3.0534274067    2.3129906524
  -2.7231433145   -3.4121502326    2.3129906524
  -2.7231433145   -4.5730016820    2.3129906524
  -1.6191079790   -4.9317245078    2.3129906524
  -0.3264808934   -3.9925759573    1.4729906524
  -0.7002892210   -2.9655460180    1.4729906524
  -1.6468051328   -2.4190748015    1.4729906524
  -2.7231433145   -2.6088622633    1.4729906524
  -1.6468051328   -5.5660771130    1.4729906524
  -0.7002892210   -5.0196058965    1.4729906524
  -3.2215292175   -5.7399884016    1.0806891997
  -2.1174938820   -6.0987112274    1.0806891997
  -3.9240590715   -5.7060338934    0.2406891997
  -3.2215292175   -6.5432763708    0.2406891997
  -2.1451910359   -6.7330638326    0.2406891997
  -1.1986751240   -6.1865926161    0.2406891997
  -3.9240590715   -5.7060338934   -0.7976079014
  -3.2215292175   -6.5432763708   -0.7976079014
  -2.1451910359   -6.7330638326   -0.7976079014
  -1.1986751240   -6.1865926161   -0.7976079014
  -3.2215292175   -5.7399884016   -1.6376079014
  -2.1174938820   -6.0987112274   -1.6376079014
  -4.1017001215   -3.0534101276    1.2596725260
  -4.1017001215   -4.2142615770    1.2596725260
  -4.8042299755   -3.0873646358    0.4196725260
  -4.8042299755   -4.1803070688    0.4196725260
  -4.8042299755   -3.0873646358   -0.6186245751
  -4.8042299755   -4.1803070688   -0.6186245751
  -4.1017001215   -3.0534101276   -1.4586245751
  -4.1017001215   -4.2142615770   -1.4586245751
   0.9286933081    1.1671456628    1.9985026865
   0.4036933081    0.2578189888    1.9985026865
   2.2091892123   -1.3964862850   -0.8701506614
   2.9836418620   -0.7254192439   -0.8701506614
   1.9786933081   -0.6515076852   -1.6388040093
   1.3416284231    2.3256396717    1.3192763870
   1.1219581604    3.3798471074   -0.4993769609
   2.6221243273   -0.2379922760   -1.5493769609
   3.3965769771    0.4330747651   -1.5493769609
   2.9166284231    1.4163129978   -2.3180303089
   1.3416284231    0.5069863238   -2.3180303089
   2.3916284231    0.5069863238   -2.3180303089
   2.5443594954    2.9516003491    1.5981034873
   3.8248553996    3.6965789489    0.8294501393
   2.8105381383    3.8424157543    0.8294501393
   1.8783948292    3.4167201687    0.8294501393
   4.8880128433    2.0422736751   -1.2705498607
   3.8248553996    0.3879684014   -1.2705498607
   4.5993080494    1.0590354424   -1.2705498607
   4.1193594954    2.0422736751   -2.0392032086
   3.5943594954    1.1329470012   -2.0392032086
   3.0693594954    2.0422736751   -2.3205498607
   3.3121889514    2.3680696326    2.5862075748
   3.5783675943    3.2588850378    1.8175542268
   2.6462242852    2.8331894522    1.8175542268
   2.0922038426    1.9711168164    1.8175542268
   4.5926848556   -0.1955623151   -0.2824457732
   5.3671375054    0.4755047259   -0.2824457732
   4.3621889514    0.5494162847   -1.0510991211
   2.9357137611    1.2266990166    3.2683567698
   2.4107137611    0.3173723426    3.2683567698
   2.2697490949    1.6918188362    2.4997034219
   4.2162096653   -1.3369329312    0.3997034219
   4.9906623151   -0.6658658901    0.3997034219
   3.9857137611   -0.5919543314   -0.3689499261
   2.2561846358   -0.3079429336    3.2622115010
   1.7311846358    0.6013837404    2.9808648490
   1.2061846358   -0.3079429336    2.9808648490
   1.0652199695    1.0665035600    2.2122115010
   0.5111995270    0.2044309241    2.2122115010
   3.4491206039   -2.0362090520    1.1622115010
   3.0116805400   -1.9622482074    0.1122115010
   3.7861331897   -1.2911811663    0.1122115010
   3.3061846358   -0.3079429336   -0.6564418469
   2.7811846358   -1.2172696076   -0.6564418469
   1.5091746616    3.4008498841   -1.7893206632
   0.4328364799    3.2110624224   -1.7893206632
   2.2192031775    1.8273487284   -2.6293206632
   1.5368718154    2.7664972789   -2.6293206632
   0.4328364799    2.4077744531   -2.6293206632
   0.4328364799    1.2469230037   -2.6293206632
   1.5368718154    0.8882001778   -2.6293206632
   1.2317239536    1.8273487284   -2.9501721127
   3.6924279121    3.8684916795    0.6119073230
   4.6112466701    3.9563730682   -0.2280926770
   3.6647307582    4.5028442847   -0.2280926770
   2.5883925766    4.3130568229   -0.2280926770
   4.9850549977    2.9293431290   -1.2663897781
   4.6112466701    3.9563730682   -1.2663897781
   3.6647307582    4.5028442847   -1.2663897781
   2.5883925766    4.3130568229   -1.2663897781
   1.8858627226    3.4758143455   -1.2663897781
   4.3747592742    2.9293431290   -2.1063897781
   3.6924279121    3.8684916795   -2.1063897781
   2.5883925766    3.5097688537   -2.1063897781
   3.3872800503    2.9293431290   -2.4272412276
   1.9525064350   -1.2029028397    3.3625581840
   1.1536189613   -0.6224771150    3.0417067345
   1.1536189613   -1.7833285644    3.0417067345
   2.2576542967   -2.1420513903    3.0417067345
   0.4510891072   -0.6564316232    2.2017067345
   0.4510891072   -1.7493740562    2.2017067345
   1.1536189613   -2.5866165337    2.2017067345
   2.2299571429   -2.7764039955    2.2017067345
   3.1764730548   -2.2299327790    2.2017067345
   2.2299571429   -2.7764039955    1.1634096334
   3.1764730548   -2.2299327790    1.1634096334
   6.4159159622    2.8395417039    2.2341970821
   5.5672110665    3.4561619044    2.2341970821
   4.5181541226    3.4561619044    2.2341970821
   7.0026825945    1.8418292614    1.2541970821
   6.7400923860    2.8218292614    1.2541970821
   6.0226825945    3.5392390528    1.2541970821
   5.0426825945    3.8018292614    1.2541970821
   4.0626825945    3.5392390528    1.2541970821
   6.7400923860    1.8418292614    0.2741970821
   6.4159159622    2.8395417039    0.2741970821
   5.5672110665    3.4561619044    0.2741970821
   6.4159159622    0.8441168189    0.2741970821
   6.0226825945    1.8418292614   -0.4432127093
   5.5326825945    2.6905341571   -0.4432127093
   5.5326825945    0.9931243657   -0.4432127093
   4.4665200374    0.0083061332    4.4694406580
   5.5165200374    0.0083061332    4.1880940060
   3.9415200374    0.9176328072    4.1880940060
   3.4165200374    0.0083061332    4.1880940060
   3.9415200374   -0.9010205408    4.1880940060
   4.9915200374   -0.9010205408    4.1880940060
   3.2755553712    1.3827526268    3.4194406580
   2.7215349286    0.5206799909    3.4194406580
   2.7215349286   -0.5040677245    3.4194406580
   3.2755553712   -1.3661403604    3.4194406580
   4.2076986803   -1.7918359460    3.4194406580
   5.2220159416   -1.6459991406    3.4194406580
   5.9964685914   -0.9749320995    3.4194406580
   3.7218497746   -1.9552279765    2.3694406580
   4.7196470659   -2.0763825024    2.3694406580
   5.6594560055   -1.7199599852    2.3694406580
   6.3259776913   -0.9676125281    2.3694406580
   4.2076986803   -1.7918359460    1.3194406580
   5.2220159416   -1.6459991406    1.3194406580
   5.9964685914   -0.9749320995    1.3194406580
   4.9915200374   -0.9010205408    0.5507873101
   5.3248034388    0.9218399932    4.2924885392
   4.7998034388    1.8311666671    4.0111418871
   5.8498034388    0.0125133192    4.0111418871
   5.0659820817    2.7219820723    3.2424885392
   4.1338387726    2.2962864868    3.2424885392
   6.5177394070   -0.8064261252    2.1924885392
   7.1434567868    0.9218399932    1.1424885392
   6.0802993430   -0.7324652806    1.1424885392
   6.8547519928   -0.0613982395    1.1424885392
   5.8498034388    0.0125133192    0.3738351912
  -5.2069491174    2.1171972699    0.3148505732
  -6.3109844529    1.7584744441    0.3148505732
  -5.2346462713    2.7515498751   -0.5251494268
  -6.3109844529    2.5617624133   -0.5251494268
  -7.0135143069    1.7245199358   -0.5251494268
  -5.2346462713    2.7515498751   -1.5634465279
  -6.3109844529    2.5617624133   -1.5634465279
  -7.0135143069    1.7245199358   -1.5634465279
  -5.2069491174    2.1171972699   -2.4034465279
  -6.3109844529    1.7584744441   -2.4034465279
  -7.0817700178   -1.0333924319   -0.9129585811
  -6.3792401637   -1.8706349094   -0.9129585811
  -5.3029019821   -2.0604223712   -0.9129585811
  -7.0817700178    0.0595500011   -1.9512556822
  -7.0817700178   -1.0333924319   -1.9512556822
  -6.3792401637   -1.8706349094   -1.9512556822
  -5.3029019821   -2.0604223712   -1.9512556822
  -6.3792401637    0.0935045093   -2.7912556822
  -6.3792401637   -1.0673469401   -2.7912556822
  -5.2752048283   -1.4260697660   -2.7912556822
  -5.5803526900   -0.4869212154   -3.1121071317
   6.2597536522    1.0456545602    4.3922104651
   7.2472328761    1.0456545602    4.0713590156
   6.5649015140    1.9848031107    4.0713590156
   6.5649015140    0.1065060096    4.0713590156
   7.8575285996    1.0456545602    3.2313590156
   7.4837202720    2.0726844994    3.2313590156
   6.5372043602    2.6191557159    3.2313590156
   6.5372043602   -0.5278465956    3.2313590156
   7.4837202720    0.0186246210    3.2313590156
   7.8575285996    1.0456545602    2.1930619145
   7.4837202720    2.0726844994    2.1930619145
   7.4837202720    0.0186246210    2.1930619145
   7.2472328761    1.0456545602    1.3530619145
  -3.1920741358    1.3122760102    2.0196565238
  -3.7127346228    2.2140864270    1.7819818068
  -4.2333951097    1.3122760102    1.7819818068
  -3.7127346228    0.4104655933    1.7819818068
  -4.4208519081    2.7303611544    1.1160320483
  -4.9924624894    1.8409177283    1.1160320483
  -4.6509324017    3.1416264139    0.1537067653
  -3.7127346228    3.5934386516   -0.9143937177
  -4.6509324017    3.1416264139   -0.9143937177
  -3.4591130662    3.1695725668   -1.8767190006
  -4.4208519081    2.7303611544   -1.8767190006
  -2.6714136489    2.2140864270   -2.5426687591
  -3.7127346228    2.2140864270   -2.5426687591
  -3.1920741358    1.3122760102   -2.7803434762
  -2.4362251951    0.3705290633    1.9969485079
  -1.3949042212    2.1741498970   -2.3277020580
  -1.9155647082    1.2723394802   -2.5653767751
  -1.1593153753    0.1101058644    2.0753788873
  -1.6799758622   -0.7917045525    1.8377041703
  -0.6386548884    1.0119162813   -2.4869463956
  -1.1593153753    0.1101058644   -2.7246211127
  -3.7994465700    0.1637604481    1.6422281938
  -4.3201070569   -0.7380499688    1.4045534767
  -3.2787860830    1.0655708650   -2.9200970892
  -3.7994465700    0.1637604481   -3.1577718062
  -3.2363609511   -1.0120078103    1.4761030438
  -3.7570214380   -1.9138182272    1.2384283268
  -4.6952192170   -2.8413582140   -1.4579471977
  -2.1950399772   -1.0120078103   -3.0862222391
  -2.7157004641   -0.1101973934   -3.0862222391
  -4.2776819250   -1.0120078103   -3.0862222391
  -3.2363609511   -1.0120078103   -3.3238969562
  -1.9262081617   -1.0085038147    1.7120373939
  -2.9675291356   -1.0085038147    1.4743626769
  -2.4468686487   -1.9103142316    1.4743626769
  -1.4055476748   -0.1066933978   -2.8502878890
  -1.9262081617   -1.0085038147   -3.0879626061
  -0.3408370368    0.4895886931    1.9767060549
  -0.3408370368   -1.3140321407    1.9767060549
   1.2211444240   -0.4122217238   -2.3479445110
   0.1798234501   -0.4122217238   -2.5856192281
  -1.0962466502   -2.0547859055    1.6646840884
  -0.5755861633   -1.1529754886   -2.8976411946
  -0.8700760308   -1.6780219993    1.7306557001
  -0.3494155439   -2.5798324162    1.7306557001
   0.9507278282   -3.3848514347    1.0647059416
   1.6301032090   -3.5073724030    0.1023806586
   2.2793562167   -2.6932348823    0.1023806586
   2.5110719323   -1.6780219993   -0.9657198244
   1.6301032090   -3.5073724030   -0.9657198244
   2.2793562167   -2.6932348823   -0.9657198244
   2.0476405010   -1.6780219993   -1.9280451073
   1.7497693352   -2.6924780276   -1.9280451073
   1.2125659170   -1.6780219993   -2.5939948659
   0.6919054300   -0.7762115824   -2.5939948659
   0.6919054300   -2.5798324162   -2.5939948659
   0.1712449431   -1.6780219993   -2.8316695829
  -1.1895568025    2.7583192139    3.0785543041
  -0.1486578665    2.7583192139    2.8715066325
  -0.6691073345    3.6597641352    2.8715066325
  -1.7100062705    3.6597641352    2.8715066325
  -2.2304557385    2.7583192139    2.8715066325
  -1.7100062705    1.8568742925    2.8715066325
  -0.6691073345    1.8568742925    2.8715066325
   0.7337736423    2.7583192139    2.2818847489
   0.4760962226    3.7199844363    2.2818847489
  -0.2278915801    4.4239722390    2.2818847489
  -1.1895568025    4.6816496587    2.2818847489
  -2.1512220249    4.4239722390    2.2818847489
  -2.8552098276    3.7199844363    2.2818847489
  -3.1128872473    2.7583192139    2.2818847489
  -2.8552098276    1.7966539915    2.2818847489
  -2.1512220249    1.0926661888    2.2818847489
  -1.1895568025    0.8349887690    2.2818847489
  -0.2278915801    1.0926661888    2.2818847489
   0.4760962226    1.7966539915    2.2818847489
   1.1061393824    3.7804290081    1.3994532401
   0.4919365128    4.6258067334    1.3994532401
  -0.4130118270    5.1482789010    1.3994532401
  -1.4522318477    5.2575053265    1.3994532401
  -2.4460329667    4.9345997688    1.3994532401
  -3.2225779423    4.2353955322    1.3994532401
  -3.6475950933    3.2807913814    1.3994532401
   1.3467676615    3.7408965459    0.3585543041
   0.8205474523    4.5907713646    0.3585543041
   0.0228515252    5.1931633664    0.3585543041
  -0.9385868648    5.4667161734    0.3585543041
  -1.9339201355    5.3744849633    0.3585543041
  -2.8287230135    4.9289260721    0.3585543041
  -3.5021474117    4.1902146969    0.3585543041
   1.1061393824    3.7804290081   -0.6823446320
   0.4919365128    4.6258067334   -0.6823446320
  -0.4130118270    5.1482789010   -0.6823446320
  -1.4522318477    5.2575053265   -0.6823446320
  -2.4460329667    4.9345997688   -0.6823446320
  -3.2225779423    4.2353955322   -0.6823446320
   0.4760962226    3.7199844363   -1.5647761408
  -0.2278915801    4.4239722390   -1.5647761408
  -1.1895568025    4.6816496587   -1.5647761408
  -2.1512220249    4.4239722390   -1.5647761408
  -2.8552098276    3.7199844363   -1.5647761408
  -0.6691073345    3.6597641352   -2.1543980244
  -1.7100062705    3.6597641352   -2.1543980244
  -2.2304557385    2.7583192139   -2.1543980244
  -0.6691073345    1.8568742925   -2.1543980244
  -1.1895568025    2.7583192139   -2.3614456959
  -5.1343893351    0.2604161468    1.4549521703
  -5.6550498221    1.1622265637    1.2172774533
  -6.1757103090    0.2604161468    1.2172774533
  -5.6550498221   -0.6413942701    1.2172774533
  -6.9347776887    0.7890578650    0.5513276948
  -6.9347776887   -0.2682255714    0.5513276948
  -6.3631671074   -1.1576689974    0.5513276948
  -5.4014282655   -1.5968804099    0.5513276948
  -7.4742163244    0.2604161468   -0.4109975882
  -7.2425006087   -0.7547967362   -0.4109975882
  -7.4742163244    0.2604161468   -1.4790980712
  -4.3549064500    1.9672455822   -2.4414233542
  -6.9347776887    0.7890578650   -2.4414233542
  -4.6137288482    1.1622265637   -3.1073731127
  -5.6550498221    1.1622265637   -3.1073731127
  -6.1757103090    0.2604161468   -3.1073731127
  -4.6137288482   -0.6413942701   -3.1073731127
  -5.1343893351    0.2604161468   -3.3450478297
  -0.8441684539   -5.7380139254   -1.6026276570
  -3.9481207818   -4.6183108830   -1.9777860301
  -3.9481207818   -4.6183108830   -3.0458865131
   0.2681017654   -4.6183108830   -3.0458865131
  -2.3606699951   -2.7012875832   -4.6741615545
  -2.8813304821   -3.6030980001   -4.6741615545
  -2.3606699951   -4.5049084169   -4.6741615545
  -1.3193490212   -4.5049084169   -4.6741615545
  -4.4692943040   -3.1215238905   -1.7000847719
  -4.4692943040   -2.1615238905   -2.6600847719
  -4.7265255287   -3.1215238905   -2.6600847719
  -4.4692943040   -4.0815238905   -2.6600847719
  -3.3203493380   -1.5401368117   -3.6200847719
  -4.1517337256   -2.1441729264   -3.6200847719
  -4.4692943040   -3.1215238905   -3.6200847719
  -4.1517337256   -4.0988748545   -3.6200847719
  -3.2865255287   -2.2901395028   -4.3228535472
  -3.7665255287   -3.1215238905   -4.3228535472
  -1.4263034868   -6.2432046504   -1.8000833391
  -3.6028960714   -5.6218175716   -2.7600833391
  -2.9001272961   -6.3245863469   -2.7600833391
  -1.9401272961   -6.5818175716   -2.7600833391
  -0.9801272961   -6.3245863469   -2.7600833391
  -0.2773585209   -5.6218175716   -2.7600833391
  -3.2853354930   -5.6391685357   -3.7200833391
  -2.4539511054   -6.2432046504   -3.7200833391
  -1.4263034868   -6.2432046504   -3.7200833391
  -0.5949190992   -5.6391685357   -3.7200833391
  -2.9001272961   -4.6618175716   -4.4228521143
  -2.4201272961   -5.4932019592   -4.4228521143
  -1.4601272961   -5.4932019592   -4.4228521143
  -1.9401272961   -4.6618175716   -4.6800833391
   0.8014335028   -3.1580292622   -3.1992433091
   0.5442022781   -2.1980292622   -3.1992433091
  -0.1585664972   -1.4952604870   -3.1992433091
  -1.1185664972   -1.2380292622   -3.1992433091
   0.5442022781   -4.1180292622   -3.1992433091
   0.5442022781   -3.1580292622   -4.1592433091
   0.2266416997   -2.1806782982   -4.1592433091
  -0.6047426879   -1.5766421834   -4.1592433091
  -1.6323903065   -1.5766421834   -4.1592433091
   0.2266416997   -4.1353802263   -4.1592433091
  -0.1585664972   -3.1580292622   -4.8620120844
  -0.6385664972   -2.3266448746   -4.8620120844
  -1.5985664972   -2.3266448746   -4.8620120844
  -2.0785664972   -3.1580292622   -4.8620120844
  -0.6385664972   -3.9894136499   -4.8620120844
  -1.1185664972   -3.1580292622   -5.1192433091
  -2.5832126178   -2.2376625296    1.4368278899
  -4.1165620410   -4.6236008044    1.4368278899
  -3.5449514596   -5.5130442305    1.4368278899
  -4.4242849610   -5.1101719692    0.4745026070
  -4.1165620410   -4.6236008044   -1.5559231590
   0.5722177193   -3.9241205081    0.6897183651
   0.0922177193   -4.7555048957    0.6897183651
   1.2749864945   -3.9241205081   -0.0130504102
   0.1260415285   -5.5055075869   -0.0130504102
   0.9574259162   -4.9014714721   -0.0130504102
   1.5322177193   -3.9241205081   -0.9730504102
  -0.3877822807   -5.8441205081   -0.9730504102
   0.5722177193   -5.5868892833   -0.9730504102
   1.2749864945   -4.8841205081   -0.9730504102
   1.2749864945   -3.9241205081   -1.9330504102
   0.1260415285   -5.5055075869   -1.9330504102
   0.9574259162   -4.9014714721   -1.9330504102
   0.5722177193   -3.9241205081   -2.6358191854
  -1.9242558408   -3.9925759573    2.8738421018
  -0.9642558408   -3.9925759573    2.6166108771
  -1.4442558408   -3.1611915696    2.6166108771
  -2.4042558408   -3.1611915696    2.6166108771
  -2.8842558408   -3.9925759573    2.6166108771
  -2.4042558408   -4.8239603449    2.6166108771
  -1.4442558408   -4.8239603449    2.6166108771
  -0.2614870655   -3.9925759573    1.9138421018
  -0.5790476439   -3.0152249932    1.9138421018
  -1.4104320315   -2.4111888785    1.9138421018
  -2.4380796500   -2.4111888785    1.9138421018
  -3.2694640377   -3.0152249932    1.9138421018
  -2.4380796500   -5.5739630361    1.9138421018
  -1.4104320315   -5.5739630361    1.9138421018
  -0.5790476439   -4.9699269214    1.9138421018
  -0.0042558408   -3.9925759573    0.9538421018
  -0.2614870655   -4.9525759573    0.9538421018
  -2.9026417438   -5.9909470645    1.3843094244
  -1.9426417438   -5.9909470645    1.3843094244
  -3.7678499407   -6.1369136410    0.6815406491
  -2.9364655531   -6.7409497557    0.6815406491
  -1.9088179345   -6.7409497557    0.6815406491
  -1.0774335469   -6.1369136410    0.6815406491
  -4.0854105191   -6.1195626769   -0.2784593509
  -3.3826417438   -6.8223314521   -0.2784593509
  -2.4226417438   -7.0795626769   -0.2784593509
  -1.4626417438   -6.8223314521   -0.2784593509
  -0.7598729685   -6.1195626769   -0.2784593509
  -3.7678499407   -6.1369136410   -1.2384593509
  -2.9364655531   -6.7409497557   -1.2384593509
  -1.9088179345   -6.7409497557   -1.2384593509
  -1.0774335469   -6.1369136410   -1.2384593509
  -3.7828126478   -2.8024514647    1.5632927507
  -4.2628126478   -3.6338358523    1.5632927507
  -4.6480208447   -2.6564848882    0.8605239754
  -4.9655814230   -3.6338358523    0.8605239754
  -4.6480208447   -4.6111868164    0.8605239754
  -4.9655814230   -2.6738358523   -0.0994760246
  -5.2228126478   -3.6338358523   -0.0994760246
  -4.9655814230   -4.5938358523   -0.0994760246
  -4.9655814230   -3.6338358523   -1.0594760246
  -4.6480208447   -4.6111868164   -1.0594760246
   3.0322177002   -0.7566370395   -1.3165261859
   1.9743537950   -0.6439914281   -1.9824759444
   1.3459679362    2.3181234146    1.6629483220
   1.3459679362    3.6974756392    0.0346732806
   2.6461113082   -0.2905164377   -1.9957524854
   3.4451528152    0.4018569695   -1.9957524854
   2.9079493970    1.4163129978   -2.6617022439
   2.3872889101    0.5145025809   -2.6617022439
   2.8023205650    3.8995702318    1.2758256638
   1.8405817232    3.4603588194    1.2758256638
   2.5486990085    4.3234363166    0.3135003808
   1.6105012295    3.8716240789    0.3135003808
   1.6105012295    3.8716240789   -0.7546001022
   4.9457550533    2.0422736751   -1.7169253851
   3.8488423805    0.3354442397   -1.7169253851
   4.6478838875    1.0278176468   -1.7169253851
   4.1106804693    2.0422736751   -2.3828751436
   3.5900199823    1.1404632583   -2.3828751436
   3.0693594954    2.0422736751   -2.6205498607
   3.3165284645    2.3605533755    2.9298795098
   3.5701500211    3.3160395153    2.2639297513
   2.6084111792    2.8768281029    2.2639297513
   4.6166718365   -0.2480864768   -0.7288212976
   5.4157133435    0.4442869303   -0.7288212976
   2.4193927872    0.3173723426    3.6120287048
   2.2319359889    1.7354574868    2.9460789463
   3.9813742480   -1.9637902989    0.9156531804
   4.2401966462   -1.3894570928   -0.0466721026
   5.0392381532   -0.6970836857   -0.0466721026
   3.9813742480   -0.5844380743   -0.7126218611
   2.2561846358   -0.3079429336    3.5622115010
   1.7355241488    0.5938674833    3.3245367840
   1.2148636619   -0.3079429336    3.3245367840
   1.0274068635    1.1101422106    2.6585870255
   0.4557962822    0.2206987846    2.6585870255
   2.7768451227   -2.5891055751    0.6281612595
   3.7150429017   -2.1372933373    0.6281612595
   3.0356675209   -2.0147723690   -0.3341640234
   3.8347090279   -1.3223989619   -0.3341640234
   1.2317239536    3.7473487284   -1.2701721127
   1.7455477629    3.4087358072   -2.2301721127
   0.7179001444    3.4087358072   -2.2301721127
  -0.1134842433    2.8046996925   -2.2301721127
  -0.4310448216    1.8273487284   -2.2301721127
   2.1917239536    1.8273487284   -2.9329408879
   1.7117239536    2.6587331160   -2.9329408879
   0.7517239536    2.6587331160   -2.9329408879
   0.2717239536    1.8273487284   -2.9329408879
   0.7517239536    0.9959643408   -2.9329408879
   1.7117239536    0.9959643408   -2.9329408879
   1.2317239536    1.8273487284   -3.1901721127
   4.7324882472    3.9066940930    0.2127587724
   3.9011038596    4.5107302078    0.2127587724
   2.8734562410    4.5107302078    0.2127587724
   5.3072800503    2.9293431290   -0.7472412276
   5.0500488256    3.8893431290   -0.7472412276
   4.3472800503    4.5921119042   -0.7472412276
   3.3872800503    4.8493431290   -0.7472412276
   2.4272800503    4.5921119042   -0.7472412276
   5.0500488256    2.9293431290   -1.7072412276
   4.7324882472    3.9066940930   -1.7072412276
   3.9011038596    4.5107302078   -1.7072412276
   2.8734562410    4.5107302078   -1.7072412276
   2.0420718534    3.9066940930   -1.7072412276
   4.3472800503    2.9293431290   -2.4100100028
   3.8672800503    3.7607275166   -2.4100100028
   2.9072800503    3.7607275166   -2.4100100028
   2.4272800503    2.9293431290   -2.4100100028
   3.3872800503    2.9293431290   -2.6672412276
   1.9525064350   -1.2029028397    3.6025581840
   0.9925064350   -1.2029028397    3.3453269592
   1.4725064350   -2.0342872274    3.3453269592
   2.4325064350   -2.0342872274    3.3453269592
   0.2897376597   -1.2029028397    2.6425581840
   0.6072982381   -2.1802538038    2.6425581840
   1.4386826257   -2.7842899185    2.6425581840
   2.4663302442   -2.7842899185    2.6425581840
   3.2977146319   -2.1802538038    2.6425581840
   0.9925064350   -2.8656716150    1.6825581840
   1.9525064350   -3.1229028397    1.6825581840
   2.9125064350   -2.8656716150    1.6825581840
   2.4663302442   -2.7842899185    0.7225581840
   5.5838648357    3.5074169358    2.6508142382
   4.5015003533    3.5074169358    2.6508142382
   6.9763755740    2.8567096272    1.7526439741
   6.2832442722    3.6390931318    1.7526439741
   5.3059152403    4.0097451431    1.7526439741
   4.2682827817    3.8837537521    1.7526439741
   7.2265211178    1.8418292614    0.7557501900
   6.9763755740    2.8567096272    0.7557501900
   6.2832442722    3.6390931318    0.7557501900
   5.3059152403    4.0097451431    0.7557501900
   4.2682827817    3.8837537521    0.7557501900
   6.7939851153    1.8418292614   -0.1424200741
   6.4595160961    2.8712190554   -0.1424200741
   5.5838648357    3.5074169358   -0.1424200741
   6.4595160961    0.8124394674   -0.1424200741
   6.0145821702    1.8418292614   -0.7639731820
   5.5286323823    2.6835189838   -0.7639731820
   4.4665200374    0.0083061332    4.7694406580
   5.5078410113    0.0083061332    4.5317659410
   3.9458595505    0.9101165501    4.5317659410
   3.4251990635    0.0083061332    4.5317659410
   3.9458595505   -0.8935042837    4.5317659410
   4.9871805243   -0.8935042837    4.5317659410
   3.2377422652    1.4263912774    3.8658161825
   2.6661316839    0.5369478514    3.8658161825
   2.6661316839   -0.5203355850    3.8658161825
   3.2377422652   -1.4097790110    3.8658161825
   4.1994811070   -1.8489904235    3.8658161825
   5.2460029225   -1.6985233022    3.8658161825
   6.0450444295   -1.0061498951    3.8658161825
   3.9458595505   -2.2728565083    2.9034908995
   4.9871805243   -2.2728565083    2.9034908995
   5.9253783033   -1.8210442705    2.9034908995
   6.5746313110   -1.0069067498    2.9034908995
   3.9458595505   -2.2728565083    1.8353904166
   4.9871805243   -2.2728565083    1.8353904166
   5.9253783033   -1.8210442705    1.8353904166
   5.2460029225   -1.6985233022    0.8730651336
   6.0450444295   -1.0061498951    0.8730651336
   5.3248034388    0.9218399932    4.5924885392
   4.8041429519    1.8236504100    4.3548138221
   5.8454639258    0.0200295763    4.3548138221
   5.0577645085    2.7791365498    3.6888640636
   4.0960256666    2.3399251374    3.6888640636
   6.7836617047   -0.9075104106    2.7265387807
   6.7836617047   -0.9075104106    1.6584382977
   7.4329147124   -0.0933728898    1.6584382977
   7.2011989968    0.9218399932    0.6961130147
   6.1042863239   -0.7849894423    0.6961130147
   6.9033278309   -0.0926160351    0.6961130147
   5.8454639258    0.0200295763    0.0301632562
  -5.9920969792    2.0094331070    0.6184707979
  -6.0259207885    2.7594357981   -0.0842979773
  -6.8573051761    2.1553996834   -0.0842979773
  -5.5120969792    3.0980487193   -1.0442979773
  -6.4720969792    2.8408174946   -1.0442979773
  -7.1748657545    2.1380487193   -1.0442979773
  -7.4320969792    1.1780487193   -1.0442979773
  -4.9982731699    2.7594357981   -2.0042979773
  -6.0259207885    2.7594357981   -2.0042979773
  -6.8573051761    2.1553996834   -2.0042979773
  -7.1748657545    1.1780487193   -2.0042979773
  -5.0320969792    2.0094331070   -2.7070667526
  -5.9920969792    2.0094331070   -2.7070667526
  -6.9255608869   -1.4642721795   -0.4721071317
  -6.0941764993   -2.0683082942   -0.4721071317
  -7.5003526900   -0.4869212154   -1.4321071317
  -7.2431214653   -1.4469212154   -1.4321071317
  -6.5403526900   -2.1496899907   -1.4321071317
  -5.5803526900   -2.4069212154   -1.4321071317
  -7.2431214653   -0.4869212154   -2.3921071317
  -6.9255608869   -1.4642721795   -2.3921071317
  -6.0941764993   -2.0683082942   -2.3921071317
  -5.0665288808   -2.0683082942   -2.3921071317
  -6.5403526900   -0.4869212154   -3.0948759069
  -6.0603526900   -1.3183056030   -3.0948759069
  -5.1003526900   -1.3183056030   -3.0948759069
  -5.5803526900   -0.4869212154   -3.3521071317
   6.2597536522    1.0456545602    4.6322104651
   7.2197536522    1.0456545602    4.3749792403
   6.7397536522    1.8770389478    4.3749792403
   5.7797536522    1.8770389478    4.3749792403
   6.7397536522    0.2142701726    4.3749792403
   7.9225224275    1.0456545602    3.6722104651
   7.6049618491    2.0230055243    3.6722104651
   6.7735774615    2.6270416390    3.6722104651
   6.7735774615   -0.5357325186    3.6722104651
   7.6049618491    0.0683035961    3.6722104651
   8.1797536522    1.0456545602    2.7122104651
   7.9225224275    2.0056545602    2.7122104651
   7.2197536522    2.7084233355    2.7122104651
   7.2197536522   -0.6171142151    2.7122104651
   7.9225224275    0.0856545602    2.7122104651
   7.9225224275    1.0456545602    1.7522104651
   7.6049618491    2.0230055243    1.7522104651
   7.6049618491    0.0683035961    1.7522104651
  -3.1920741358    1.3122760102    2.3196565238
  -3.7086967695    2.2070926600    2.1141312616
  -4.2253194032    1.3122760102    2.1141312616
  -3.7086967695    0.4174593603    2.1141312616
  -4.4423265932    2.7551442622    1.5288448330
  -5.0239269038    1.8501565140    1.5288448330
  -4.7473536958    3.2625348924    0.6529017912
  -4.2253194032    3.8067507479   -0.3803434762
  -5.1012624450    3.2214643194   -0.3803434762
  -3.7471469842    3.7442090582   -1.4135887436
  -4.7473536958    3.2625348924   -1.4135887436
  -3.4637799613    3.2020315352   -2.2895317854
  -4.4423265932    2.7551442622   -2.2895317854
  -2.1588288684    1.3122760102   -2.8748182140
  -2.6754515021    2.2070926600   -2.8748182140
  -3.7086967695    2.2070926600   -2.8748182140
  -2.4321873419    0.3775228303    2.3290979627
  -1.3989420745    2.1671561301   -2.6598515128
  -1.9155647082    1.2723394802   -2.8653767751
  -1.1593153753    0.1101058644    2.3753788873
  -1.6759380090   -0.7847107855    2.1698536251
  -0.1260701079    0.1101058644   -2.8190958504
  -0.6426927416    1.0049225143   -2.8190958504
  -1.1593153753    0.1101058644   -3.0246211127
  -4.8326918374    0.1637604481    1.7367029315
  -4.3160692037   -0.7310562018    1.7367029315
  -3.2828239363    1.0585770980   -3.2522465440
  -3.7994465700    0.1637604481   -3.4577718062
  -3.2363609511   -1.0120078103    1.7761030438
  -3.7529835848   -1.9068244602    1.5705777816
  -2.2031156837   -1.0120078103   -3.4183716940
  -2.7197383174   -0.1171911604   -3.4183716940
  -4.2696062185   -1.0120078103   -3.4183716940
  -3.2363609511   -1.0120078103   -3.6238969562
  -1.9262081617   -1.0085038147    2.0120373939
  -2.9594534291   -1.0085038147    1.8065121317
  -2.4428307954   -1.9033204646    1.8065121317
  -1.4095855280   -0.1136871648   -3.1824373439
  -1.9262081617   -1.0085038147   -3.3879626061
  -0.3367991835    0.4825949261    2.3088555097
  -0.8534218172   -0.4122217238    2.3088555097
  -0.3367991835   -1.3070383737    2.3088555097
   1.2130687175   -0.4122217238   -2.6800939658
   0.1798234501   -0.4122217238   -2.8856192281
  -1.0962466502   -2.0547859055    1.9646840884
  -0.8620003243   -1.6780219993    2.0628051549
  -0.3453776906   -2.5728386492    2.0628051549
   0.9643504294   -3.4146807705    1.4775187263
   1.7265245031   -3.6282808815    0.6015756845
   2.0804332523   -3.5872103085   -0.4316695829
   2.6657196809   -2.7112672667   -0.4316695829
   2.6657196809   -1.6780219993   -1.4649148503
   1.7265245031   -3.6282808815   -1.4649148503
   2.4186890236   -2.7603340257   -1.4649148503
   2.0804332523   -1.6780219993   -2.3408578921
   1.7773563530   -2.7102071275   -2.3408578921
   1.2044902105   -1.6780219993   -2.9261443207
   0.6878675768   -0.7832053494   -2.9261443207
  -1.1895568025    2.7583192139    3.4185543041
  -0.1429751639    2.7583192139    3.2340137237
  -0.6662659832    3.6646855000    3.2340137237
  -1.7128476218    3.6646855000    3.2340137237
  -2.2361384411    2.7583192139    3.2340137237
  -1.7128476218    1.8519529277    3.2340137237
  -0.6662659832    1.8519529277    3.2340137237
   0.7773732831    2.7583192139    2.7026503000
   0.5138546191    3.7417842567    2.7026503000
  -0.2060917597    4.4617306355    2.7026503000
  -1.1895568025    4.7252492995    2.7026503000
  -2.1730218453    4.4617306355    2.7026503000
  -2.8929682241    3.7417842567    2.7026503000
  -3.1564868881    2.7583192139    2.7026503000
  -2.8929682241    1.7748541711    2.7026503000
  -2.1730218453    1.0549077922    2.7026503000
  -1.1895568025    0.7913891282    2.7026503000
  -0.2060917597    1.0549077922    2.7026503000
   0.5138546191    1.7748541711    2.7026503000
   1.4604809331    2.7583192139    1.8885543041
   1.2587588218    3.7724447504    1.8885543041
   0.6843028507    4.6321788671    1.8885543041
  -0.1754312660    5.2066348382    1.8885543041
  -1.1895568025    5.4083569495    1.8885543041
  -2.2036823391    5.2066348382    1.8885543041
  -3.0634164557    4.6321788671    1.8885543041
  -3.6378724268    3.7724447504    1.8885543041
  -3.8395945381    2.7583192139    1.8885543041
   1.1189271081    4.6953672118    0.8899177277
   0.3171990596    5.3680969216    0.8899177277
  -0.6662659832    5.7260489237    0.8899177277
  -1.7128476218    5.7260489237    0.8899177277
  -2.6963126646    5.3680969216    0.8899177277
  -3.4980407131    4.6953672118    0.8899177277
  -4.0213315324    3.7890009257    0.8899177277
   1.1189271081    4.6953672118   -0.1728091196
   0.3171990596    5.3680969216   -0.1728091196
  -0.6662659832    5.7260489237   -0.1728091196
  -1.7128476218    5.7260489237   -0.1728091196
  -2.6963126646    5.3680969216   -0.1728091196
  -3.4980407131    4.6953672118   -0.1728091196
   0.6843028507    4.6321788671   -1.1714456959
  -0.1754312660    5.2066348382   -1.1714456959
  -1.1895568025    5.4083569495   -1.1714456959
  -2.2036823391    5.2066348382   -1.1714456959
  -3.0634164557    4.6321788671   -1.1714456959
   0.5138546191    3.7417842567   -1.9855416919
  -0.2060917597    4.4617306355   -1.9855416919
  -1.1895568025    4.7252492995   -1.9855416919
  -2.1730218453    4.4617306355   -1.9855416919
  -2.8929682241    3.7417842567   -1.9855416919
  -0.6662659832    3.6646855000   -2.5169051155
  -1.7128476218    3.6646855000   -2.5169051155
  -2.2361384411    2.7583192139   -2.5169051155
  -0.6662659832    1.8519529277   -2.5169051155
  -1.1895568025    2.7583192139   -2.7014456959
  -5.1343893351    0.2604161468    1.7549521703
  -5.6510119688    1.1552327967    1.5494269081
  -6.1676346025    0.2604161468    1.5494269081
  -5.6510119688   -0.6344005031    1.5494269081
  -5.4060951606    2.1501716718    0.9641404795
  -6.3846417925    1.7032843988    0.9641404795
  -6.9662421031    0.7982966506    0.9641404795
  -6.9662421031   -0.2774643571    0.9641404795
  -6.3846417925   -1.1824521053    0.9641404795
  -5.4060951606   -1.6293393782    0.9641404795
  -7.3818334156    1.3427281732    0.0881974377
  -7.6288640729    0.2604161468    0.0881974377
  -7.3818334156   -0.8218958796    0.0881974377
  -6.6896688951   -1.6898427354    0.0881974377
  -5.6894621835   -2.1715169013    0.0881974377
  -7.8343893351    0.2604161468   -0.9450478297
  -7.6288640729    0.2604161468   -1.9782930971
  -4.3412838488    1.9970749180   -2.8542361389
  -6.9662421031    0.7982966506   -2.8542361389
  -4.1011440677    0.2604161468   -3.4395225675
  -4.6177667014    1.1552327967   -3.4395225675
  -5.6510119688    1.1552327967   -3.4395225675
  -6.1676346025    0.2604161468   -3.4395225675
  -4.6177667014   -0.6344005031   -3.4395225675
  -5.1343893351    0.2604161468   -3.6450478297
   0.0691788010   -5.5122863093   -2.5118362716
  -2.3950823566   -1.1711649520   -3.5450815390
  -4.0874535887   -4.6854100264   -3.5450815390
   0.4074345723   -4.6854100264   -3.5450815390
  -3.6718622762   -4.1409785039   -4.4210245808
  -2.3566321419   -2.7082813502   -5.0063110094
  -2.8732547756   -3.6030980001   -5.0063110094
  -2.3566321419   -4.4979146500   -5.0063110094
  -1.3233868745   -4.4979146500   -5.0063110094
  -1.8400095082   -3.6030980001   -5.2118362716
  -4.9037598544   -2.6046020556   -2.6600847719
  -4.9037598544   -3.6384457253   -2.6600847719
  -4.4233087448   -4.5538688323   -2.6600847719
  -3.0727417817   -1.2699491805   -3.7400847719
  -4.0315177568   -1.7078074970   -3.7400847719
  -4.6013673549   -2.5945107797   -3.7400847719
  -4.6013673549   -3.6485370013   -3.7400847719
  -3.3465255287   -2.1862164544   -4.5306996441
  -3.8865255287   -3.1215238905   -4.5306996441
  -1.1630457947   -6.3633887103   -1.6800833391
  -4.0373616218   -5.1787394065   -2.7600833391
  -3.5569105122   -6.0941625134   -2.7600833391
  -2.7060738521   -6.6814526558   -2.7600833391
  -1.6797680668   -6.8060687396   -2.7600833391
  -0.7131074432   -6.4394627219   -2.7600833391
  -0.0275422807   -5.6656196232   -2.7600833391
  -3.7349691223   -5.1888306824   -3.8400833391
  -3.1651195242   -6.0755339650   -3.8400833391
  -2.2063435491   -6.5133922816   -3.8400833391
  -1.1630457947   -6.3633887103   -3.8400833391
  -0.3664659263   -5.6731483252   -3.8400833391
  -2.4801272961   -5.5971250077   -4.6306982113
  -1.4001272961   -5.5971250077   -4.6306982113
   1.0414335028   -3.1580292622   -3.1992433091
   0.7940185182   -2.1542272106   -3.1992433091
   0.1084533557   -1.3803841119   -3.1992433091
   0.7940185182   -4.1618313139   -3.1992433091
   0.7520483750   -3.1580292622   -4.2792433091
   0.4550948726   -2.1466985086   -4.2792433091
  -0.3414849958   -1.4564581235   -4.2792433091
  -1.3847827502   -1.3064545523   -4.2792433091
   0.4550948726   -4.1693600159   -4.2792433091
  -0.0385664972   -3.1580292622   -5.0698581813
  -0.5785664972   -2.2227218262   -5.0698581813
  -1.6585664972   -2.2227218262   -5.0698581813
  -0.5785664972   -4.0933366983   -5.0698581813
  -1.1185664972   -3.1580292622   -5.3592433091
  -3.5664261448   -2.6520908342    1.8496406747
  -4.1480264554   -4.6328395901    1.8496406747
  -3.5664261448   -5.5378273383    1.8496406747
  -2.5878795129   -5.9847146113    1.8496406747
  -4.5636177679   -5.1772711126    0.9736976329
  -0.7608941274   -6.0452179685    0.9736976329
  -0.0687296069   -5.1772711126    0.9736976329
  -0.4069853782   -6.0041473955   -0.0595476345
  -4.5636177679   -5.1772711126   -1.0927929019
   0.1522177193   -4.8594279441    0.8975644620
   0.3892992207   -5.6256916468    0.1069495898
   1.1858790890   -4.9354512617    0.1069495898
   1.7722177193   -3.9241205081   -0.9730504102
  -0.1274230514   -6.0683716761   -0.9730504102
   0.8392375722   -5.7017656584   -0.9730504102
   1.5248027347   -4.9279225597   -0.9730504102
   1.4828325914   -3.9241205081   -2.0530504102
   0.3892992207   -5.6256916468   -2.0530504102
   1.1858790890   -4.9354512617   -2.0530504102
  -1.9242558408   -3.9925759573    3.1138421018
  -0.8442558408   -3.9925759573    2.8244569740
  -1.3842558408   -3.0572685212    2.8244569740
  -2.4642558408   -3.0572685212    2.8244569740
  -3.0042558408   -3.9925759573    2.8244569740
  -2.4642558408   -4.9278833934    2.8244569740
  -1.3842558408   -4.9278833934    2.8244569740
  -0.0536409686   -3.9925759573    2.0338421018
  -0.3505944710   -2.9812452036    2.0338421018
  -1.1471743393   -2.2910048186    2.0338421018
  -2.1904720938   -2.1410012473    2.0338421018
  -3.1492480689   -2.5788595638    2.0338421018
  -2.1904720938   -5.8441506673    2.0338421018
  -1.1471743393   -5.6941470960    2.0338421018
  -0.3505944710   -5.0039067109    2.0338421018
  -3.6476339719   -6.5732790703    0.8015406491
  -2.6888579968   -7.0111373869    0.8015406491
  -1.6455602423   -6.8611338156    0.8015406491
  -4.5198760694   -5.6764845117   -0.2784593509
  -4.0394249598   -6.5919076187   -0.2784593509
  -3.1885882998   -7.1791977611   -0.2784593509
  -2.1622825144   -7.3038138449   -0.2784593509
  -1.1956218909   -6.9372078272   -0.2784593509
  -0.5100567284   -6.1633647285   -0.2784593509
  -4.2174835700   -5.6865757877   -1.3584593509
  -3.6476339719   -6.5732790703   -1.3584593509
  -2.6888579968   -7.0111373869   -1.3584593509
  -1.6455602423   -6.8611338156   -1.3584593509
  -0.8489803740   -6.1708934305   -1.3584593509
  -3.8428126478   -2.6985284162    1.7711388476
  -4.3828126478   -3.6338358523    1.7711388476
  -5.0976544740   -3.1068227415    0.9805239754
  -5.0976544740   -4.1608489631    0.9805239754
  -5.4000469734   -3.1169140175   -0.0994760246
  -5.4000469734   -4.1507576872   -0.0994760246
  -4.9195958638   -5.0661807941   -0.0994760246
  -5.0976544740   -3.1068227415   -1.1794760246
  -5.0976544740   -4.1608489631   -1.1794760246
   3.0598047180   -0.7743661394   -1.7293389706
   1.9703159418   -0.6369976611   -2.3146253992
   3.4219079831   -0.5339458845   -1.5326222283
   2.6597339094   -0.3203457735   -2.4085652701
   3.4727398331    0.3841278696   -2.4085652701
   2.8998736905    1.4163129978   -2.9938516987
   1.3500057894    0.5214963479   -2.9938516987
   2.3832510568    0.5214963479   -2.9938516987
   2.7976536699    3.9320292002    1.6886384485
   1.8191070380    3.4851419272    1.6886384485
   3.6244323438    4.4742067232    0.8126954067
   2.5142866470    4.4742067232    0.8126954067
   2.0361142280    4.5367484129   -0.2205498607
   5.5638342332    2.0422736751   -1.2537951280
   1.5140799354    3.9925325574   -1.2537951280
   4.9785478046    2.0422736751   -2.1297381699
   3.8624649817    0.3056149039   -2.1297381699
   4.6754709054    1.0100885470   -2.1297381699
   4.1026047628    2.0422736751   -2.7150245984
   3.5859821291    1.1474570252   -2.7150245984
   3.0693594954    2.0422736751   -2.9205498607
   3.5654831260    3.3484984837    2.6767425360
   2.5869364940    2.9016112107    2.6767425360
   3.2821161031    3.8906760067    1.8007994942
   5.3924685114   -0.4915159236   -0.2656910406
   5.7463772606    1.4587429586   -1.1416340824
   4.6302944377   -0.2779158126   -1.1416340824
   5.4433003614    0.4265578305   -1.1416340824
   3.1890079356    2.2071278676    3.3588917311
   2.2104613037    1.7602405946    3.3588917311
   1.9054342011    2.2676312248    2.4829486893
   4.2538192474   -1.4192864286   -0.4594848873
   5.0668251711   -0.7148127856   -0.4594848873
   3.9773363948   -0.5774443073   -1.0447713159
   1.7395620021    0.5868737163    3.6566862388
   1.2229393684   -0.3079429336    3.6566862388
   1.0059321784    1.1349253184    3.0713998102
   0.4243318678    0.2299375702    3.0713998102
   2.8112574842   -2.7398759817    0.1289662337
   3.8114641958   -2.2582018158    0.1289662337
   3.0492901221   -2.0446017048   -0.7469768082
   3.8622960457   -1.3401280618   -0.7469768082
   2.0088054551    3.5289198671   -2.3501721127
   0.9655077006    3.6789234384   -2.3501721127
   2.3117239536    1.8273487284   -3.1407869849
   1.7717239536    2.7626561645   -3.1407869849
   0.6917239536    2.7626561645   -3.1407869849
   0.1517239536    1.8273487284   -3.1407869849
   0.6917239536    0.8920412923   -3.1407869849
   1.2317239536    1.8273487284   -3.4301721127
   4.1643615518    4.6309142677    0.3327587724
   3.1210637973    4.7809178390    0.3327587724
   5.2998650657    3.9331451806   -0.7472412276
   4.6142999033    4.7069882793   -0.7472412276
   3.6476392797    5.0735942970   -0.7472412276
   2.6213334943    4.9489782132   -0.7472412276
   1.7704968343    4.3616880708   -0.7472412276
   5.2578949225    2.9293431290   -1.8272412276
   4.9609414201    3.9406738826   -1.8272412276
   4.1643615518    4.6309142677   -1.8272412276
   3.1210637973    4.7809178390   -1.8272412276
   2.1622878222    4.3430595224   -1.8272412276
   4.4672800503    2.9293431290   -2.6178560997
   3.9272800503    3.8646505651   -2.6178560997
   2.8472800503    3.8646505651   -2.6178560997
   3.3872800503    2.9293431290   -2.9072412276
   1.9525064350   -1.2029028397    3.8425581840
   0.8725064350   -1.2029028397    3.5531730562
   1.4125064350   -2.1382102758    3.5531730562
   2.4925064350   -2.1382102758    3.5531730562
   0.1576646088   -1.7299159505    2.7625581840
   0.7275142068   -2.6166192331    2.7625581840
   1.6862901820   -3.0544775497    2.7625581840
   2.7295879364   -2.9044739784    2.7625581840
   1.1865598789   -3.2225379239    1.6825581840
   2.2128656643   -3.3471540078    1.6825581840
   3.1795262879   -2.9805479901    1.6825581840
   5.8611396239    3.6340001686    2.8253913828
   4.7622917177    3.7919906459    2.8253913828
   3.7524659337    3.3308186629    2.8253913828
   7.2561994318    2.9078027886    1.8149498356
   6.5744837737    3.7626471853    1.8149498356
   5.5893761058    4.2370500350    1.8149498356
   4.4959890832    4.2370500350    1.8149498356
   7.4995009332    1.8418292614    0.6934443285
   7.2561994318    2.9078027886    0.6934443285
   6.5744837737    3.7626471853    0.6934443285
   5.5893761058    4.2370500350    0.6934443285
   4.4959890832    4.2370500350    0.6934443285
   7.0128979304    1.8418292614   -0.3169972186
   6.7001332062    2.9070080911   -0.3169972186
   5.8611396239    3.6340001686   -0.3169972186
   6.7001332062    0.7766504317   -0.3169972186
   6.1360696171    1.8418292614   -1.0162444650
   5.5893761058    2.7887301991   -1.0162444650
   4.4665200374    0.0083061332    5.0694406580
   5.4997653048    0.0083061332    4.8639153958
   3.9498974037    0.9031227831    4.8639153958
   3.4332747700    0.0083061332    4.8639153958
   3.9498974037   -0.8865105167    4.8639153958
   4.9831426711   -0.8865105167    4.8639153958
   3.2162675800    1.4511743852    4.2786289673
   2.6346672694    0.5461866370    4.2786289673
   2.6346672694   -0.5295743707    4.2786289673
   3.2162675800   -1.4345621189    4.2786289673
   4.1948142119   -1.8814493919    4.2786289673
   5.2596255237   -1.7283526380    4.2786289673
   6.0726314474   -1.0238789950    4.2786289673
   3.9114471890   -2.4236269149    3.4026859254
   5.0215928858   -2.4236269149    3.4026859254
   6.0217995974   -1.9419527490    3.4026859254
   6.7139641179   -1.0740058932    3.4026859254
   4.4665200374   -2.6916938668    2.3694406580
   5.4997653048   -2.4861686046    2.3694406580
   6.3757083466   -1.9008821760    2.3694406580
   5.0215928858   -2.4236269149    1.3361953907
   6.0217995974   -1.9419527490    1.3361953907
   5.2596255237   -1.7283526380    0.4602523488
   6.0726314474   -1.0238789950    0.4602523488
   5.3248034388    0.9218399932    4.8924885392
   5.8414260725    1.8166566431    4.6869632770
   4.8081808051    1.8166566431    4.6869632770
   5.0530976134    2.8115955182    4.1016768484
   4.0745509814    2.3647082452    4.1016768484
   5.8798762872    3.3537730413    3.2257338066
   3.7695238788    2.8720988754    3.2257338066
   6.8800829988   -1.0284188891    3.2257338066
   7.2339917480   -0.9873483160    2.1924885392
   7.8192781766    0.9218399932    1.1592432718
   7.5722475193    2.0041520195    1.1592432718
   6.8800829988   -1.0284188891    1.1592432718
   7.5722475193   -0.1604720332    1.1592432718
   7.2339917480    0.9218399932    0.2833002300
   6.1179089251   -0.8148187781    0.2833002300
   6.9309148488   -0.1103451350    0.2833002300
  -6.0520969792    2.1133561554    0.8263168949
  -5.7783132322    3.0296234293    0.0357020227
  -6.7370892073    2.5917651128    0.0357020227
  -7.3069388054    1.7050618301    0.0357020227
  -5.2517377499    3.3222998874   -1.0442979773
  -6.2780435352    3.1976838035   -1.0442979773
  -7.1288801953    2.6103936611   -1.0442979773
  -7.6093313048    1.6949705542   -1.0442979773
  -4.7350154778    2.8796198581   -2.1242979773
  -5.7783132322    3.0296234293   -2.1242979773
  -6.7370892073    2.5917651128   -2.1242979773
  -7.3069388054    1.7050618301   -2.1242979773
  -4.9720969792    2.1133561554   -2.9149128495
  -6.0520969792    2.1133561554   -2.9149128495
  -6.8053449181   -1.9006376088   -0.3521071317
  -5.8465689430   -2.3384959254   -0.3521071317
  -7.6775870157   -1.0038430503   -1.4321071317
  -7.1971359061   -1.9192661572   -1.4321071317
  -6.3462992460   -2.5065562996   -1.4321071317
  -7.3751945162    0.0400918954   -2.5121071317
  -7.3751945162   -1.0139343262   -2.5121071317
  -6.8053449181   -1.9006376088   -2.5121071317
  -5.8465689430   -2.3384959254   -2.5121071317
  -6.6603526900   -0.4869212154   -3.3027220039
  -6.1203526900   -1.4222286515   -3.3027220039
  -5.0403526900   -1.4222286515   -3.3027220039
  -5.5803526900   -0.4869212154   -3.5921071317
   6.2597536522    1.0456545602    4.8722104651
   7.3397536522    1.0456545602    4.5828253372
   6.7997536522    1.9809619963    4.5828253372
   6.7997536522    0.1103471241    4.5828253372
   8.1303685244    1.0456545602    3.7922104651
   7.8334150220    2.0569853138    3.7922104651
   7.0368351537    2.7472256989    3.7922104651
   7.0368351537   -0.6559165785    3.7922104651
   7.8334150220    0.0343238066    3.7922104651
   8.4197536522    1.0456545602    2.7122104651
   8.1723386676    2.0494566118    2.7122104651
   7.4867735052    2.8232997105    2.7122104651
   7.4867735052   -0.7319905901    2.7122104651
   8.1723386676    0.0418525086    2.7122104651
   8.1303685244    1.0456545602    1.6322104651
   7.8334150220    2.0569853138    1.6322104651
   7.8334150220    0.0343238066    1.6322104651
  -4.2181345658    1.3122760102    2.4387343862
  -3.7051043508    0.4236816120    2.4387343862
  -4.4548832334    2.7696353974    1.9177898532
  -5.0423247209    1.8555586005    1.9177898532
  -4.4911122415    3.5622760102    1.1196565238
  -5.2939619435    2.8393868915    1.1196565238
  -4.9725119223    3.6699566675    0.1406010568
  -4.9725119223    3.6699566675   -0.9012880092
  -4.4911122415    3.5622760102   -1.8803434762
  -3.4665087800    3.2210108861   -2.6784768055
  -4.4548832334    2.7696353974   -2.6784768055
  -2.1660137059    1.3122760102   -3.1994213385
  -2.6790439208    2.2008704083   -3.1994213385
  -3.7051043508    2.2008704083   -3.1994213385
  -2.4285949232    0.3837450820    2.6537010873
  -1.4025344932    2.1609338783   -2.9844546374
  -1.9155647082    1.2723394802   -3.1653767751
  -1.1593153753    0.1101058644    2.6753788873
  -1.6723455903   -0.7784885338    2.4944567497
  -0.1332549453    0.1101058644   -3.1436989750
  -0.6462851603    0.9987002626   -3.1436989750
  -1.6723455903    0.9987002626   -3.1436989750
  -4.8255069999    0.1637604481    2.0613060561
  -4.3124767850   -0.7248339501    2.0613060561
  -3.2864163550    1.0523548463   -3.5768496686
  -3.7994465700    0.1637604481   -3.7577718062
  -3.2363609511   -1.0120078103    2.0761030438
  -3.7493911661   -1.9006022085    1.8951809062
  -5.3382487587   -2.5391186916    0.5761030438
  -2.7233307361   -0.1234134121   -3.7429748185
  -4.2624213811   -1.0120078103   -3.7429748185
  -3.2363609511   -1.0120078103   -3.9238969562
  -2.9522685917   -1.0085038147    2.1311152563
  -2.4392383767   -1.8970982129    2.1311152563
  -1.4131779468   -0.1199094165   -3.5070404684
  -0.8462369798   -0.4122217238    2.6334586343
  -0.3332067648   -1.3008161220    2.6334586343
   1.2058838801   -0.4122217238   -3.0046970904
   0.1798234501   -0.4122217238   -3.1856192281
  -1.0962466502   -2.0547859055    2.2646840884
  -0.8548154869   -1.6780219993    2.3874082795
  -0.3417852719   -2.5666163975    2.3874082795
   0.9723158128   -3.4321225273    1.8664637465
   0.9740946451   -4.1489393100    1.0683304171
   1.9096972537   -3.6087688920    1.0683304171
   2.3545900768   -3.6684040784    0.0892749501
   2.3545900768   -3.6684040784   -0.9526141159
   2.9261625860   -2.7452827800   -0.9526141159
   2.7693211544   -1.6780219993   -1.9316695829
   1.9096972537   -3.6087688920   -1.9316695829
   2.5447056646   -2.7347547960   -1.9316695829
   2.0996077721   -1.6780219993   -2.7298029122
   1.7934869856   -0.6354703431   -2.7298029122
   1.7934869856   -2.7205736556   -2.7298029122
   1.1973053731   -1.6780219993   -3.2507474452
   0.6842751581   -0.7894276011   -3.2507474452
  -1.1895568025    2.7583192139    3.7585543041
  -0.1388990216    2.7583192139    3.5921464595
  -0.6642279121    3.6682155428    3.5921464595
  -1.7148856929    3.6682155428    3.5921464595
  -2.2402145834    2.7583192139    3.5921464595
  -1.7148856929    1.8484228850    3.5921464595
  -0.6642279121    1.8484228850    3.5921464595
   0.8089130553    2.7583192139    3.1092120849
   0.5411688630    3.7575541428    3.1092120849
  -0.1903218736    4.4890448794    3.1092120849
  -1.1895568025    4.7567890717    3.1092120849
  -2.1887917314    4.4890448794    3.1092120849
  -2.9202824681    3.7575541428    3.1092120849
  -3.1880266603    2.7583192139    3.1092120849
  -2.9202824681    1.7590842850    3.1092120849
  -2.1887917314    1.0275935483    3.1092120849
  -1.1895568025    0.7598493561    3.1092120849
  -0.1903218736    1.0275935483    3.1092120849
   0.5411688630    1.7590842850    3.1092120849
   1.5611009784    2.7583192139    2.3570241618
   1.3517196222    3.8109503747    2.3570241618
   0.7554519671    4.7033279835    2.3570241618
  -0.1369256417    5.2995956386    2.3570241618
  -1.1895568025    5.5089769947    2.3570241618
  -2.2421879634    5.2995956386    2.3570241618
  -3.1345655721    4.7033279835    2.3570241618
  -3.7308332272    3.8109503747    2.3570241618
  -3.9402145834    2.7583192139    2.3570241618
   1.3622017582    4.7444326234    1.4092120849
   0.5790504710    5.4653741707    1.4092120849
  -0.3957568570    5.8929643093    1.4092120849
  -1.4565847262    5.9808670127    1.4092120849
  -2.4884759765    5.7195566591    1.4092120849
  -3.3796091795    5.1373502800    1.4092120849
  -4.0334162253    4.2973389704    1.4092120849
   1.6196550302    4.6736074113    0.3585543041
   0.9303085238    5.4165462543    0.3585543041
   0.0526026803    5.9232899593    0.3585543041
  -0.9354744843    6.1488121243    0.3585543041
  -1.9461279780    6.0730741153    0.3585543041
  -2.8895568025    5.7028055867    0.3585543041
  -3.6819331667    5.0709065223    0.3585543041
  -4.2528509534    4.2335239269    0.3585543041
   1.3622017582    4.7444326234   -0.6921034768
   0.5790504710    5.4653741707   -0.6921034768
  -0.3957568570    5.8929643093   -0.6921034768
  -1.4565847262    5.9808670127   -0.6921034768
  -2.4884759765    5.7195566591   -0.6921034768
  -3.3796091795    5.1373502800   -0.6921034768
  -4.0334162253    4.2973389704   -0.6921034768
   0.7554519671    4.7033279835   -1.6399155537
  -0.1369256417    5.2995956386   -1.6399155537
  -1.1895568025    5.5089769947   -1.6399155537
  -2.2421879634    5.2995956386   -1.6399155537
  -3.1345655721    4.7033279835   -1.6399155537
  -0.1903218736    4.4890448794   -2.3921034768
  -1.1895568025    4.7567890717   -2.3921034768
  -2.1887917314    4.4890448794   -2.3921034768
  -2.9202824681    3.7575541428   -2.3921034768
  -0.6642279121    3.6682155428   -2.8750378513
  -1.7148856929    3.6682155428   -2.8750378513
  -2.2402145834    2.7583192139   -2.8750378513
  -0.6642279121    1.8484228850   -2.8750378513
  -1.1895568025    2.7583192139   -3.0414456959
  -5.1343893351    0.2604161468    2.0549521703
  -5.6474195501    1.1490105450    1.8740300327
  -6.1604497651    0.2604161468    1.8740300327
  -5.6474195501   -0.6281782514    1.8740300327
  -6.3971984327    1.7177755341    1.3530854997
  -6.9846399202    0.8036987371    1.3530854997
  -6.9846399202   -0.2828664436    1.3530854997
  -6.3971984327   -1.1969432405    1.3530854997
  -5.4088239793   -1.6483187291    1.3530854997
  -7.2362771428    1.7875270282    0.5549521703
  -7.6756913478    0.8005865648    0.5549521703
  -7.6756913478   -0.2797542712    0.5549521703
  -7.2362771428   -1.2666947346    0.5549521703
  -6.4334274408   -1.9895838532    0.5549521703
  -8.0385079238    0.8032899961   -0.4241032967
  -8.0385079238   -0.2824577025   -0.4241032967
  -7.6462906162   -1.2948872795   -0.4241032967
  -8.0385079238    0.8032899961   -1.4659923627
  -8.0385079238   -0.2824577025   -1.4659923627
  -7.6756913478    0.8005865648   -2.4450478297
  -4.3333184654    2.0145166748   -3.2431811591
  -5.4088239793    2.1691510227   -3.2431811591
  -6.3971984327    1.7177755341   -3.2431811591
  -6.9846399202    0.8036987371   -3.2431811591
  -4.1083289051    0.2604161468   -3.7641256921
  -4.6213591201    1.1490105450   -3.7641256921
  -5.6474195501    1.1490105450   -3.7641256921
  -6.1604497651    0.2604161468   -3.7641256921
  -4.6213591201   -0.6281782514   -3.7641256921
  -5.1343893351    0.2604161468   -3.9450478297
  -4.3519107892   -5.1584014264   -1.9908917386
  -4.3519107892   -5.1584014264   -3.0327808046
   0.3433356255   -5.5934800792   -3.0327808046
   0.9149081348   -4.6703587808   -3.0327808046
  -2.1115824220   -1.0192543220   -4.0118362716
  -3.9418973158   -5.1302088814   -4.0118362716
  -3.6902600932   -4.1463805904   -4.8099696009
  -2.3530397232   -2.7145036019   -5.3309141339
  -2.8660699382   -3.6030980001   -5.3309141339
  -2.3530397232   -4.4916923982   -5.3309141339
  -1.3269792932   -4.4916923982   -5.3309141339
  -1.8400095082   -3.6030980001   -5.5118362716
  -5.1463525180   -3.1215238905   -2.1260345304
  -4.9146368023   -4.1367367734   -2.1260345304
  -4.9146368023   -2.1063110075   -3.1941350134
  -5.1463525180   -3.1215238905   -3.1941350134
  -4.9146368023   -4.1367367734   -3.1941350134
  -3.0735644591   -1.2642273338   -4.1564602964
  -4.0353033010   -1.7034387462   -4.1564602964
  -4.6069138823   -2.5928821723   -4.1564602964
  -4.6069138823   -3.6501656086   -4.1564602964
  -3.3271860157   -2.2197134736   -4.8224100549
  -3.8478465026   -3.1215238905   -4.8224100549
  -4.0482385697   -5.6770304546   -2.2260330976
  -3.3989855620   -6.4911679753   -2.2260330976
  -2.4607877831   -6.9429802131   -2.2260330976
  -1.4194668092   -6.9429802131   -2.2260330976
  -0.4812690302   -6.4911679753   -2.2260330976
  -4.0482385697   -5.6770304546   -3.2941335806
  -3.3989855620   -6.4911679753   -3.2941335806
  -2.4607877831   -6.9429802131   -3.2941335806
  -1.4194668092   -6.9429802131   -3.2941335806
  -0.4812690302   -6.4911679753   -3.2941335806
  -3.7405156497   -5.1904592898   -4.2564588635
  -3.1689050684   -6.0799027158   -4.2564588635
  -2.2071662265   -6.5191141283   -4.2564588635
  -1.1606444110   -6.3686470070   -4.2564588635
  -0.3616029040   -5.6762735999   -4.2564588635
  -2.4607877831   -5.5636279885   -4.9224086220
  -1.4194668092   -5.5636279885   -4.9224086220
   1.2212604920   -3.1580292622   -3.7332935506
   0.9895447764   -2.1428163793   -3.7332935506
   0.3402917687   -1.3286788585   -3.7332935506
  -0.5979060103   -0.8768666208   -3.7332935506
   0.9895447764   -4.1732421452   -3.7332935506
   0.7578290607   -3.1580292622   -4.6956188336
   0.4599578949   -2.1435732339   -4.6956188336
  -0.3390836121   -1.4511998268   -4.6956188336
  -1.3856054276   -1.3007327056   -4.6956188336
   0.4599578949   -4.1724852905   -4.6956188336
  -0.0772455233   -3.1580292622   -5.3615685921
  -0.5979060103   -2.2562188454   -5.3615685921
  -1.6392269842   -2.2562188454   -5.3615685921
  -0.5979060103   -4.0598396791   -5.3615685921
  -1.1185664972   -3.1580292622   -5.5992433091
  -3.5789827850   -2.6375996990    2.2385856948
  -4.1664242725   -3.5516764959    2.2385856948
  -4.1664242725   -4.6382416766    2.2385856948
  -3.5789827850   -5.5523184735    2.2385856948
  -2.5906083316   -6.0036939622    2.2385856948
  -4.8574757001   -4.6351295042    1.4404523655
  -4.4180614951   -5.6220699676    1.4404523655
  -3.6152117931   -6.3449590862    1.4404523655
  -0.5777213767   -6.0257059789    1.4404523655
  -4.8280749684   -5.6502625126    0.4613968985
  -0.1328285537   -6.0853411654    0.4613968985
  -4.8280749684   -5.6502625126   -0.5804921675
  -4.4180614951   -5.6220699676   -1.5595476345
   0.3917006043   -5.6309499435    0.5233251143
   1.1907421113   -4.9385765364    0.5233251143
   0.1328782062   -6.2052831495   -0.4390001687
   1.0710759852   -5.7534709118   -0.4390001687
   1.7203289928   -4.9393333910   -0.4390001687
   1.9520447085   -3.9241205081   -1.5071006517
   0.1328782062   -6.2052831495   -1.5071006517
   1.0710759852   -5.7534709118   -1.5071006517
   1.7203289928   -4.9393333910   -1.5071006517
   1.4886132772   -3.9241205081   -2.4694259346
   0.3917006043   -5.6309499435   -2.4694259346
   1.1907421113   -4.9385765364   -2.4694259346
  -1.9242558408   -3.9925759573    3.3538421018
  -0.8829348669   -3.9925759573    3.1161673848
  -1.4035953538   -3.0907655404    3.1161673848
  -2.4449163277   -3.0907655404    3.1161673848
  -2.9655768147   -3.9925759573    3.1161673848
  -2.4449163277   -4.8943863742    3.1161673848
  -1.4035953538   -4.8943863742    3.1161673848
  -0.0478602829   -3.9925759573    2.4502176263
  -0.3457314487   -2.9781199290    2.4502176263
  -1.1447729557   -2.2857465218    2.4502176263
  -2.1912947711   -2.1352794006    2.4502176263
  -3.1530336130   -2.5744908131    2.4502176263
  -2.1912947711   -5.8498725140    2.4502176263
  -1.1447729557   -5.6994053927    2.4502176263
  -0.3457314487   -5.0070319856    2.4502176263
   0.4155711485   -3.9925759573    1.4878923433
   0.1838554328   -5.0077888403    1.4878923433
  -3.6514195160   -6.5776478211    1.2179161736
  -2.6896806742   -7.0168592336    1.2179161736
  -1.6431588587   -6.8663921123    1.2179161736
  -4.5307530174   -6.1747755599    0.2555908906
  -3.8815000097   -6.9889130806    0.2555908906
  -2.9433022307   -7.4407253184    0.2555908906
  -1.9019812568   -7.4407253184    0.2555908906
  -0.9637834779   -6.9889130806    0.2555908906
  -4.5307530174   -6.1747755599   -0.8125095924
  -3.8815000097   -6.9889130806   -0.8125095924
  -2.9433022307   -7.4407253184   -0.8125095924
  -1.9019812568   -7.4407253184   -0.8125095924
  -0.9637834779   -6.9889130806   -0.8125095924
  -4.2230300973   -5.6882043951   -1.7748348753
  -3.6514195160   -6.5776478211   -1.7748348753
  -2.6896806742   -7.0168592336   -1.7748348753
  -1.6431588587   -6.8663921123   -1.7748348753
  -5.1032010013   -3.1051941341    1.3968994999
  -5.1032010013   -4.1624775705    1.3968994999
  -5.4109239213   -2.6186229693    0.4345742169
  -5.6426396370   -3.6338358523    0.4345742169
  -5.4109239213   -4.6490487353    0.4345742169
  -5.6426396370   -3.6338358523   -0.6335262661
  -5.4109239213   -4.6490487353   -0.6335262661
  -5.1032010013   -4.1624775705   -1.5958515490
   3.6050807338   -0.5144338949   -1.9993769609
   2.6676992928   -0.3377875302   -2.7975102903
   3.4888704657    0.3737613415   -2.7975102903
   2.8926888531    1.4163129978   -3.3184548233
   1.3535982082    0.5277185996   -3.3184548233
   2.3796586381    0.5277185996   -3.3184548233
   2.7949248512    3.9510085511    2.0775834687
   1.8065503978    3.4996330624    2.0775834687
   3.8722091974    4.5131909858    1.2794501393
   2.7977865816    4.6261173532    1.2794501393
   1.7703213897    4.2922736751    1.2794501393
   2.2608431924    4.8839137265    0.3003946723
   5.6674357068    2.0422736751   -1.7205498607
   4.9977223245    2.0422736751   -2.5186831900
   3.8704303651    0.2881731472   -2.5186831900
   4.6916015379    0.9997220189   -2.5186831900
   4.0954199254    2.0422736751   -3.0396277230
   2.5563292804    2.9308680733   -3.0396277230
   3.5823897104    1.1536792770   -3.0396277230
   3.0693594954    2.0422736751   -3.2205498607
   2.5743798539    2.9161023459    3.0656875562
   3.5656160376    4.0425866367    2.2675542268
   2.5381508458    3.7087429586    2.2675542268
   5.5756412621   -0.4720039340   -0.7324457732
   5.7655517805    1.4587429586   -1.5305791025
   4.6382598211   -0.2953575693   -1.5305791025
   5.4594309940    0.4161913024   -1.5305791025
   2.1979046635    1.7747317299    3.7478367512
   5.1991660718   -1.6133745501   -0.0502965781
   4.2617846308   -1.4367281854   -0.8484299075
   1.7431544208    0.5806514646    3.9812893634
   1.2301242058   -0.3079429336    3.9812893634
   0.9933755382    1.1494164536    3.4603448304
   0.4059340507    0.2353396567    3.4603448304
   3.5730844015   -2.9526341822    0.6412669680
   3.0590343378   -2.7788602443   -0.3377884990
   3.9946369464   -2.2386898263   -0.3377884990
   3.8784266783   -1.3504945899   -1.1359218283
   2.0112068387    3.5341781638   -2.7665476371
   0.9646850233    3.6846452851   -2.7665476371
   1.7523844406    2.7291591453   -3.4324973956
   0.7110634667    2.7291591453   -3.4324973956
   0.1904029798    1.8273487284   -3.4324973956
   0.7110634667    0.9255383115   -3.4324973956
   1.2317239536    1.8273487284   -3.6701721127
   4.8461383162    4.7586935327   -0.2131909861
   3.9079405373    5.2105057705   -0.2131909861
   2.8666195634    5.2105057705   -0.2131909861
   5.4953913239    3.9445560119   -1.2812914690
   4.8461383162    4.7586935327   -1.2812914690
   3.9079405373    5.2105057705   -1.2812914690
   2.8666195634    5.2105057705   -1.2812914690
   1.9284217844    4.7586935327   -1.2812914690
   5.2636756082    2.9293431290   -2.2436167520
   4.9658044424    3.9437991573   -2.2436167520
   4.1667629354    4.6361725644   -2.2436167520
   3.1202411200    4.7866396857   -2.2436167520
   2.1585022781    4.3474282732   -2.2436167520
   4.4286010242    2.9293431290   -2.9095665105
   3.9079405373    3.8311535458   -2.9095665105
   2.8666195634    3.8311535458   -2.9095665105
   3.3872800503    2.9293431290   -3.1472412276
   1.9525064350   -1.2029028397    4.0825581840
   0.9111854611   -1.2029028397    3.8448834669
   1.4318459480   -2.1047132566    3.8448834669
   2.4731669219   -2.1047132566    3.8448834669
   0.1521180814   -1.7315445579    3.1789337084
   0.7237286627   -2.6209879839    3.1789337084
   1.6854675046   -3.0601993964    3.1789337084
   2.7319893201   -2.9097322752    3.1789337084
   1.4318459480   -3.4840654812    2.2166084255
   2.4731669219   -3.4840654812    2.2166084255
   3.4113647009   -3.0322532434    2.2166084255
   2.4731669219   -3.4840654812    1.1485079425
   5.0426825945    3.8217282487    3.2340960694
   4.0527331009    3.5564720814    3.2340960694
   6.7736315956    3.7642428845    2.3257106927
   5.8420671282    4.3020818805    2.3257106927
   4.7722818128    4.4145208480    2.3257106927
   3.7492512490    4.0821180680    2.3257106927
   7.6536048369    2.8533059267    1.2541970821
   7.1119075628    3.7281770636    1.2541970821
   6.2907499907    4.3482864772    1.2541970821
   5.3010340010    4.6298849551    1.2541970821
   4.2764262223    4.5349410623    1.2541970821
   7.6295452856    1.8418292614    0.1826834715
   7.4058992555    2.8940011085    0.1826834715
   6.7736315956    3.7642428845    0.1826834715
   5.8420671282    4.3020818805    0.1826834715
   7.0225815819    1.8418292614   -0.7257019052
   6.7573254145    2.8317787551   -0.7257019052
   6.0326320882    3.5564720814   -0.7257019052
   6.7573254145    0.8518797678   -0.7257019052
   6.1141962052    1.8418292614   -1.3326656090
   4.4665200374    0.0083061332    5.3694406580
   5.4925804674    0.0083061332    5.1885185204
   4.9795502524    0.8969005314    5.1885185204
   3.9534898224    0.8969005314    5.1885185204
   3.4404596074    0.0083061332    5.1885185204
   3.9534898224   -0.8802882650    5.1885185204
   4.9795502524   -0.8802882650    5.1885185204
   3.2037109399    1.4656655205    4.6675739874
   2.6162694523    0.5515887235    4.6675739874
   2.6162694523   -0.5349764572    4.6675739874
   3.2037109399   -1.4490532541    4.6675739874
   4.1920853933   -1.9004287427    4.6675739874
   5.2675909071   -1.7457943948    4.6675739874
   6.0887620799   -1.0342455231    4.6675739874
   3.1674819317    2.2583061332    3.8694406580
   3.1674819317   -2.2416938668    3.8694406580
   4.1949471236   -2.5755375448    3.8694406580
   5.2693697394   -2.4626111775    3.8694406580
   6.2049723481   -1.9224407595    3.8694406580
   3.6580037344   -2.8333339181    2.8903851911
   4.7391198247   -2.9335140771    2.8903851911
   5.7834198032   -2.6363851154    2.8903851911
   6.6498651711   -1.9820759459    2.8903851911
   4.7391198247   -2.9335140771    1.8484961250
   5.7834198032   -2.6363851154    1.8484961250
   6.6498651711   -1.9820759459    1.8484961250
   5.2693697394   -2.4626111775    0.8694406580
   6.2049723481   -1.9224407595    0.8694406580
   5.2675909071   -1.7457943948    0.0713073287
   5.3248034388    0.9218399932    5.1924885392
   5.8378336538    1.8104343913    5.0115664015
   4.8117732238    1.8104343913    5.0115664015
   6.1258743085    2.6759405211    4.4906218685
   5.0503687947    2.8305748691    4.4906218685
   4.0619943413    2.3791993804    4.4906218685
   6.1276531408    3.3927573038    3.6924885392
   5.0532305250    3.5056836712    3.6924885392
   4.0257653332    3.1718399932    3.6924885392
   3.2229156312    2.4489508745    3.6924885392
   7.0632557495   -1.0089068995    3.6924885392
   7.5081485725   -1.0685420859    2.7134330722
   7.5081485725   -1.0685420859    1.6715440062
   8.0797210818   -0.1454207876    1.6715440062
   7.9228796502    0.9218399932    0.6924885392
   7.0632557495   -1.0089068995    0.6924885392
   7.6982641603   -0.1348928035    0.6924885392
   6.1258743085   -0.8322605348   -0.1056447902
   6.9470454814   -0.1207116631   -0.1056447902
  -5.7791359096    3.0353452760    0.4520775471
  -6.7408747514    2.5961338636    0.4520775471
  -6.0327574661    3.4592113608   -0.5102477358
  -6.9709552451    3.0073991230   -0.5102477358
  -7.6202082528    2.1932616023   -0.5102477358
  -4.9914364923    3.4592113608   -1.5783482188
  -6.0327574661    3.4592113608   -1.5783482188
  -6.9709552451    3.0073991230   -1.5783482188
  -7.6202082528    2.1932616023   -1.5783482188
  -4.7326140941    2.8848781548   -2.5406735018
  -5.7791359096    3.0353452760   -2.5406735018
  -6.7408747514    2.5961338636   -2.5406735018
  -7.3124853328    1.7066904375   -2.5406735018
  -6.0327574661    2.0798591362   -3.2066232603
  -7.6884639636   -1.5021340984   -0.8980568902
  -7.0392109559   -2.3162716191   -0.8980568902
  -6.1010131770   -2.7680838569   -0.8980568902
  -7.9201796793   -0.4869212154   -1.9661573732
  -7.6884639636   -1.5021340984   -1.9661573732
  -7.0392109559   -2.3162716191   -1.9661573732
  -6.1010131770   -2.7680838569   -1.9661573732
  -7.3807410436    0.0417205028   -2.9284826561
  -7.3807410436   -1.0155629336   -2.9284826561
  -6.8091304623   -1.9050063596   -2.9284826561
  -5.8473916204   -2.3442177721   -2.9284826561
  -6.6216736639   -0.4869212154   -3.5944324146
  -6.1010131770   -1.3887316323   -3.5944324146
  -5.0596922031   -1.3887316323   -3.5944324146
  -5.5803526900   -0.4869212154   -3.8321071317
   6.2597536522    1.0456545602    5.1122104651
   7.3010746261    1.0456545602    4.8745357480
   6.7804141392    1.9474649771    4.8745357480
   6.7804141392    0.1438441433    4.8745357480
   8.1361492101    1.0456545602    4.2085859895
   7.8382780443    2.0601105885    4.2085859895
   7.0392365373    2.7524839956    4.2085859895
   7.0392365373   -0.6611748752    4.2085859895
   7.8382780443    0.0311985319    4.2085859895
   8.5995806415    1.0456545602    3.2462607066
   8.3678649258    2.0608674432    3.2462607066
   7.7186119181    2.8750049639    3.2462607066
   6.7804141392    3.3268172017    3.2462607066
   7.7186119181   -0.7836958435    3.2462607066
   8.3678649258    0.0304416772    3.2462607066
   8.5995806415    1.0456545602    2.1781602236
   8.3678649258    2.0608674432    2.1781602236
   7.7186119181    2.8750049639    2.1781602236
   8.3678649258    0.0304416772    2.1781602236
