   -0.0161751658
   -0.0334376206
   -0.0253099626
   -0.0079020333
   -0.0385861442
   -0.0222830723
   -0.0401530069
   -0.0188444606
   -0.0303508385
   -0.0143218239
   -0.0098046157
   -0.0113256558
    0.0037861077
    0.0009787436
    0.0084040326
    0.0074928196
   -0.0060604130
   -0.0032949503
    0.0037263175
    0.0007075811
   -0.0037693161
   -0.0091721654
    0.0081330344
    0.0079487607
   -0.0040628016
   -0.0179594572
   -0.0211309577
   -0.0182788554
   -0.0176714028
    0.0017131187
   -0.0009291777
   -0.0112409661
   -0.0003307051
   -0.0005414387
    0.0034216791
    0.0017180108
   -0.0017670155
   -0.0029010967
   -0.0067395930
   -0.0126847304
   -0.0049570947
   -0.0050077565
   -0.0050127443
   -0.0018196497
   -0.0090576427
   -0.0048881290
   -0.0115291607
   -0.0190104607
   -0.0286321548
   -0.0333672221
   -0.0369017266
   -0.0349154539
   -0.0446639031
   -0.0374294679
   -0.0400878206
   -0.0279574303
   -0.0149516302
   -0.0003254564
   -0.0180065245
   -0.0117806007
   -0.0181318311
   -0.0173649931
   -0.0119062301
   -0.0166410838
   -0.0196672043
   -0.0140948607
   -0.0168459656
   -0.0187423268
   -0.0065454516
   -0.0026290756
   -0.0112688178
   -0.0218392692
   -0.0242873399
   -0.0107009897
   -0.0061669548
   -0.0201847983
   -0.0068980974
    0.0017665951
   -0.0009982984
   -0.0118989014
   -0.0232739433
   -0.0341083097
   -0.0048980086
   -0.0011018912
   -0.0049116965
   -0.0145781661
   -0.0246318546
   -0.0037990753
   -0.0088005515
   -0.0157897310
   -0.0227601736
    0.0064075189
   -0.0077911162
   -0.0126121670
   -0.0085062974
    0.0143455299
   -0.0001479757
   -0.0233326475
   -0.0171112745
   -0.0242140494
   -0.0254554103
    0.0008151446
   -0.0068325860
   -0.0069160280
   -0.0114953556
    0.0261054256
    0.0232634047
    0.0372056888
    0.0093841799
    0.0222032150
    0.0143564384
   -0.0006667210
    0.0096773328
   -0.0003549848
    0.0039215736
    0.0019941004
    0.0032896030
    0.0038407166
   -0.0110588277
    0.0032197754
   -0.0039715180
   -0.0046106734
    0.0056627936
    0.0067627509
    0.0010435365
    0.0055420850
    0.0051173754
    0.0030682321
    0.0079163969
    0.0139601112
    0.0153555247
    0.0137980417
    0.0072281834
    0.0120932476
    0.0128297950
    0.0092985385
    0.0039101799
    0.0077515508
    0.0089208517
    0.0047980621
   -0.0006519070
   -0.0052728502
    0.0040638234
    0.0037410543
    0.0038522994
    0.0006512497
    0.0041168161
    0.0068134557
    0.0065024430
    0.0032165378
    0.0043264586
    0.0057134706
   -0.0018192962
    0.0025788181
   -0.0085579710
    0.0072879824
   -0.0130702662
    0.0122931105
    0.0059629351
   -0.0061271444
    0.0143883167
    0.0080721714
    0.0033796965
    0.0119519014
    0.0052563513
    0.0051149335
    0.0033418343
    0.0015312898
    0.0029921241
    0.0050133869
    0.0018952336
   -0.0022143736
   -0.0007589785
   -0.0029865686
    0.0027169421
    0.0039401072
    0.0033547342
    0.0043879428
    0.0044027591
    0.0089124696
    0.0099626795
    0.0080637931
    0.0065423463
    0.0117571682
    0.0136634215
    0.0138136916
    0.0114216661
    0.0172042508
   -0.0034091233
    0.0003030985
   -0.0018508665
    0.0032173689
   -0.0040089103
    0.0040405306
   -0.0115520087
    0.0034115140
   -0.0211585887
   -0.0087260396
   -0.0351569936
   -0.0260467254
   -0.0224752675
   -0.0236234606
   -0.0024222197
   -0.0228476636
   -0.0206560014
   -0.0059414582
   -0.0000149443
   -0.0112849511
   -0.0137909075
    0.0024785578
   -0.0044444787
   -0.0145184956
    0.0010462747
   -0.0183977712
   -0.0094692562
    0.0005659631
   -0.0125840904
    0.0030875794
   -0.0011059136
   -0.0047450118
   -0.0121583058
   -0.0159553396
   -0.0099604077
   -0.0007022680
   -0.0133707268
   -0.0146502199
   -0.0175660162
   -0.0158755946
   -0.0191492392
   -0.0089582237
   -0.0182767235
   -0.0133560972
   -0.0168172059
   -0.0077213220
   -0.0206382846
   -0.0101904687
   -0.0152004919
   -0.0240231839
   -0.0214041410
   -0.0197595957
   -0.0296427053
    0.0149539617
    0.0083407719
    0.0062239762
    0.0150155892
    0.0145872295
    0.0113018405
    0.0020938671
    0.0115760582
    0.0046428444
    0.0100649094
    0.0119015650
    0.0073026757
    0.0087502180
    0.0152398482
    0.0174564838
    0.0153767323
    0.0164439199
    0.0109088703
    0.0177020608
    0.0179264336
    0.0128443001
   -0.0045617810
   -0.0043571334
    0.0029939819
   -0.0014274593
   -0.0011537468
   -0.0001129737
    0.0010359009
   -0.0006771959
   -0.0109914698
   -0.0113521087
   -0.0127616624
    0.0081156461
   -0.0107553740
   -0.0114212641
    0.0106428198
   -0.0082376769
   -0.0181161704
   -0.0156630087
   -0.0041441434
   -0.0110455649
   -0.0184544709
   -0.0140767230
   -0.0003507907
   -0.0128656110
   -0.0072634800
   -0.0047400190
   -0.0344228357
   -0.0134781584
   -0.0232970169
   -0.0348436547
   -0.0461845272
   -0.0422049731
   -0.0130279999
   -0.0205450221
   -0.0223980030
   -0.0347563671
   -0.0486480303
   -0.0464685155
   -0.0230760567
   -0.0298562469
   -0.0419574733
   -0.0364657056
   -0.0132456155
   -0.0253000925
   -0.0284176615
   -0.0150895162
   -0.0135191346
    0.0009504772
    0.0042139707
   -0.0009154064
    0.0093301877
    0.0050294896
   -0.0044178185
    0.0168929038
   -0.0077359346
    0.0103864583
    0.0049867749
   -0.0073264701
    0.0091657045
    0.0064256519
    0.0253250684
    0.0259959987
    0.0185392240
    0.0323458667
    0.0349167945
    0.0220449765
    0.0328022994
    0.0239848787
    0.0221988401
    0.0038595140
    0.0365130507
    0.0360303855
    0.0329835652
    0.0169241908
    0.0332446431
    0.0361618657
    0.0246375820
    0.0271542243
    0.0174383466
    0.0252006277
    0.0233252536
    0.0138257681
    0.0275335940
    0.0270989468
    0.0223545215
    0.0051298809
    0.0212644630
    0.0250267409
    0.0235221296
    0.0195873390
    0.0208215736
   -0.0141764234
   -0.0254048837
   -0.0201500639
   -0.0095739409
   -0.0290521066
   -0.0207827753
   -0.0248380254
   -0.0276439391
   -0.0138414022
   -0.0185427833
   -0.0044076839
   -0.0054528754
   -0.0046785080
    0.0036282639
   -0.0032279594
    0.0043030749
    0.0047117152
   -0.0063667720
   -0.0046268761
    0.0033810249
    0.0010439683
   -0.0072314370
   -0.0095448723
    0.0057294379
    0.0057377709
   -0.0044414397
   -0.0121199646
   -0.0097182804
   -0.0018294057
    0.0009393641
    0.0019092642
   -0.0053037350
   -0.0028641675
   -0.0026138029
   -0.0023686019
    0.0021354148
    0.0000531995
   -0.0070461704
   -0.0056641493
   -0.0114579795
   -0.0046807396
   -0.0044814868
   -0.0013109525
   -0.0054478710
   -0.0079297292
   -0.0184924889
   -0.0270428498
   -0.0315598267
   -0.0327422154
   -0.0252364347
   -0.0340537660
   -0.0281657476
   -0.0272691840
   -0.0192440862
   -0.0112586052
   -0.0110243279
   -0.0073798834
   -0.0152650348
   -0.0150375359
   -0.0118288313
   -0.0144620378
   -0.0164257490
   -0.0133501791
   -0.0147965388
   -0.0162996556
   -0.0096951529
   -0.0059413746
   -0.0079133446
   -0.0135309597
   -0.0185256886
   -0.0198104124
   -0.0144330166
   -0.0062084905
   -0.0068416884
   -0.0124046342
   -0.0187801072
   -0.0095828438
   -0.0026712378
   -0.0019388327
   -0.0064513915
   -0.0134808522
   -0.0201665062
   -0.0268625695
   -0.0086390892
   -0.0020565758
   -0.0009827441
   -0.0040219886
   -0.0099047548
   -0.0165689219
   -0.0237571059
   -0.0002877047
   -0.0020821724
   -0.0045453102
   -0.0092261802
   -0.0150425354
   -0.0217103246
    0.0015251257
   -0.0051406074
   -0.0095367167
   -0.0137161538
   -0.0184687774
   -0.0041879509
   -0.0087483641
   -0.0072330120
    0.0096096971
    0.0001362204
   -0.0182773273
   -0.0157956164
   -0.0179960418
   -0.0188474388
   -0.0037632293
   -0.0084962380
   -0.0097050584
   -0.0130585746
    0.0104509565
    0.0103377008
    0.0256556152
    0.0056050544
    0.0296437202
    0.0090129453
    0.0178158433
    0.0250046824
    0.0106871327
    0.0135960264
    0.0159509417
    0.0040869416
    0.0043517450
    0.0042778241
    0.0021675719
    0.0029034616
    0.0037566531
    0.0033155900
   -0.0055498605
   -0.0024096381
    0.0044921176
    0.0046740297
   -0.0011938054
    0.0043830290
    0.0066317718
    0.0050641852
    0.0032634140
    0.0049911031
    0.0142662118
    0.0076277438
    0.0106924290
    0.0116640233
    0.0105848460
    0.0084798951
    0.0074849916
    0.0095409808
    0.0091025347
    0.0063548042
    0.0043930338
    0.0067562645
    0.0061504486
    0.0039731113
   -0.0014991760
   -0.0040245466
   -0.0015760269
    0.0011736419
    0.0024830710
    0.0030081229
    0.0028871950
    0.0032907031
    0.0020554044
    0.0033275609
    0.0047916022
    0.0048276878
    0.0035394500
    0.0027545638
    0.0039041356
    0.0043184174
   -0.0031607024
   -0.0000299157
    0.0013132082
    0.0017540240
    0.0035668135
   -0.0090619203
    0.0030158494
   -0.0158506204
    0.0073485160
    0.0009434525
   -0.0135111743
    0.0124734307
    0.0080431993
    0.0013479827
   -0.0055968340
    0.0103981047
    0.0046719960
    0.0025386349
    0.0029342536
    0.0028177443
    0.0016847807
    0.0007567004
    0.0011199219
    0.0025168875
    0.0033568270
    0.0004425782
   -0.0021672072
   -0.0014697191
   -0.0019804410
   -0.0032214007
    0.0018532222
    0.0025564212
    0.0025566484
   -0.0014525616
    0.0034064531
    0.0026903444
    0.0026434559
    0.0041809457
    0.0062607847
    0.0062424231
    0.0048065885
    0.0056108186
    0.0083745531
    0.0095597108
    0.0093411341
    0.0094406747
    0.0079837843
    0.0109188700
    0.0122596602
    0.0138060606
   -0.0053491761
   -0.0016913549
   -0.0073987648
    0.0001237913
    0.0013126313
   -0.0085875857
    0.0016816694
    0.0028991536
    0.0014067591
    0.0032597059
   -0.0233871012
   -0.0197896396
   -0.0212598270
   -0.0067298271
   -0.0185820855
   -0.0162918470
   -0.0037148863
   -0.0082984732
   -0.0064065348
   -0.0137126416
    0.0004678359
   -0.0068056914
    0.0043907706
   -0.0003441334
   -0.0161104103
   -0.0086624545
    0.0002730866
   -0.0090515145
    0.0024472006
   -0.0030300547
   -0.0054957974
   -0.0104355364
   -0.0120744934
   -0.0050618096
   -0.0189000651
   -0.0146125020
   -0.0200591823
   -0.0184954500
   -0.0097919485
   -0.0179765502
   -0.0160226990
   -0.0156520671
   -0.0090602299
   -0.0176037226
   -0.0107652458
   -0.0187282474
   -0.0189514624
   -0.0259072886
   -0.0209407556
    0.0064445038
    0.0135921386
    0.0088736372
    0.0072066699
    0.0106861850
    0.0048509509
    0.0109241562
    0.0109853603
    0.0100791331
    0.0057962273
    0.0009897122
    0.0083990766
    0.0021191747
    0.0059267210
    0.0034689003
    0.0017780309
    0.0073237960
    0.0107393697
    0.0108648451
    0.0084610861
    0.0062436946
    0.0112942531
    0.0136574012
    0.0133627729
    0.0131804680
    0.0079804745
    0.0127157124
    0.0137872269
    0.0142265011
    0.0096927449
   -0.0079786334
   -0.0027772192
   -0.0011597805
   -0.0080089034
   -0.0020337400
   -0.0003339308
   -0.0004961190
   -0.0047833154
   -0.0182107595
   -0.0095930599
   -0.0072008880
   -0.0096955101
   -0.0187806527
   -0.0028416282
   -0.0059890846
    0.0036892514
   -0.0081097607
   -0.0113089608
   -0.0080876289
    0.0011946125
   -0.0080526123
   -0.0126399920
   -0.0096411924
   -0.0002277247
   -0.0086258118
   -0.0118215017
   -0.0062127164
   -0.0031358359
   -0.0080137539
   -0.0026709936
   -0.0258846594
   -0.0124751033
   -0.0190992469
   -0.0278068996
   -0.0346303490
   -0.0309766112
   -0.0141877771
   -0.0203030903
   -0.0228100210
   -0.0300401886
   -0.0377602992
   -0.0350211078
   -0.0181073612
   -0.0314971534
   -0.0354238218
   -0.0277418753
   -0.0074584457
   -0.0238139271
   -0.0290012922
   -0.0234793592
   -0.0202220872
   -0.0100963324
   -0.0019878859
    0.0005658830
   -0.0043702519
    0.0067494423
   -0.0000349928
   -0.0017504336
   -0.0027176152
    0.0123972253
    0.0072674797
   -0.0059739912
    0.0049119273
    0.0003583949
    0.0004742467
    0.0110132402
    0.0162443982
    0.0116681528
    0.0222275316
    0.0250513972
    0.0240425708
    0.0110017503
    0.0229738524
    0.0278959754
    0.0298465350
    0.0150031783
    0.0236390471
    0.0127648538
    0.0086228355
    0.0253101908
    0.0248835489
    0.0220072747
    0.0113211133
    0.0302172598
    0.0293254667
    0.0245007160
    0.0100145724
    0.0285362634
    0.0265651572
    0.0170870299
    0.0217695149
    0.0116949139
    0.0181227463
    0.0177785359
    0.0124625492
    0.0108844299
    0.0209676136
    0.0211637611
    0.0181441071
    0.0045575759
    0.0162111863
    0.0206198614
    0.0205089217
    0.0171097797
    0.0082008369
    0.0170041349
    0.0177043262
    0.0157373096
    0.0143693775
   -0.0127965561
   -0.0202997272
   -0.0164659380
   -0.0096635812
   -0.0227579369
   -0.0178563944
   -0.0205363202
   -0.0215880341
   -0.0069682860
   -0.0180339858
   -0.0045306961
   -0.0110514395
    0.0001239504
    0.0032421096
   -0.0025985733
   -0.0010716035
   -0.0053410868
    0.0027789935
    0.0034992044
   -0.0066193996
   -0.0048938218
   -0.0004664527
    0.0032704957
    0.0013458449
   -0.0137518542
   -0.0090724427
    0.0046268386
    0.0050831960
   -0.0047915733
   -0.0088601067
   -0.0010417447
    0.0012091946
    0.0037911834
   -0.0016890396
   -0.0038336090
   -0.0037474674
   -0.0029245255
    0.0017030997
   -0.0000252597
   -0.0086781166
   -0.0062548982
   -0.0047796528
   -0.0092478848
   -0.0036711881
   -0.0039146601
   -0.0049454565
   -0.0053873797
   -0.0117690730
   -0.0190511301
   -0.0226266225
   -0.0274244177
   -0.0263733296
   -0.0170298926
   -0.0255627053
   -0.0209644752
   -0.0189319185
   -0.0133013749
   -0.0081014534
   -0.0130297032
   -0.0130688668
   -0.0109692129
   -0.0125072177
   -0.0138423132
   -0.0120953179
   -0.0129858657
   -0.0141685223
   -0.0096988273
   -0.0072201274
   -0.0083671396
   -0.0118665455
   -0.0151654830
   -0.0161824978
   -0.0130995221
   -0.0083966689
   -0.0084281996
   -0.0122079049
   -0.0162192524
   -0.0171494172
   -0.0098624423
   -0.0049065603
   -0.0037400040
   -0.0058869999
   -0.0100490099
   -0.0145712595
   -0.0186671064
   -0.0225386970
   -0.0034036090
   -0.0018439077
   -0.0033598676
   -0.0070903613
   -0.0118086955
   -0.0166732923
   -0.0231027242
   -0.0011172914
   -0.0017753544
   -0.0040334466
   -0.0077691463
   -0.0121753030
   -0.0169776092
   -0.0004100704
   -0.0036646076
   -0.0069611804
   -0.0106491441
   -0.0145751878
    0.0038767801
   -0.0030171341
   -0.0069473531
   -0.0100469179
   -0.0132282181
   -0.0018524199
   -0.0058685771
   -0.0050587120
    0.0070497403
    0.0005599225
   -0.0149051536
   -0.0139798705
   -0.0138662777
   -0.0144217009
   -0.0120542093
   -0.0031408953
   -0.0051715966
   -0.0079534157
   -0.0092259338
   -0.0116416407
    0.0090242307
    0.0043875890
    0.0031751731
    0.0025773113
   -0.0033983694
    0.0160549099
    0.0241076821
    0.0054826890
    0.0239429846
    0.0066310024
    0.0086162479
    0.0150443179
    0.0202413864
    0.0094463744
    0.0123998797
    0.0078748158
   -0.0015206846
    0.0046208141
    0.0028281906
    0.0040670616
    0.0025290902
    0.0030257740
    0.0035087444
    0.0032362803
    0.0029837566
    0.0048607013
    0.0049900953
    0.0044322823
   -0.0011284043
    0.0028796009
    0.0064487399
    0.0058152951
    0.0031916903
    0.0046881370
    0.0124378097
    0.0053054107
    0.0078788983
    0.0096274495
    0.0098312538
    0.0087595466
    0.0071698631
    0.0053257480
    0.0072763562
    0.0081332107
    0.0073284370
    0.0051577033
    0.0058253054
    0.0052733519
   -0.0035532333
   -0.0065422632
   -0.0037753803
    0.0012073843
    0.0015126223
    0.0012307167
    0.0020925721
    0.0020941833
    0.0024763691
    0.0035608062
    0.0036475741
    0.0030386780
    0.0033360023
    0.0035874827
   -0.0050307832
   -0.0002795881
    0.0009940301
    0.0018686399
    0.0012638672
    0.0033481354
    0.0025316498
    0.0075420331
    0.0036617136
    0.0015918136
    0.0047381046
   -0.0016834130
   -0.0147604661
    0.0095293907
    0.0052816251
   -0.0012453973
   -0.0069821022
    0.0076346433
    0.0022132813
    0.0015138698
    0.0011986811
    0.0001616473
   -0.0004010780
    0.0002774913
    0.0016148524
    0.0020824515
   -0.0012181670
   -0.0037389213
   -0.0029190235
   -0.0022467863
   -0.0038449562
    0.0018522823
    0.0020310967
    0.0012820426
    0.0042657527
    0.0053054212
    0.0049982589
    0.0035267540
    0.0057995328
    0.0074190134
    0.0079899362
    0.0078107027
    0.0083437777
    0.0053961502
    0.0080082270
    0.0097987437
    0.0107551086
    0.0125004608
   -0.0053243535
   -0.0019195167
   -0.0028272157
    0.0006835264
   -0.0008483096
    0.0024294522
    0.0026108080
   -0.0012664314
    0.0030845819
   -0.0199935605
   -0.0164000571
   -0.0191064551
   -0.0144502507
   -0.0120430872
   -0.0020850428
   -0.0009993188
   -0.0059577649
   -0.0067519671
   -0.0122437710
    0.0003905553
   -0.0026853573
    0.0021696710
   -0.0027697952
    0.0069763661
   -0.0004315997
   -0.0128785368
   -0.0069793287
    0.0003949056
   -0.0062929165
    0.0022571899
   -0.0048284099
   -0.0091304630
   -0.0056256236
   -0.0065511822
   -0.0050523097
   -0.0120027713
   -0.0062625383
   -0.0063068905
   -0.0132275894
   -0.0150452461
   -0.0172270460
   -0.0100993397
   -0.0171551937
   -0.0145953837
   -0.0096806847
   -0.0150989714
   -0.0103198588
   -0.0228177466
   -0.0188114951
   -0.0253355159
   -0.0193142338
    0.0126130783
    0.0076692220
    0.0034909648
    0.0088363476
    0.0084411153
    0.0075953344
    0.0038022729
    0.0063539528
    0.0033803824
    0.0028134971
    0.0040249162
    0.0075988497
    0.0083789723
    0.0070132505
    0.0043590691
    0.0040785395
    0.0081871092
    0.0104498386
    0.0107026246
    0.0101889161
    0.0059249052
    0.0099958400
    0.0111336147
    0.0076251714
   -0.0099445830
   -0.0043816913
   -0.0032573537
   -0.0104459460
   -0.0025468355
   -0.0018387553
   -0.0031418163
   -0.0084853732
   -0.0094774437
   -0.0086621757
   -0.0121316903
    0.0004904969
   -0.0041517317
   -0.0041600721
    0.0056381125
   -0.0039193828
   -0.0075739138
   -0.0066539337
    0.0023939064
   -0.0043217229
   -0.0082364906
   -0.0071167879
   -0.0012176181
   -0.0056204729
   -0.0078634032
   -0.0047227113
   -0.0025676937
   -0.0057270543
   -0.0007554647
   -0.0200020381
   -0.0108610353
   -0.0156475955
   -0.0222904865
   -0.0266214389
   -0.0234589242
   -0.0132443890
   -0.0181652750
   -0.0205707512
   -0.0251281608
   -0.0294916439
   -0.0267888677
   -0.0144898515
   -0.0267566433
   -0.0287538362
   -0.0220712519
   -0.0058412417
   -0.0251858765
   -0.0247449383
   -0.0172187443
   -0.0214919079
   -0.0168922031
   -0.0158103623
   -0.0076920259
   -0.0032688992
    0.0086317835
   -0.0012557686
    0.0044884949
   -0.0023679232
    0.0055471308
   -0.0020181733
   -0.0027798798
    0.0007420712
    0.0110150044
    0.0070963572
   -0.0032545686
    0.0068342369
    0.0022376553
   -0.0053714745
    0.0015991442
   -0.0021967149
    0.0026924455
    0.0112454377
    0.0112635940
    0.0026406279
    0.0147632765
    0.0194053444
    0.0201675460
    0.0038140715
    0.0154884920
    0.0214876271
    0.0240444959
    0.0117459002
    0.0193807727
    0.0091900729
    0.0029013219
    0.0206175997
    0.0195192434
    0.0154736764
    0.0258584826
    0.0248144452
    0.0229352552
    0.0171655048
    0.0238250407
    0.0216367934
    0.0132566752
    0.0180541235
    0.0078042897
    0.0138277183
    0.0136791346
    0.0068254711
    0.0164770761
    0.0168622657
    0.0146763223
    0.0034141606
    0.0126142390
    0.0162711880
    0.0162726369
    0.0135857130
    0.0062126757
    0.0133221057
    0.0136482963
    0.0119563532
    0.0110529602
   -0.0138815577
   -0.0093246736
   -0.0184782796
   -0.0151630946
   -0.0194161498
   -0.0128856707
   -0.0128232318
   -0.0060800503
   -0.0053728642
   -0.0063485624
    0.0021992191
    0.0027237158
   -0.0008247039
    0.0008883171
   -0.0064648181
    0.0021839336
    0.0028843546
   -0.0069008946
   -0.0050372263
   -0.0000272985
    0.0030175520
    0.0030226870
   -0.0119087850
   -0.0084296848
    0.0040940148
    0.0048871376
   -0.0050731084
   -0.0070025027
   -0.0059200323
    0.0016488195
    0.0048064738
    0.0004556375
   -0.0044113474
   -0.0031360733
    0.0015646231
   -0.0062408928
   -0.0044204708
   -0.0071582852
   -0.0026307753
   -0.0035226673
   -0.0044428713
   -0.0039110870
   -0.0076037643
   -0.0081993962
   -0.0139138179
   -0.0183428739
   -0.0179786963
   -0.0226169964
   -0.0207746671
   -0.0133433764
   -0.0194821030
   -0.0156346508
   -0.0121933303
   -0.0133754068
   -0.0092104127
   -0.0057053200
   -0.0113563736
   -0.0115277540
   -0.0100128039
   -0.0109411161
   -0.0118925819
   -0.0109011927
   -0.0115453049
   -0.0124656860
   -0.0092499937
   -0.0075068178
   -0.0081873320
   -0.0104593698
   -0.0126993981
   -0.0134774412
   -0.0116593996
   -0.0088273331
   -0.0087559352
   -0.0114590966
   -0.0141490712
   -0.0143972830
   -0.0092131813
   -0.0057205949
   -0.0048412246
   -0.0062498523
   -0.0090668997
   -0.0122057514
   -0.0150183188
   -0.0171803463
   -0.0045363771
   -0.0028905306
   -0.0035085734
   -0.0057591530
   -0.0089173260
   -0.0122878400
   -0.0158370866
   -0.0021286605
   -0.0015618596
   -0.0023633211
   -0.0042713310
   -0.0070058479
   -0.0100945405
   -0.0132989205
   -0.0173705090
    0.0012994258
   -0.0012323254
   -0.0034131980
   -0.0060299678
   -0.0089642914
   -0.0119853587
   -0.0158651296
    0.0010125080
   -0.0027462148
   -0.0056099846
   -0.0083016501
   -0.0109070414
   -0.0014287834
   -0.0048701515
   -0.0072208740
   -0.0090582846
   -0.0004751654
   -0.0038055572
   -0.0031108311
    0.0054017711
    0.0008896314
   -0.0125565027
   -0.0123035870
   -0.0111648086
   -0.0114988262
   -0.0054122136
   -0.0054806554
   -0.0070220308
   -0.0081000491
   -0.0098374628
    0.0048810212
    0.0023668918
    0.0005144088
   -0.0002619285
   -0.0018701492
    0.0107792888
    0.0094325706
    0.0098325173
    0.0175417698
    0.0175214431
    0.0207524392
    0.0054110884
    0.0125934731
    0.0177135862
    0.0196391000
    0.0062741291
    0.0080600241
    0.0129202076
    0.0167290276
    0.0086088965
    0.0110934613
    0.0047068859
    0.0050152551
    0.0048515512
    0.0017598092
    0.0007669805
    0.0049445125
    0.0039993275
    0.0027392415
    0.0031285245
    0.0033890053
    0.0031337411
    0.0029493608
    0.0038216920
    0.0039137775
    0.0081618457
    0.0069719122
    0.0052973960
    0.0011071767
    0.0041009551
    0.0061841875
    0.0054663508
    0.0032570876
    0.0043020081
    0.0061487392
    0.0083978353
    0.0095255938
    0.0093407944
    0.0085615693
    0.0057865428
    0.0071804502
    0.0079030820
    0.0076412351
    0.0065084108
    0.0049403629
    0.0060948967
    0.0065566049
    0.0058688882
    0.0042467853
    0.0049457008
    0.0044801978
   -0.0021243076
   -0.0035939406
   -0.0020010126
    0.0005957655
    0.0006426057
    0.0014122155
    0.0012859644
    0.0020042504
    0.0022333816
    0.0022183144
    0.0028992157
    0.0030017487
    0.0028826978
    0.0030171039
    0.0031420379
   -0.0041010173
   -0.0021975622
   -0.0003427419
    0.0008146092
    0.0015356435
    0.0003637129
    0.0013098566
    0.0025010285
    0.0021033508
    0.0023770607
    0.0042546671
    0.0035929187
    0.0050031217
    0.0027543196
   -0.0030192859
    0.0063914260
    0.0024730588
   -0.0039269282
   -0.0121886228
    0.0077967312
    0.0037724397
   -0.0019291093
   -0.0052438019
    0.0062459246
    0.0015922369
    0.0005560742
    0.0002547077
   -0.0005951908
   -0.0008620201
   -0.0000863808
    0.0010055243
    0.0011743311
   -0.0013468229
   -0.0026947498
   -0.0026665410
   -0.0025053983
   -0.0031711238
    0.0015260760
    0.0014711063
    0.0005239488
   -0.0050886487
    0.0000277183
    0.0031062083
    0.0038121585
    0.0035540766
    0.0034537403
    0.0048765585
    0.0057173914
    0.0058285409
    0.0054424148
    0.0047916406
    0.0063307645
    0.0073657790
    0.0077938290
    0.0079848475
    0.0056243300
    0.0076693463
    0.0092700506
    0.0104473035
   -0.0030689178
   -0.0000830850
   -0.0048206345
    0.0006139134
    0.0018821890
    0.0026396245
    0.0031353817
    0.0034246498
   -0.0150602737
   -0.0111694315
   -0.0089161050
   -0.0011211729
   -0.0008413971
   -0.0043172812
   -0.0065982069
   -0.0109889584
   -0.0024805768
   -0.0032254131
   -0.0064516838
    0.0001285682
   -0.0018303669
   -0.0003359575
   -0.0100811762
   -0.0055068374
    0.0004835880
    0.0081892505
   -0.0043993833
    0.0020644688
   -0.0083163046
   -0.0051892669
   -0.0079009646
   -0.0067408306
   -0.0040055769
   -0.0112521577
   -0.0063356848
   -0.0121686049
   -0.0130493838
   -0.0159248259
   -0.0137212625
   -0.0099810136
   -0.0133147355
   -0.0098428996
   -0.0160780920
   -0.0217480729
   -0.0174875421
   -0.0176023815
    0.0097995114
    0.0066678596
    0.0069160695
    0.0066779670
    0.0058495054
    0.0029199709
    0.0049447905
    0.0034510631
    0.0048960756
    0.0040551668
    0.0039499942
    0.0066361935
    0.0076352957
    0.0072067901
    0.0059527153
    0.0033337340
    0.0066208555
    0.0084918498
    0.0089282961
    0.0089680628
    0.0046975459
    0.0078773669
    0.0089946430
    0.0061488350
   -0.0110132507
   -0.0057599152
   -0.0051520451
   -0.0117702853
   -0.0031805485
   -0.0025402516
   -0.0042621161
   -0.0098810254
   -0.0055906410
   -0.0077826241
   -0.0138461305
   -0.0127096545
   -0.0010267775
   -0.0029525491
    0.0012485591
   -0.0035847323
   -0.0049629076
   -0.0051054888
    0.0024059712
   -0.0028737824
   -0.0054427481
   -0.0051405828
   -0.0031476904
   -0.0004274172
   -0.0038571931
   -0.0056281359
   -0.0040369570
   -0.0043991839
   -0.0050581888
   -0.0024222069
   -0.0032520624
   -0.0040108368
   -0.0159075824
   -0.0093839016
   -0.0071732750
   -0.0130092003
   -0.0181385087
   -0.0210045520
   -0.0183227403
   -0.0118795226
   -0.0158732394
   -0.0179555182
   -0.0209427083
   -0.0234240471
   -0.0209593046
   -0.0118664121
   -0.0073572747
   -0.0188972525
   -0.0232571623
   -0.0226958232
   -0.0164456942
   -0.0186507444
   -0.0222041666
   -0.0202412888
   -0.0130284683
   -0.0197953239
   -0.0181333741
   -0.0118626459
   -0.0166632392
   -0.0120448704
   -0.0133693554
   -0.0038371038
    0.0052585073
   -0.0022611597
    0.0088958966
    0.0027163706
   -0.0034605839
    0.0067906773
    0.0015488563
   -0.0017768216
   -0.0061181751
   -0.0011946365
    0.0015707095
    0.0003473344
    0.0083004691
    0.0058522818
   -0.0023164778
    0.0038107347
   -0.0054214399
   -0.0004820852
   -0.0023955985
    0.0055001918
    0.0059967159
    0.0121675277
    0.0139491635
    0.0002736535
    0.0109230259
    0.0161733577
    0.0184102168
    0.0045888274
    0.0128092635
    0.0178233665
    0.0205991341
    0.0160364427
    0.0138030242
    0.0123067661
    0.0076548457
    0.0200773682
    0.0190637066
    0.0172687319
    0.0127826574
    0.0220273712
    0.0211372118
    0.0193751780
    0.0148957046
    0.0197964586
    0.0178410310
    0.0117511692
    0.0153365114
    0.0050754587
    0.0101126231
    0.0101696563
    0.0041921721
    0.0127521811
    0.0132801784
    0.0116465124
    0.0013666280
    0.0092818547
    0.0134073807
    0.0137350408
    0.0121811013
    0.0090109655
    0.0051269755
    0.0108516332
    0.0123140020
    0.0120586450
    0.0092477151
    0.0101313338
