   -0.0424280873
   -0.0390135656
   -0.0520082642
   -0.0493281666
   -0.0404963625
   -0.0493076596
   -0.0511559452
   -0.0410324720
   -0.0324044897
   -0.0288273790
   -0.0347790444
   -0.0473711089
   -0.0404482494
   -0.0209989349
   -0.0319981485
   -0.0194000006
   -0.0019813453
   -0.0136593513
    0.0032295647
   -0.0004989814
    0.0067112181
    0.0061131565
   -0.0031675246
   -0.0178434360
   -0.0037334539
    0.0113810402
    0.0069611800
    0.0005659602
   -0.0134977915
    0.0110603604
    0.0055776855
   -0.0011188289
    0.0054274653
   -0.0016528069
    0.0121050134
    0.0074250948
    0.0029182236
   -0.0032766971
    0.0140031513
    0.0106784252
    0.0074664282
    0.0137142070
    0.0177983116
    0.0125415229
    0.0027640694
    0.0002978457
    0.0007771540
    0.0047880209
    0.0082847919
    0.0043113946
    0.0042089426
    0.0189470293
    0.0110240817
    0.0082850664
    0.0098820499
    0.0125677564
    0.0207506366
    0.0225106628
    0.0138154315
    0.0147471181
    0.0018402086
    0.0042816053
    0.0035749606
   -0.0039039566
   -0.0052162209
    0.0031725093
    0.0043679688
   -0.0051714627
    0.0018890016
    0.0038583441
   -0.0016149582
    0.0005100201
    0.0019723664
    0.0048922511
    0.0021565179
    0.0045146171
    0.0065544166
    0.0085571784
    0.0067697916
    0.0096399265
    0.0119897410
    0.0121939073
    0.0071859352
    0.0104410028
    0.0038835469
    0.0050037308
    0.0067016099
    0.0018861349
    0.0071286326
    0.0086888716
    0.0067644441
    0.0020731754
    0.0076975731
    0.0088438382
    0.0041768581
    0.0058567968
    0.0062843176
    0.0040874146
    0.0079604120
    0.0088728808
    0.0065049129
    0.0029221610
    0.0011163658
    0.0046314924
    0.0071095617
    0.0084529662
    0.0014109402
    0.0032998222
    0.0051935042
    0.0078870421
    0.0121898946
    0.0089047707
   -0.0090632288
    0.0142471273
    0.0270368898
    0.0315005777
    0.0372686881
    0.0167273056
    0.0307806648
    0.0382617751
    0.0338820634
   -0.0323916197
   -0.0308101540
   -0.0396917305
   -0.0377996071
   -0.0304967302
   -0.0378969832
   -0.0406897762
   -0.0353525666
   -0.0294717535
   -0.0249299583
   -0.0358103000
   -0.0383008451
   -0.0312178989
   -0.0200245875
   -0.0109554128
   -0.0077050675
   -0.0303136203
   -0.0295448092
   -0.0174363880
   -0.0175969602
   -0.0077627107
   -0.0065526344
    0.0027256609
   -0.0023417673
    0.0037689574
    0.0037617488
   -0.0011888991
   -0.0109359668
   -0.0149041784
   -0.0028075367
    0.0054813847
    0.0011361537
   -0.0070634969
   -0.0234349047
    0.0066378977
    0.0034037651
   -0.0017717938
   -0.0117128349
    0.0066266765
    0.0035016784
   -0.0008947382
   -0.0080570426
    0.0073365796
    0.0043422240
    0.0008804574
   -0.0004575370
    0.0119719498
    0.0095304280
    0.0071907182
    0.0078825083
    0.0149940884
    0.0145072937
    0.0107395516
    0.0022324396
    0.0006147008
    0.0007789656
    0.0009439417
    0.0056339793
    0.0052664978
    0.0018322064
    0.0016598017
    0.0137811942
    0.0075889275
    0.0057308549
    0.0056481455
    0.0293913992
    0.0148493675
    0.0099484355
    0.0078476228
    0.0091539265
    0.0106331307
    0.0151962334
    0.0208010312
    0.0163526677
    0.0113862284
    0.0130684761
    0.0000695668
    0.0026720863
    0.0022480664
   -0.0014444370
   -0.0076622971
   -0.0028235914
    0.0017615381
    0.0030633991
   -0.0152538266
   -0.0028740873
    0.0015494055
    0.0030539760
   -0.0049700799
   -0.0000349959
    0.0017565164
    0.0034876557
    0.0014500279
    0.0026177702
    0.0037807139
    0.0055786831
    0.0031080735
    0.0045263482
    0.0059842655
    0.0073850386
    0.0102417761
    0.0061457428
    0.0076147317
    0.0092659548
    0.0109223704
    0.0095992480
    0.0065084365
    0.0086966928
    0.0025365133
    0.0035164329
    0.0045101524
    0.0016240769
    0.0053603859
    0.0059235954
    0.0053926303
    0.0026133729
    0.0055645522
    0.0068462398
    0.0069213224
    0.0047908181
    0.0019444104
    0.0063352504
    0.0063592688
    0.0032831441
    0.0047157318
    0.0045442308
    0.0033378887
    0.0054432023
    0.0063337833
    0.0057074584
    0.0037742131
    0.0023750330
    0.0016183268
    0.0038053070
    0.0055506211
    0.0065339421
    0.0016664329
    0.0033270224
    0.0044711841
    0.0057209490
    0.0016897857
   -0.0028504721
   -0.0011657902
    0.0044811763
    0.0133676465
    0.0172040495
    0.0174111560
    0.0070429514
    0.0182906842
    0.0248541546
    0.0274574058
    0.0296050891
    0.0151312311
    0.0193611980
    0.0271150411
    0.0305267091
    0.0266204888
   -0.0253657985
   -0.0245379044
   -0.0314872994
   -0.0295552312
   -0.0231182010
   -0.0268906514
   -0.0324852244
   -0.0308667652
   -0.0260161443
   -0.0216669263
   -0.0173286303
   -0.0252285345
   -0.0303417955
   -0.0282218334
   -0.0211878664
   -0.0129788468
   -0.0071548465
   -0.0050996258
   -0.0210372336
   -0.0241452182
   -0.0191276789
   -0.0079585211
   -0.0118547518
   -0.0105182886
    0.0051378598
   -0.0023576383
   -0.0105691514
   -0.0136787440
    0.0048765390
    0.0028311298
    0.0041828102
   -0.0032774928
    0.0026807268
    0.0024493010
   -0.0023240253
   -0.0115619274
   -0.0153985420
   -0.0034998973
    0.0047223791
    0.0013182768
   -0.0043495817
   -0.0150050512
    0.0032253050
   -0.0006443067
   -0.0074149798
    0.0035985179
    0.0001281717
   -0.0051846395
    0.0067621767
    0.0041977972
    0.0013402583
   -0.0012144179
    0.0107895415
    0.0082743740
    0.0060302958
    0.0069181035
    0.0140187502
    0.0134211912
    0.0095489700
    0.0020463451
    0.0014503432
    0.0011552889
    0.0012553286
    0.0010456292
    0.0017804068
    0.0042010594
    0.0015094469
    0.0027151991
    0.0055343969
    0.0057392505
    0.0099135120
    0.0061915964
    0.0050756436
    0.0054463417
    0.0207879592
    0.0116140418
    0.0083117717
    0.0068868932
    0.0082577268
    0.0141055518
    0.0192866286
    0.0148305095
    0.0101076926
    0.0118800502
   -0.0008940634
    0.0018468050
    0.0016202713
   -0.0022160550
   -0.0086797371
   -0.0038021984
    0.0007541435
    0.0025695732
   -0.0099506448
   -0.0018026175
    0.0012597579
    0.0025072317
   -0.0023254247
    0.0005764597
    0.0019752625
    0.0022823674
    0.0031960879
    0.0043985911
    0.0030136035
    0.0038041740
    0.0048350067
    0.0059055142
    0.0076946301
    0.0054052377
    0.0064433565
    0.0079761167
    0.0099476797
    0.0090972259
    0.0060967367
    0.0076453318
    0.0022457302
    0.0029839426
    0.0036887885
    0.0017857350
    0.0045752022
    0.0047521115
    0.0044074975
    0.0024804590
    0.0050636750
    0.0057342950
    0.0055762718
    0.0040922940
    0.0021725313
    0.0056228037
    0.0053141219
    0.0032941503
    0.0045967705
    0.0034617035
    0.0026986435
    0.0042200641
    0.0048760830
    0.0042269670
    0.0020466179
    0.0015951181
    0.0029287408
    0.0041846657
    0.0049769279
    0.0061008155
    0.0014674922
    0.0026280373
    0.0035448982
    0.0044065613
   -0.0030119334
   -0.0046316232
    0.0053347666
    0.0109803975
    0.0133906366
   -0.0006521388
    0.0090589485
    0.0163474986
    0.0205210427
    0.0223189169
    0.0243470551
    0.0119245625
    0.0150777782
    0.0216677541
    0.0248508989
    0.0215380865
   -0.0203348647
   -0.0200778609
   -0.0251397081
   -0.0236631559
   -0.0185020451
   -0.0191192856
   -0.0251724251
   -0.0265498537
   -0.0245473115
   -0.0213137052
   -0.0180896937
   -0.0181921201
   -0.0242199263
   -0.0255584038
   -0.0229595372
   -0.0182299054
   -0.0134621292
   -0.0101008105
   -0.0080353810
   -0.0184816045
   -0.0220815858
   -0.0213737254
   -0.0169542474
   -0.0102752018
   -0.0032565287
   -0.0158915723
   -0.0142217879
   -0.0074734625
   -0.0062207715
   -0.0008625379
    0.0028917449
   -0.0003971546
   -0.0054517273
   -0.0135657553
    0.0004875346
    0.0014697806
    0.0022812409
    0.0037320810
   -0.0037519282
    0.0012012748
    0.0010163302
   -0.0030472263
   -0.0102754773
   -0.0127838677
    0.0033126314
    0.0002773633
   -0.0046070349
   -0.0130820461
    0.0030907749
    0.0001197147
   -0.0045548445
   -0.0129863218
    0.0031468818
    0.0001894429
    0.0041685358
    0.0017907697
   -0.0013787641
   -0.0057633852
    0.0063295493
    0.0041697100
    0.0020935970
    0.0009217897
    0.0050727102
    0.0096344633
    0.0074682961
    0.0056995486
    0.0067242844
    0.0120052987
    0.0118624565
    0.0086297057
    0.0017953757
    0.0015856291
    0.0020929423
    0.0015222355
    0.0015187119
    0.0014265025
    0.0016836753
    0.0014441789
    0.0018899580
    0.0025864032
    0.0035248896
    0.0021465584
    0.0032551233
    0.0055907642
    0.0039752383
    0.0049976313
    0.0037434506
    0.0095521671
    0.0066834303
    0.0056409870
    0.0055853855
    0.0180548659
    0.0110218684
    0.0080853320
    0.0067544426
    0.0079888451
    0.0162547586
    0.0131414455
    0.0093807452
    0.0108888802
   -0.0014595095
    0.0010970538
    0.0008233340
   -0.0026369513
   -0.0074943401
   -0.0038874560
   -0.0000476918
    0.0020747666
   -0.0088619043
   -0.0022276992
    0.0006421845
    0.0018630656
   -0.0092577765
   -0.0020281329
    0.0005740442
    0.0019185287
    0.0030356582
    0.0022717074
    0.0028571657
    0.0035450243
    0.0043562197
    0.0035106207
    0.0039653831
    0.0047114539
    0.0055999852
    0.0070989421
    0.0052025634
    0.0058291405
    0.0070952580
    0.0088098867
    0.0083851935
    0.0060144123
    0.0069060587
    0.0019391285
    0.0024283923
    0.0028731842
    0.0035439312
    0.0036133469
    0.0036000915
    0.0022906031
    0.0042185268
    0.0046469937
    0.0044550066
    0.0037974056
    0.0024693888
    0.0049751754
    0.0050423587
    0.0047083136
    0.0035451777
    0.0050491883
    0.0045005477
    0.0026805255
    0.0023684602
    0.0033223406
    0.0036485932
    0.0028617719
    0.0019033705
    0.0018118794
    0.0026850113
    0.0035367610
    0.0040675644
    0.0046815465
    0.0018250683
    0.0026441798
    0.0033307185
    0.0038773598
    0.0025459258
    0.0032418069
    0.0003383244
    0.0043492456
    0.0058881512
    0.0036007467
    0.0093316559
    0.0127915226
    0.0144608639
    0.0025498413
    0.0089713573
    0.0143723416
    0.0177776676
    0.0195470958
    0.0202654991
    0.0112509298
    0.0130812980
    0.0178925677
    0.0205476713
    0.0178272269
