   -0.0009708409
    0.0088537850
    0.0100311149
    0.0029878315
   -0.0078324828
    0.0152979635
    0.0157339730
    0.0107528420
    0.0012696216
    0.0173324332
    0.0105282202
    0.0145589764
   -0.0086553767
   -0.0096284469
   -0.0039899939
   -0.0040143098
    0.0035430180
   -0.0062728361
   -0.0178344459
   -0.0116660134
   -0.0010633238
   -0.0062155536
    0.0069104742
    0.0082075742
   -0.0218442789
   -0.0159481842
   -0.0253807345
    0.0128754025
    0.0137150652
    0.0184111103
    0.0177025665
    0.0183047346
    0.0130690527
   -0.0237403283
   -0.0034022638
    0.0111003428
    0.0032919731
   -0.0117256209
   -0.0064492518
   -0.0190673391
   -0.0223042451
   -0.0249367049
   -0.0242191426
   -0.0263136488
   -0.0549643534
   -0.0535154478
   -0.0286601161
   -0.0212340499
    0.0121927409
    0.0108749937
   -0.0026928370
   -0.0023382437
   -0.0158525794
   -0.0173488068
    0.0246775118
    0.0248300406
    0.0199479111
    0.0172831651
    0.0122332550
    0.0095328583
    0.0089607393
    0.0180351776
   -0.0053834346
   -0.0157038868
    0.0144142259
    0.0016919909
   -0.0043513737
    0.0063629158
    0.0115311510
   -0.0077117742
    0.0113245718
   -0.0111461950
   -0.0077586823
    0.0363515517
    0.0359696290
    0.0291315301
    0.0234493177
    0.0416674734
    0.0582631031
    0.0279839805
    0.0259913433
    0.0267427630
    0.0424254586
    0.0138040597
    0.0187017138
   -0.0008426762
   -0.0063449191
   -0.0045822587
   -0.0083171045
   -0.0082202471
   -0.0054884930
    0.0089987849
    0.0107917891
    0.0052960343
   -0.0133965041
   -0.0197455478
   -0.0136092384
    0.0034156308
   -0.0126139827
   -0.0226476145
   -0.0268486297
   -0.0241538033
   -0.0145381676
    0.0024783135
    0.0002406610
   -0.0213882065
   -0.0252794584
   -0.0171756409
   -0.0123583825
   -0.0299425282
   -0.0447624797
   -0.0478095161
   -0.0452588069
   -0.0578424564
   -0.0580411289
   -0.0569285151
   -0.0535054858
   -0.0393843602
   -0.0490681674
   -0.0643881294
   -0.0650951549
   -0.0629064080
   -0.0531306342
   -0.0519377098
   -0.0656145163
   -0.0648469081
   -0.0435624459
   -0.0475059451
   -0.0649374486
   -0.0662517125
   -0.0590001228
   -0.0494612319
   -0.0401936447
   -0.0342580506
   -0.0421868341
   -0.0526140252
   -0.0606461239
   -0.0649721080
   -0.0648768307
   -0.0581633045
   -0.0503855241
   -0.0512051744
   -0.0585304850
   -0.0593300151
    0.0171589900
    0.0174278160
    0.0179144736
    0.0158896766
    0.0008894005
    0.0058794991
    0.0112760911
   -0.0161338820
   -0.0027285972
    0.0088453215
   -0.0055884248
    0.0073026122
   -0.0070095502
    0.0088924311
   -0.0030353176
   -0.0325778476
   -0.0173124653
   -0.0173985754
    0.0141268480
   -0.0047314340
   -0.0018861844
   -0.0105070115
    0.0013570635
   -0.0139607415
   -0.0090945348
   -0.0179662993
    0.0125307885
    0.0163210216
    0.0160087130
    0.0094497540
    0.0037852481
    0.0057868292
    0.0151655155
    0.0125988806
    0.0068539517
   -0.0096103782
    0.0056525928
    0.0038950578
   -0.0012278327
   -0.0001936604
   -0.0023563108
   -0.0075973879
   -0.0090337886
    0.0022290541
   -0.0202361943
   -0.0165591451
   -0.0248940093
   -0.0166826389
   -0.0083101291
   -0.0085896971
   -0.0197043635
   -0.0244135206
   -0.0133422580
   -0.0202798898
   -0.0060274273
    0.0141790100
    0.0190692604
    0.0205953447
    0.0162885032
    0.0083958132
   -0.0121061388
    0.0069035581
    0.0124782358
   -0.0035257183
   -0.0023665292
   -0.0095400791
    0.0007947490
    0.0117030770
   -0.0211583234
   -0.0169763828
   -0.0068210660
   -0.0016007922
   -0.0231381433
   -0.0211677212
    0.0121017256
    0.0114604550
    0.0023154094
    0.0034532795
    0.0143155477
    0.0172284130
    0.0091807075
    0.0180845933
    0.0166186078
    0.0139851944
    0.0101929687
    0.0084083354
    0.0075182002
   -0.0064886905
    0.0069112029
    0.0157787330
   -0.0038347635
    0.0129290733
    0.0158113180
    0.0163917377
    0.0171228492
    0.0136999285
   -0.0060665232
   -0.0093314175
   -0.0015127555
   -0.0187822884
    0.0073127170
   -0.0011744041
   -0.0024675469
   -0.0155805160
   -0.0190858852
   -0.0036472381
   -0.0132153043
   -0.0136040789
   -0.0163527419
   -0.0087994600
   -0.0075275272
   -0.0135260003
    0.0020112968
    0.0049097533
   -0.0042637152
   -0.0153136428
   -0.0080363587
   -0.0011607969
    0.0093645330
   -0.0074223112
    0.0052837636
    0.0010841718
   -0.0020034926
    0.0059066327
    0.0081071732
    0.0092457721
    0.0047010610
    0.0089129456
    0.0138802810
    0.0157278380
    0.0151007032
    0.0109019276
    0.0169536328
    0.0223674412
    0.0137187368
    0.0120453701
    0.0121763604
    0.0211257238
    0.0187699365
    0.0183630902
    0.0142431088
    0.0200446060
    0.0205155520
    0.0125627151
    0.0197808071
    0.0008574986
   -0.0064159558
    0.0057855590
   -0.0152183472
   -0.0031601753
   -0.0122364151
   -0.0018657804
    0.0039365075
    0.0083626894
    0.0093362351
    0.0153648079
    0.0187826684
    0.0076288351
    0.0156540580
    0.0194604419
    0.0116209421
    0.0497092391
    0.0550538318
    0.0580359951
    0.0410587123
    0.0301831345
    0.0420307915
    0.0499035703
    0.0210976335
    0.0376277509
    0.0336627101
    0.0064879545
    0.0050934382
    0.0086014522
   -0.0107605515
    0.0061124509
    0.0032284522
    0.0047665724
    0.0183769395
    0.0130992625
    0.0146402277
    0.0130436609
    0.0078821459
    0.0078233301
    0.0114287230
    0.0121212394
    0.0074495363
    0.0082837786
    0.0108375540
    0.0155878549
    0.0018548910
    0.0141437837
    0.0132636807
    0.0104223322
    0.0103646158
    0.0092641227
    0.0065322010
    0.0016048227
    0.0036099393
    0.0093471393
    0.0097390043
    0.0057652911
    0.0081702685
    0.0117265701
    0.0136782467
    0.0083854512
    0.0058929914
    0.0084262297
    0.0097660847
    0.0163847471
    0.0204213545
    0.0120563846
    0.0162292341
    0.0146506819
    0.0121135801
    0.0067015145
    0.0067014715
    0.0116583739
    0.0108519760
    0.0140016296
    0.0132435822
    0.0088606313
   -0.0010025440
    0.0116072804
    0.0075375208
    0.0014243448
    0.0082592142
   -0.0011082721
   -0.0010154141
   -0.0001218281
    0.0074370099
    0.0032040843
    0.0061039403
    0.0087720457
    0.0126288278
    0.0068400320
    0.0097131294
    0.0076263214
    0.0059705474
   -0.0048125962
    0.0084874238
   -0.0088561513
    0.0054997710
    0.0118285407
    0.0106399989
    0.0068559313
    0.0128805971
    0.0062650484
   -0.0159554901
   -0.0164790962
    0.0011196188
   -0.0133418574
   -0.0242695624
   -0.0078976104
   -0.0147689946
   -0.0151494487
   -0.0228179969
   -0.0017542294
   -0.0060516449
   -0.0135105384
   -0.0209046082
   -0.0265718034
    0.0096097922
    0.0039590883
    0.0132378599
    0.0141600892
    0.0123542374
    0.0108018467
    0.0141233490
    0.0131595524
    0.0109209750
    0.0107075837
    0.0062790733
    0.0002070789
   -0.0118668425
   -0.0086663213
   -0.0226803978
   -0.0028779166
   -0.0187227232
   -0.0144340721
   -0.0269226256
    0.0109702358
    0.0005496810
    0.0119374890
    0.0150130477
    0.0143208941
    0.0054715638
    0.0117406053
    0.0131161193
    0.0145135229
    0.0135944249
    0.0009712335
    0.0045296224
    0.0088324341
    0.0035500356
   -0.0117257790
   -0.0238264100
   -0.0058987055
   -0.0173506142
   -0.0041297809
   -0.0246465616
   -0.0128764346
   -0.0109587753
    0.0133623118
    0.0058506855
    0.0104161425
    0.0148760122
    0.0159524982
    0.0115845407
    0.0026673548
    0.0124658553
    0.0161947380
    0.0152059591
    0.0102789480
    0.0177952156
   -0.0219483261
   -0.0046988030
   -0.0033339462
   -0.0213570537
   -0.0169203151
   -0.0023596464
   -0.0017368251
    0.0163283169
    0.0131298450
    0.0119597146
    0.0113001521
    0.0173676307
    0.0178620449
    0.0061319232
    0.0153750288
   -0.0184951938
   -0.0126779961
   -0.0184513277
    0.0041772659
    0.0009682512
    0.0073261479
    0.0100641078
    0.0097691456
    0.0062266743
   -0.0000657643
    0.0135865776
    0.0131078438
    0.0112548490
    0.0064675001
   -0.0009756642
    0.0169605909
    0.0118594438
    0.0057952216
   -0.0066296432
   -0.0045576775
   -0.0029892182
    0.0051409686
   -0.0063129801
   -0.0099561356
   -0.0172294750
   -0.0106164000
   -0.0017567870
   -0.0073849977
   -0.0017216763
    0.0006344215
   -0.0240845309
   -0.0038312286
   -0.0151998382
   -0.0314464890
    0.0130728506
    0.0138771236
    0.0172555262
    0.0130236343
    0.0128003337
    0.0114581372
    0.0045591555
   -0.0281958186
    0.0012115574
    0.0037320948
   -0.0050889210
   -0.0166682680
   -0.0068566733
   -0.0194896872
   -0.0235686779
   -0.0264520791
   -0.0473710266
   -0.0306282000
   -0.0335201988
   -0.0344937568
   -0.0541793218
   -0.0556780748
   -0.0495032805
   -0.0359913862
   -0.0284016317
    0.0114675082
    0.0088215090
   -0.0012657259
    0.0039760114
   -0.0097832387
   -0.0203910043
   -0.0186763593
    0.0229585425
    0.0174557723
    0.0162320438
    0.0137906208
    0.0104025269
    0.0096946885
    0.0142757875
    0.0153232821
    0.0006701773
   -0.0032953751
   -0.0085667130
   -0.0076370617
   -0.0160787912
    0.0169595984
    0.0161486401
    0.0052038570
    0.0012001729
    0.0210982596
   -0.0016067729
    0.0010720325
   -0.0131113195
   -0.0104121669
    0.0317262991
    0.0315449341
    0.0261058165
    0.0227130506
    0.0257333236
    0.0463227206
    0.0453332990
    0.0266097767
    0.0234202273
    0.0227169585
    0.0191824440
    0.0385133661
    0.0177698169
    0.0173755974
    0.0218681464
    0.0245391202
    0.0009246587
   -0.0062727613
   -0.0013631317
   -0.0114725306
   -0.0089641238
    0.0139923915
    0.0148299950
    0.0084016385
   -0.0044084000
   -0.0085258109
   -0.0032973786
    0.0109101806
   -0.0059690297
   -0.0133781369
   -0.0170237868
   -0.0161018538
   -0.0103242756
    0.0004764818
    0.0099514611
   -0.0131943293
   -0.0180914802
   -0.0180791066
   -0.0127796494
   -0.0026370663
   -0.0094295766
   -0.0160575931
   -0.0122142582
   -0.0150570583
   -0.0275359699
   -0.0335057387
   -0.0304054324
   -0.0422898153
   -0.0439607891
   -0.0431879946
   -0.0394814709
   -0.0353424490
   -0.0501815372
   -0.0510115489
   -0.0500565874
   -0.0473020385
   -0.0396702672
   -0.0440177510
   -0.0547058567
   -0.0552928357
   -0.0527622245
   -0.0444344172
   -0.0575225839
   -0.0551238187
   -0.0508298570
   -0.0110353669
   -0.0299941469
   -0.0413487023
   -0.0463438413
   -0.0550750372
   -0.0568054797
   -0.0521589360
   -0.0442957123
   -0.0353673797
   -0.0290357651
   -0.0355328776
   -0.0436984714
   -0.0506059182
   -0.0535272975
   -0.0533765055
   -0.0476533298
   -0.0415114109
   -0.0424990332
   -0.0484434115
   -0.0489560508
    0.0139283168
    0.0144569510
    0.0141224980
    0.0170080679
    0.0142860680
    0.0063655817
    0.0062014998
    0.0098064853
   -0.0124921957
   -0.0022384421
    0.0027964428
   -0.0128395679
    0.0076001195
   -0.0027621222
    0.0062886627
   -0.0052855373
    0.0036871676
   -0.0148388241
   -0.0102889658
   -0.0206793196
   -0.0176776840
    0.0108901049
   -0.0022809985
    0.0005158687
   -0.0034529493
   -0.0071237558
   -0.0067139499
   -0.0056371785
   -0.0051572336
   -0.0145357272
   -0.0089647661
   -0.0169980318
    0.0094368217
    0.0126432925
    0.0123991720
    0.0090015235
    0.0040923666
    0.0031841709
    0.0068696417
    0.0179585997
    0.0131733400
    0.0108319334
    0.0074593725
   -0.0007160058
    0.0102765641
    0.0065711215
    0.0049951422
   -0.0006041301
   -0.0032265449
   -0.0017295470
   -0.0011579324
   -0.0089034957
   -0.0131816664
   -0.0103809791
   -0.0174797019
   -0.0128776550
   -0.0057462317
   -0.0066613376
   -0.0120347440
   -0.0183790239
   -0.0150927240
   -0.0155955432
   -0.0155049362
   -0.0078169243
   -0.0094451311
    0.0155197278
    0.0131364728
    0.0138572251
    0.0135386411
    0.0093970858
   -0.0041481384
   -0.0180532028
   -0.0022080485
    0.0066619282
    0.0042858411
   -0.0131364899
   -0.0062923897
   -0.0084076026
   -0.0024580224
    0.0032379215
    0.0067401290
   -0.0204159011
   -0.0148235924
   -0.0178298789
   -0.0068190770
   -0.0085303931
   -0.0207975306
    0.0087145626
    0.0081857332
    0.0020756777
    0.0013897701
    0.0067048587
    0.0122195247
    0.0125076962
    0.0055422146
    0.0131225330
    0.0142998802
    0.0133835090
    0.0107460359
    0.0153478611
    0.0118921003
    0.0098304503
    0.0069213309
    0.0050609606
   -0.0024812408
    0.0074423095
    0.0131451218
    0.0010966110
    0.0108222720
    0.0134151900
    0.0108954362
    0.0128976095
    0.0101983715
   -0.0055093031
   -0.0066871818
   -0.0008261178
   -0.0132700524
   -0.0139969512
    0.0139581056
    0.0027442007
    0.0030738165
    0.0018572562
   -0.0122147273
   -0.0060057537
    0.0042246081
   -0.0018174772
   -0.0023013287
   -0.0128448307
   -0.0140474434
   -0.0138810998
   -0.0095381329
   -0.0087919633
   -0.0116735296
   -0.0012696487
    0.0040513786
   -0.0014712337
   -0.0137251176
    0.0016115298
    0.0065225454
   -0.0015229659
   -0.0028075952
    0.0061826879
    0.0042737766
    0.0000907810
    0.0031238280
    0.0011384966
    0.0036686048
    0.0064724419
    0.0090453304
    0.0093827104
    0.0079309076
    0.0054091819
    0.0098282319
    0.0125082572
    0.0138554679
    0.0079208085
    0.0123761540
    0.0161455465
    0.0110834689
    0.0161555420
    0.0128732953
    0.0134758809
    0.0161605388
    0.0160787763
    0.0157727238
    0.0122569093
    0.0158259789
    0.0168347996
    0.0112500244
    0.0165423042
    0.0027880753
   -0.0045820261
    0.0034254049
    0.0008173628
    0.0106076849
   -0.0137323649
   -0.0037032073
   -0.0098332005
   -0.0015650968
    0.0019520361
    0.0026512300
    0.0092806646
    0.0105723056
    0.0026812724
    0.0103523143
    0.0138095018
    0.0041199233
    0.0086518741
    0.0128350199
    0.0147939270
    0.0083178200
    0.0400895569
    0.0444982519
    0.0472771655
    0.0393560847
    0.0288421444
    0.0285347506
    0.0366707894
    0.0426701890
    0.0501053114
    0.0240729560
    0.0245276687
    0.0346310178
    0.0342486262
    0.0249218491
    0.0075068874
    0.0059915786
    0.0046699286
    0.0059013852
    0.0050282620
   -0.0047474860
    0.0052273876
    0.0033240848
    0.0047269828
    0.0058710334
    0.0099427286
    0.0142157844
    0.0129484710
    0.0088208736
    0.0110179091
    0.0114579086
    0.0094510734
    0.0062636805
    0.0082941322
    0.0097381331
    0.0088170220
    0.0060957227
    0.0071883268
    0.0103924212
    0.0118642868
    0.0115772138
    0.0092908414
   -0.0001153992
    0.0115760132
    0.0099586963
    0.0087191522
    0.0058664996
    0.0076843617
    0.0065048696
    0.0047289471
    0.0046272921
    0.0047751309
    0.0054857337
    0.0083756532
    0.0092996443
    0.0059261891
    0.0075261917
    0.0093546743
    0.0109784054
    0.0095052817
    0.0059409446
    0.0075726395
    0.0082113114
    0.0132015984
    0.0150848433
    0.0114441079
    0.0066782312
    0.0127472332
    0.0115806622
    0.0105226280
    0.0072338766
    0.0058276631
    0.0073245764
    0.0101831002
    0.0089322118
    0.0110891708
    0.0086927014
    0.0008915578
    0.0122163695
    0.0096899576
    0.0063924327
    0.0011783015
    0.0097988952
    0.0066122684
    0.0030066303
   -0.0062181734
   -0.0080449087
    0.0007586317
    0.0010537582
    0.0020509801
    0.0038796864
    0.0031619137
    0.0043826928
    0.0062675814
    0.0083682203
    0.0047533848
    0.0067088020
    0.0077121573
    0.0053743375
   -0.0058377361
    0.0040629762
   -0.0102119074
    0.0010701488
    0.0077897730
    0.0104100846
   -0.0020429667
    0.0075573538
    0.0093584896
    0.0059046327
    0.0112686082
    0.0079993272
   -0.0149978448
   -0.0184428887
    0.0020204228
   -0.0088355141
   -0.0094475251
   -0.0180688222
    0.0014726616
   -0.0053629551
   -0.0099457499
   -0.0109741260
   -0.0163686271
    0.0023537299
   -0.0212241974
   -0.0044122821
   -0.0091821947
   -0.0132101162
   -0.0189504840
    0.0072889485
    0.0030500877
    0.0090501006
    0.0110167019
    0.0107405919
   -0.0012324857
    0.0071121935
    0.0107687270
    0.0113021235
    0.0104390189
    0.0115527510
    0.0085563358
    0.0102850479
    0.0097090973
    0.0078477929
    0.0052913757
    0.0078552926
    0.0030859235
   -0.0075857679
   -0.0053080631
    0.0005061295
   -0.0104192101
   -0.0158542906
    0.0035575245
   -0.0210455081
   -0.0085131186
   -0.0059168314
   -0.0022869552
   -0.0177092670
   -0.0144107212
   -0.0236172768
    0.0084658492
    0.0012691964
    0.0081774822
    0.0112662562
    0.0118244505
    0.0095197147
    0.0033280066
    0.0111531191
    0.0109923043
    0.0118585880
    0.0118589444
    0.0091967597
    0.0055531049
    0.0066354246
    0.0085487164
    0.0105841302
    0.0130729387
    0.0012985017
    0.0020429665
   -0.0090149284
   -0.0051184265
   -0.0132625177
    0.0063167783
   -0.0050104432
   -0.0111876147
   -0.0011877912
   -0.0193642354
   -0.0106913258
   -0.0007930089
    0.0118763109
    0.0089172450
    0.0019115478
    0.0114567292
    0.0124138633
    0.0112872522
    0.0066164773
    0.0084160962
    0.0120649916
    0.0132567060
    0.0120385688
    0.0082104323
    0.0049854662
    0.0107159430
    0.0131109233
    0.0141105946
    0.0022918885
    0.0101079915
   -0.0055770237
   -0.0030432506
    0.0053620995
   -0.0236014785
   -0.0130343126
   -0.0101681607
   -0.0005734180
    0.0019539747
    0.0113690319
    0.0079865316
    0.0133170537
    0.0142935622
    0.0136865063
    0.0133278789
    0.0040792451
    0.0119883084
    0.0149303317
    0.0147030828
    0.0100399116
    0.0151106277
   -0.0177139796
   -0.0219984571
    0.0020471311
    0.0018393445
   -0.0033169883
    0.0072479538
    0.0079548736
    0.0064483457
    0.0026295355
   -0.0029476715
    0.0110586939
    0.0100398041
    0.0075944623
    0.0031736483
    0.0092360811
    0.0036440365
   -0.0044843126
   -0.0057020355
   -0.0027677943
   -0.0000554166
    0.0013651694
   -0.0139373070
   -0.0054056030
   -0.0099574376
   -0.0013037269
   -0.0095543661
   -0.0065181969
   -0.0049209309
   -0.0019142487
    0.0050691934
    0.0069531479
   -0.0159038184
   -0.0266752651
   -0.0050314172
   -0.0154195476
    0.0109510823
    0.0124159311
    0.0102751468
    0.0098369892
    0.0076916960
    0.0003816275
   -0.0012615140
    0.0009535437
   -0.0074655511
   -0.0053896422
   -0.0198969374
   -0.0242393519
   -0.0284503655
   -0.0428082768
   -0.0317985483
   -0.0235257646
   -0.0368552742
   -0.0488572618
   -0.0438898082
   -0.0352389841
   -0.0295175276
    0.0081999484
    0.0008040941
   -0.0053171148
   -0.0036650900
   -0.0143841503
   -0.0226914293
   -0.0134106475
    0.0148931683
    0.0141507650
    0.0115776121
    0.0078893458
    0.0067079863
    0.0104672308
   -0.0013089912
   -0.0053684746
   -0.0104684347
    0.0179811678
    0.0151229304
    0.0077905780
    0.0051061745
   -0.0016526027
    0.0055575880
    0.0060106307
    0.0086299894
   -0.0057277318
   -0.0036063462
    0.0281141254
    0.0276628736
    0.0226327678
    0.0199430593
    0.0229712077
    0.0410533618
    0.0230142818
    0.0200288998
    0.0195765879
    0.0181286325
    0.0327544991
    0.0149465238
    0.0141395078
    0.0174593810
    0.0206279599
    0.0031205379
   -0.0031354697
   -0.0030750965
   -0.0046305667
   -0.0130668944
    0.0131758558
    0.0134314560
    0.0022880127
   -0.0037600613
   -0.0041770081
    0.0013018921
    0.0127625068
   -0.0066178433
   -0.0103220486
   -0.0118288692
   -0.0102514608
   -0.0051890350
    0.0035036223
    0.0085607069
   -0.0100859342
   -0.0130223215
   -0.0122102718
   -0.0076315693
    0.0000408360
   -0.0080535725
   -0.0115048787
   -0.0085410055
   -0.0079083720
   -0.0257733667
   -0.0241952895
   -0.0342554449
   -0.0361982991
   -0.0358096614
   -0.0328787133
   -0.0289288089
   -0.0419740030
   -0.0429340027
   -0.0422450490
   -0.0400330703
   -0.0350190167
   -0.0377333947
   -0.0468168803
   -0.0470882642
   -0.0452653439
   -0.0403880533
   -0.0481958129
   -0.0256457010
   -0.0348730075
   -0.0395415094
   -0.0469426346
   -0.0491455466
   -0.0462142244
   -0.0392599661
   -0.0318440947
   -0.0238796232
   -0.0299630290
   -0.0371860847
   -0.0428750407
   -0.0452972115
   -0.0450938241
   -0.0395031952
   -0.0337033672
   -0.0349470311
   -0.0406096335
   -0.0410311020
    0.0118115704
    0.0122232525
    0.0114855870
    0.0125992194
    0.0045648169
    0.0032452467
    0.0064234697
    0.0114231391
   -0.0161193582
   -0.0057464057
   -0.0001699748
    0.0070683337
   -0.0003593472
    0.0060523881
   -0.0032570721
   -0.0051500004
   -0.0214486693
   -0.0134803291
   -0.0216534262
   -0.0165791836
    0.0090786459
   -0.0003859650
    0.0021797039
   -0.0021383345
   -0.0039213443
   -0.0056793686
   -0.0009319150
   -0.0077524200
   -0.0056801593
   -0.0140155465
   -0.0079646399
   -0.0162834498
    0.0075013280
    0.0106697716
    0.0098527895
    0.0065752825
    0.0023670268
    0.0023305843
    0.0109730156
    0.0085830294
    0.0061912905
    0.0007192804
    0.0046431260
    0.0034861818
    0.0001149531
   -0.0015630856
   -0.0002968308
   -0.0056301883
   -0.0083368171
   -0.0086341056
   -0.0126250060
   -0.0093283936
   -0.0040988241
   -0.0131813904
   -0.0132850140
   -0.0098877625
   -0.0119958500
   -0.0062001367
    0.0117867234
    0.0112023282
    0.0129210274
    0.0096810053
    0.0049435057
   -0.0198206610
   -0.0039809958
    0.0042965413
    0.0016214274
   -0.0155579734
   -0.0085519382
   -0.0071255299
   -0.0037112209
    0.0032771084
    0.0088109057
   -0.0178331655
   -0.0196016707
   -0.0124364371
   -0.0177972820
   -0.0068940757
   -0.0070766483
   -0.0196958867
    0.0065677676
    0.0058843686
    0.0003977968
    0.0001497186
    0.0048608199
    0.0097688740
    0.0098781955
    0.0030423410
    0.0116831490
    0.0117236334
    0.0104556643
    0.0077244403
    0.0120575966
    0.0096186954
    0.0073629280
    0.0036060333
   -0.0044191151
    0.0053528306
    0.0112892198
    0.0034415136
    0.0097271312
    0.0118724265
    0.0104697127
    0.0108269606
   -0.0042366558
   -0.0046751494
   -0.0002444217
   -0.0104486956
   -0.0101390462
   -0.0127961125
    0.0073474928
    0.0056861768
    0.0025370861
   -0.0052690100
    0.0051910521
    0.0041477116
    0.0009383758
    0.0011683654
   -0.0111177031
   -0.0128191299
   -0.0115486619
   -0.0088085058
   -0.0098525441
   -0.0016809614
   -0.0032225814
   -0.0049645188
    0.0026252471
    0.0038257721
   -0.0004248374
    0.0066256854
    0.0074588065
    0.0025102962
    0.0004525879
    0.0067082105
    0.0061593669
   -0.0026235198
    0.0010421951
    0.0009448811
    0.0032146260
    0.0060526969
    0.0071873196
    0.0068842359
    0.0023826562
    0.0064138227
    0.0093064862
    0.0110581152
    0.0056411925
    0.0097963533
    0.0140548173
    0.0093687351
    0.0111412524
    0.0111062601
    0.0137386540
    0.0136181026
    0.0132418862
    0.0103427374
    0.0132278161
    0.0141043347
    0.0100465071
   -0.0025255397
    0.0031869412
    0.0002658165
    0.0058117072
   -0.0117388134
   -0.0031644341
   -0.0082048369
   -0.0012485489
    0.0005826234
    0.0040964343
    0.0082777329
    0.0040820230
    0.0095136241
    0.0122175816
    0.0026792542
    0.0064214970
    0.0102359800
    0.0060927800
    0.0331677922
    0.0369410757
    0.0396478425
    0.0326861413
    0.0236256659
    0.0231603853
    0.0300545849
    0.0352826827
    0.0415824403
    0.0212282078
    0.0289325728
    0.0277966313
    0.0206093937
    0.0100684323
    0.0067743658
    0.0052545382
    0.0048429923
    0.0056636145
    0.0050963942
    0.0027565353
    0.0051438606
    0.0035925117
    0.0048694841
    0.0057990984
    0.0128554144
    0.0108054238
    0.0092121529
    0.0096692218
    0.0095808280
    0.0077174334
    0.0074396373
    0.0083973331
    0.0077048779
    0.0057560538
    0.0065922984
    0.0084562734
    0.0102922102
    0.0099246064
    0.0077650814
    0.0098795160
    0.0085993095
    0.0074406721
    0.0050877519
    0.0058298081
    0.0041404577
    0.0047694687
    0.0051626629
    0.0069701768
    0.0076563609
    0.0055532342
    0.0065147989
    0.0078639540
    0.0097599665
    0.0056327368
    0.0065201023
    0.0072614278
    0.0112074789
    0.0133062568
    0.0111491539
    0.0071831345
    0.0109767431
    0.0098331160
    0.0090707634
    0.0064204249
    0.0054526128
    0.0066889443
    0.0088330322
    0.0077159162
    0.0091983069
    0.0082857033
    0.0031125564
    0.0115088683
    0.0087464789
    0.0062765113
    0.0024838146
    0.0097701810
    0.0065741847
    0.0038137210
   -0.0086227557
    0.0002221452
    0.0003683594
    0.0011585176
    0.0041160928
    0.0031890198
    0.0042195372
    0.0057308920
    0.0082178088
    0.0043359622
    0.0057162051
    0.0069232768
    0.0051725630
    0.0028929679
   -0.0016610171
    0.0051400920
    0.0083223952
    0.0046290749
    0.0076369506
    0.0062495168
    0.0093690222
    0.0084920030
   -0.0122310004
   -0.0042155923
    0.0020057773
   -0.0067120545
   -0.0126055577
    0.0016775547
   -0.0033238903
   -0.0062755302
   -0.0075879126
   -0.0113792554
    0.0060303264
   -0.0158579603
   -0.0000279016
   -0.0013728967
   -0.0056941030
   -0.0097113435
   -0.0114576309
   -0.0159285872
    0.0058774756
    0.0020266074
    0.0071708204
    0.0089963012
    0.0091744786
    0.0049087836
    0.0082917535
    0.0091835538
    0.0088031861
    0.0088591636
    0.0084320713
    0.0081212683
    0.0068592483
    0.0049851752
    0.0034638073
   -0.0044319920
   -0.0028355396
    0.0011094915
   -0.0063767641
   -0.0105822792
   -0.0150673570
   -0.0012738336
   -0.0095805278
   -0.0072022761
   -0.0043638594
   -0.0153293986
   -0.0128324132
    0.0069110815
    0.0068913885
    0.0093738232
    0.0097073663
    0.0078229204
    0.0025380374
    0.0103439927
    0.0089532958
    0.0094126390
    0.0099455362
    0.0095710911
    0.0064236796
    0.0047946237
    0.0061668649
    0.0078502235
    0.0100083822
   -0.0037995362
   -0.0098788357
    0.0021717408
   -0.0037011022
    0.0024326233
   -0.0094542172
   -0.0019330745
   -0.0146071511
   -0.0081371324
   -0.0007194884
    0.0067460043
    0.0075398768
    0.0101689732
    0.0103128364
    0.0087189462
    0.0044790267
    0.0047841525
    0.0086443208
    0.0106604604
    0.0110307789
    0.0098028318
    0.0066890043
    0.0100384337
    0.0116385547
    0.0089376773
    0.0030254567
    0.0038470264
   -0.0164641722
   -0.0050293600
    0.0014128533
    0.0046812903
    0.0089729019
    0.0069820688
    0.0125298615
    0.0122654796
    0.0116594880
    0.0072175135
    0.0115800239
    0.0128871254
    0.0089524732
   -0.0144879531
   -0.0018173833
    0.0046830535
    0.0041912531
    0.0016623573
   -0.0030774282
    0.0074984332
    0.0077845872
    0.0071682322
    0.0052966304
    0.0021004028
   -0.0020254073
    0.0099983140
    0.0082595497
    0.0058611103
    0.0020964327
    0.0071076940
    0.0022654252
   -0.0047666037
   -0.0028709160
   -0.0015753648
   -0.0017946817
   -0.0010786096
    0.0013437342
    0.0055268650
   -0.0042333099
   -0.0071421853
   -0.0141789052
   -0.0056458131
   -0.0098564298
   -0.0020631846
   -0.0090245071
   -0.0034021114
    0.0027451166
    0.0080642063
    0.0094481015
   -0.0219008522
   -0.0156535428
   -0.0064973172
   -0.0160719358
    0.0108457959
    0.0097598321
    0.0103116036
    0.0067938851
    0.0061340916
    0.0037476007
   -0.0025555697
   -0.0051842144
   -0.0026687272
   -0.0101550886
   -0.0207432477
   -0.0242687257
   -0.0362299003
   -0.0262765683
   -0.0254718923
   -0.0287715897
   -0.0388345695
   -0.0430041135
   -0.0376438711
   -0.0289718537
   -0.0227377056
   -0.0358438744
   -0.0429038941
   -0.0389905302
   -0.0329087803
   -0.0282421845
    0.0080369527
   -0.0016499949
   -0.0085050991
   -0.0120048494
   -0.0175627017
   -0.0146471092
    0.0138827495
    0.0129979092
    0.0131345251
    0.0088346424
    0.0076890576
    0.0102700097
    0.0031193276
   -0.0001058979
   -0.0029038063
   -0.0026161810
   -0.0145047997
    0.0178658319
    0.0143224685
    0.0092519465
    0.0074734775
    0.0026777123
    0.0009560274
    0.0100523082
   -0.0038769018
    0.0136824050
    0.0001344330
    0.0021783484
   -0.0084547114
   -0.0064513736
    0.0251089515
    0.0248500437
    0.0204500045
    0.0186115146
    0.0216203757
    0.0349444894
    0.0217104030
    0.0185389439
    0.0175349162
    0.0162669350
    0.0303561800
    0.0162456905
    0.0144285531
    0.0151426450
    0.0219827572
    0.0050968951
   -0.0005317732
   -0.0026479098
   -0.0049606585
    0.0001634279
   -0.0086054527
   -0.0073467858
   -0.0064242636
    0.0140991545
    0.0141263095
    0.0085077375
    0.0026845410
    0.0002809291
    0.0017002037
    0.0070671695
   -0.0015275382
   -0.0048037775
   -0.0065641978
   -0.0062609720
   -0.0035251336
    0.0018133675
    0.0097912071
    0.0149971407
   -0.0049028164
   -0.0067570833
   -0.0085869718
   -0.0091024670
   -0.0076683414
   -0.0041595260
    0.0012852442
    0.0081255021
   -0.0053697267
   -0.0088435452
   -0.0090726177
   -0.0065039306
   -0.0020511873
   -0.0081168699
   -0.0071737616
   -0.0164361643
   -0.0162847425
   -0.0242112081
   -0.0268911182
   -0.0270908895
   -0.0245436078
   -0.0325137875
   -0.0337566541
   -0.0337049763
   -0.0324934768
   -0.0296926992
   -0.0295711155
   -0.0377927555
   -0.0384571262
   -0.0378985844
   -0.0361850472
   -0.0328169371
   -0.0419273664
   -0.0415939456
   -0.0401496389
   -0.0371022217
   -0.0259366681
   -0.0321155751
   -0.0362801043
   -0.0404959629
   -0.0421960504
   -0.0407284422
   -0.0361402096
   -0.0304986769
   -0.0237276027
   -0.0191226251
   -0.0230063786
   -0.0278392800
   -0.0330493442
   -0.0373046641
   -0.0385610370
   -0.0383668551
   -0.0336868779
   -0.0290062877
   -0.0300231012
   -0.0346905736
   -0.0349127283
    0.0103093292
    0.0108856414
    0.0100137476
    0.0111289383
    0.0072396398
    0.0045524964
    0.0064837300
   -0.0083479252
   -0.0027926675
    0.0016114182
   -0.0146864628
    0.0110425784
    0.0059961668
   -0.0014507791
   -0.0051022052
   -0.0110733377
   -0.0265983598
   -0.0159019931
   -0.0216681861
   -0.0157653761
    0.0078139591
    0.0008638751
    0.0031305709
   -0.0008148859
   -0.0016036171
   -0.0040256590
   -0.0050376753
   -0.0036254486
   -0.0042634851
   -0.0091996672
   -0.0057203181
   -0.0134495138
    0.0062046696
    0.0088071226
    0.0079569150
    0.0052653244
    0.0023273828
    0.0026625211
    0.0093060372
    0.0073220891
    0.0051931685
    0.0010787774
    0.0054959918
    0.0042379978
    0.0020734306
   -0.0036452298
    0.0001185874
   -0.0013831468
    0.0003477899
   -0.0004054550
   -0.0061388819
   -0.0078370366
   -0.0056446759
   -0.0089437007
   -0.0068343262
   -0.0084876406
   -0.0106045326
   -0.0094998576
   -0.0103522505
   -0.0066364271
    0.0094209937
    0.0081914275
    0.0089506846
    0.0063729936
    0.0010918093
   -0.0191176974
   -0.0054749203
    0.0012900392
   -0.0013373087
   -0.0157415700
   -0.0098175049
   -0.0040146167
    0.0006392700
    0.0067599511
    0.0092686299
   -0.0177823533
   -0.0188399993
   -0.0109407834
   -0.0173408442
   -0.0071157970
    0.0051288098
    0.0046606291
    0.0005967451
    0.0004343672
    0.0039308005
    0.0076958871
    0.0078016354
    0.0023362788
    0.0090711188
    0.0097104050
    0.0087452587
    0.0063765682
    0.0102243626
    0.0087181073
    0.0065273356
    0.0067912049
    0.0042100972
   -0.0040897121
    0.0038571860
    0.0092072340
    0.0020095772
    0.0077877365
    0.0106458825
    0.0086976866
    0.0095594405
    0.0092666875
   -0.0030748621
   -0.0032857066
    0.0000783690
   -0.0080797947
   -0.0074029041
   -0.0064633838
   -0.0095940056
    0.0051424553
    0.0042434999
    0.0041828946
   -0.0043700950
    0.0038864782
    0.0074656434
    0.0040882095
    0.0035517101
   -0.0090969009
   -0.0095135160
   -0.0096766574
   -0.0089420887
   -0.0099596812
   -0.0084442857
   -0.0084937977
   -0.0044914259
   -0.0038439978
   -0.0042259128
    0.0006964966
    0.0061059138
    0.0011766118
    0.0036392900
    0.0086989132
    0.0040679775
    0.0090884456
    0.0022314507
    0.0067363944
    0.0069510518
   -0.0023778856
   -0.0008529864
    0.0021418050
    0.0036076319
    0.0035847882
    0.0019288758
    0.0049561927
    0.0067320240
    0.0076769186
    0.0011438093
    0.0046915121
    0.0076093310
    0.0099042731
    0.0044631129
    0.0079659894
    0.0120960390
    0.0078344734
    0.0109050317
    0.0104629164
    0.0109008635
    0.0115340656
    0.0115257234
    0.0092824684
    0.0112617875
   -0.0010070693
    0.0033056316
   -0.0001986714
    0.0043067592
    0.0037581058
    0.0079450598
   -0.0091241635
   -0.0102471591
   -0.0027314531
   -0.0011844920
    0.0067321534
    0.0090917849
    0.0044697182
    0.0083048953
    0.0104159085
    0.0023615686
    0.0053459758
    0.0080144621
    0.0044625143
    0.0279919108
    0.0310596777
    0.0330442638
    0.0279234691
    0.0213211604
    0.0207886820
    0.0257687684
    0.0306419190
    0.0353081510
    0.0220211595
    0.0199090761
    0.0256981963
    0.0265082319
    0.0151932025
    0.0213749344
    0.0184105820
    0.0077107213
    0.0062704482
    0.0053841385
    0.0047423980
    0.0057596345
    0.0048681581
    0.0054251170
    0.0050125431
    0.0060393198
   -0.0030631943
    0.0084121855
    0.0054093047
    0.0034597626
    0.0050252635
    0.0037365526
    0.0048553707
    0.0047970914
    0.0056386097
    0.0073080034
    0.0094244821
    0.0097289669
    0.0082187671
    0.0080078313
    0.0081820995
    0.0080591835
    0.0068237859
    0.0067275758
    0.0072483469
    0.0067630189
    0.0061572470
    0.0091622345
    0.0094497422
    0.0090934951
    0.0082612476
    0.0073172248
    0.0049630877
    0.0079060401
    0.0068574583
    0.0059247102
    0.0041262548
    0.0052244604
    0.0050539479
    0.0055778164
    0.0063155468
    0.0074103479
    0.0052591613
    0.0058588297
    0.0068087238
    0.0084240708
    0.0055028501
    0.0058602126
    0.0065596094
    0.0094321861
    0.0104730761
    0.0091958595
    0.0065858836
    0.0092467809
    0.0082911166
    0.0077599491
    0.0059717328
    0.0053680225
    0.0062719467
    0.0076533039
    0.0068245047
    0.0079717888
    0.0062747689
    0.0030862588
   -0.0020536142
    0.0080874715
    0.0059050289
    0.0034837760
    0.0057262501
   -0.0030228511
   -0.0037833589
    0.0016154798
    0.0015767303
    0.0021729295
    0.0037064732
    0.0033156334
    0.0039928102
    0.0052238605
    0.0071669034
    0.0042186506
    0.0050598594
    0.0061016935
   -0.0023483924
    0.0036695595
    0.0018604390
    0.0056984674
    0.0065035936
    0.0068575104
    0.0059777043
   -0.0095920378
   -0.0039109018
    0.0021295642
   -0.0022572439
   -0.0083894593
    0.0018707383
   -0.0018892163
   -0.0037527261
   -0.0051757481
   -0.0078109014
   -0.0028619297
   -0.0108793001
   -0.0103216175
    0.0019945788
    0.0050224709
    0.0018454038
   -0.0010784945
   -0.0035962202
   -0.0044857226
   -0.0075793891
   -0.0130070054
    0.0049316400
    0.0019464547
    0.0057485215
    0.0073714611
    0.0076427425
    0.0037640885
    0.0066698964
    0.0076992698
    0.0077637155
    0.0082239443
    0.0063138965
    0.0072158467
    0.0069813694
    0.0061788241
    0.0055088394
    0.0065125550
    0.0048354373
    0.0028289661
   -0.0023339087
   -0.0011945511
    0.0016179046
   -0.0037130474
   -0.0069054497
   -0.0105306021
    0.0025430332
   -0.0026081894
   -0.0007780150
    0.0019090969
   -0.0079011758
   -0.0060108698
   -0.0128208242
    0.0058519939
    0.0058248540
    0.0078317228
    0.0080234878
    0.0065267465
    0.0027332070
    0.0089565096
    0.0080958517
    0.0082946121
    0.0085314472
    0.0079826888
    0.0053715229
    0.0059538096
    0.0063189720
    0.0072110203
    0.0082063074
    0.0090850999
    0.0023125755
    0.0040745207
    0.0064316724
    0.0023229623
   -0.0025914300
   -0.0072441315
    0.0007473128
   -0.0029356176
   -0.0055471127
    0.0024889484
   -0.0017518603
   -0.0097197244
   -0.0044302098
    0.0009571897
   -0.0058178715
   -0.0001408475
    0.0062204166
    0.0090025217
    0.0085071904
    0.0069165410
    0.0033073784
    0.0072018057
    0.0087055940
    0.0093142929
    0.0088463232
    0.0071215769
    0.0048339387
    0.0077537162
    0.0093109002
    0.0098223154
    0.0095797440
    0.0051571121
    0.0083622779
    0.0105154185
    0.0016998520
    0.0037347912
    0.0070482157
   -0.0095318278
    0.0064025100
   -0.0014470911
    0.0028867073
    0.0100994910
    0.0092192696
    0.0085233118
    0.0106566523
    0.0109821600
    0.0108582732
    0.0068165594
    0.0101598089
    0.0113409905
