   -0.0213879853
   -0.0271456338
   -0.0118207280
   -0.0101786465
   -0.0226368574
   -0.0187235490
   -0.0131372853
   -0.0201910296
   -0.0260570626
   -0.0293324321
   -0.0031701564
    0.0036492629
    0.0051577110
   -0.0085292503
    0.0074235650
   -0.0279315306
   -0.0264567689
   -0.0388369127
   -0.0287534650
   -0.0361856579
   -0.0401186697
   -0.0227507003
    0.0023075840
   -0.0277429264
   -0.0067417541
   -0.0158649526
   -0.0032559836
   -0.0045333416
    0.0018824040
    0.0166002943
    0.0117311682
    0.0133021531
    0.0069342361
    0.0006804662
    0.0154592339
    0.0174105874
    0.0154038508
    0.0122454092
   -0.0240390812
   -0.0214142574
   -0.0242291528
   -0.0093416203
    0.0062307175
   -0.0004058554
   -0.0057948028
   -0.0234887230
   -0.0155946515
   -0.0021199049
    0.0078885608
    0.0036206554
    0.0125037863
    0.0190917765
    0.0210261840
    0.0133637891
    0.0170179942
    0.0197505469
    0.0131924633
    0.0158523887
    0.0168109626
    0.0099682025
   -0.0049430962
   -0.0026633158
   -0.0158174144
   -0.0179898670
    0.0325048017
    0.0178923072
    0.0077440662
    0.0176504045
    0.0145759232
    0.0166366573
    0.0201086603
    0.0090835097
    0.0096404945
    0.0055477623
    0.0130903707
    0.0020920082
    0.0077424994
    0.0081031839
    0.0098005084
    0.0032706191
    0.0273418478
    0.0188493731
    0.0060046903
    0.0222615764
    0.0289065909
    0.0109817024
    0.0252228197
    0.0320515141
    0.0141917928
    0.0243457052
    0.0306235519
    0.0221745746
    0.0160347681
    0.0159943105
    0.0164362104
    0.0195737132
    0.0134724009
    0.0087906376
    0.0086563052
    0.0160241888
    0.0327945918
    0.0186196188
    0.0085874842
    0.0171524163
    0.0182792622
    0.0230621435
    0.0095928908
    0.0076244480
    0.0157648340
    0.0323961901
    0.0303666943
    0.0363709124
    0.0334584567
    0.0299637280
    0.0328435734
    0.0288649578
    0.0232999763
    0.0059509314
    0.0113598148
    0.0156564149
    0.0099429596
    0.0099796539
    0.0133122877
   -0.0000313286
    0.0034685064
    0.0019692248
   -0.0000350677
    0.0033468044
    0.0013163875
   -0.0013793572
    0.0004016258
   -0.0048563213
   -0.0047862941
    0.0022945804
   -0.0004488876
   -0.0044594489
   -0.0058655594
   -0.0025368038
    0.0080826586
   -0.0018227109
   -0.0039485467
    0.0045614271
    0.0056952545
   -0.0051519546
   -0.0060138976
   -0.0014008219
   -0.0015995859
    0.0050583865
   -0.0060435313
   -0.0058087084
   -0.0033859778
   -0.0034165853
    0.0021598876
   -0.0026116494
   -0.0052448159
   -0.0001871089
    0.0008371467
    0.0033281316
    0.0094267897
    0.0053648017
   -0.0004621614
   -0.0014286830
   -0.0012626243
    0.0115561582
    0.0168285484
    0.0088106779
    0.0100729704
    0.0040181205
    0.0089675975
    0.0145403485
    0.0025447610
   -0.0003705238
   -0.0011766582
   -0.0054256009
   -0.0044199871
    0.0021784519
   -0.0028702678
   -0.0059551512
   -0.0044254493
   -0.0001127224
   -0.0026758290
   -0.0066184579
    0.0015563902
    0.0017614406
   -0.0038531582
   -0.0029245311
    0.0136839853
   -0.0007103213
   -0.0035197082
   -0.0058001352
   -0.0046497296
    0.0034967569
   -0.0031257665
   -0.0064187263
   -0.0053837571
    0.0296818327
    0.0053342094
    0.0242720131
    0.0130092641
    0.0015421285
    0.0213187586
    0.0392112887
    0.0233933745
    0.0268743321
    0.0024594416
    0.0300988869
    0.0012313925
   -0.0250131346
   -0.0180111110
   -0.0442277489
   -0.0404227402
   -0.0368872074
   -0.0328282851
   -0.0198317229
   -0.0431838548
   -0.0423563514
   -0.0393334601
   -0.0309547234
   -0.0324654113
   -0.0365629218
   -0.0377877589
   -0.0284042985
   -0.0091012283
   -0.0037882555
   -0.0219155907
   -0.0273289916
   -0.0344459071
   -0.0399993368
   -0.0213219521
   -0.0153259869
   -0.0287079237
   -0.0401994751
   -0.0442433311
   -0.0448053424
   -0.0147504182
   -0.0347309209
   -0.0430920357
   -0.0462801288
   -0.0492162085
   -0.0194467858
   -0.0371990284
   -0.0410927750
   -0.0431067565
   -0.0452742864
   -0.0133786477
   -0.0289799228
   -0.0303002953
   -0.0236985001
   -0.0054030127
   -0.0050852273
    0.0019171375
    0.0138974330
    0.0189265936
    0.0280992018
    0.0225733602
    0.0324941492
    0.0135512761
    0.0157951643
    0.0296050781
    0.0226348135
    0.0023538481
   -0.0126208195
   -0.0184820584
   -0.0126080074
   -0.0180086227
   -0.0313380865
   -0.0336330887
   -0.0318598505
   -0.0231357814
   -0.0019015270
    0.0008942788
   -0.0074203119
   -0.0195438253
   -0.0326445069
   -0.0393346380
   -0.0398795164
   -0.0378762519
   -0.0274190643
   -0.0088030276
   -0.0255650851
   -0.0253131449
   -0.0337217491
   -0.0398888712
   -0.0400449551
   -0.0341297224
   -0.0358320830
    0.0157598120
    0.0110186097
    0.0188528945
    0.0170926361
    0.0266543702
    0.0106900201
    0.0128021605
    0.0257047990
    0.0121459691
    0.0258292418
    0.0129691742
    0.0100369331
    0.0124695488
    0.0155024653
    0.0144678900
    0.0130245691
    0.0257249378
    0.0134840758
    0.0145536019
    0.0200337212
   -0.0325749449
   -0.0281287789
   -0.0373434905
   -0.0377741635
   -0.0310931768
   -0.0208621243
   -0.0179198599
   -0.0130353110
   -0.0322348457
   -0.0378135076
   -0.0393098412
   -0.0358234814
   -0.0248221811
   -0.0088396588
    0.0026350818
   -0.0214968584
   -0.0306776615
   -0.0346149578
   -0.0339723177
   -0.0238044160
   -0.0040050752
   -0.0087048735
   -0.0202803498
   -0.0204822303
    0.0006511764
    0.0070752432
    0.0057695267
    0.0128411591
    0.0281035946
    0.0180731576
    0.0162631960
    0.0144636091
    0.0152850967
    0.0140511677
    0.0258636300
    0.0080890021
    0.0264018268
    0.0161914880
    0.0178419785
    0.0160455325
    0.0112094073
    0.0112289306
    0.0048517233
    0.0114024060
    0.0155535129
    0.0009610646
    0.0122150347
    0.0151565327
    0.0279089135
    0.0132831267
    0.0106406081
    0.0190588776
    0.0249271841
    0.0314758878
    0.0241287350
    0.0142606153
    0.0191892554
    0.0278483009
    0.0354862018
    0.0281888611
    0.0180386529
   -0.0043144265
    0.0247889044
    0.0166891584
    0.0301568360
    0.0326777228
    0.0384531271
    0.0234369760
    0.0322803829
    0.0338176469
    0.0281330170
    0.0281599996
    0.0256902678
    0.0197636343
    0.0346006816
    0.0380444740
    0.0304391772
    0.0297405944
    0.0391479129
    0.0393836591
    0.0284490950
    0.0266463588
    0.0328123828
    0.0095518506
    0.0092478225
    0.0071107567
    0.0061700240
    0.0070167930
    0.0053641618
    0.0018661998
    0.0026545117
   -0.0088357176
   -0.0100380648
    0.0011677117
   -0.0120733676
    0.0036341458
    0.0039434899
   -0.0005476251
   -0.0078791769
   -0.0026297259
    0.0040896839
    0.0040361582
   -0.0122077861
    0.0014373228
    0.0081926187
    0.0064845944
   -0.0030284303
    0.0091207033
    0.0163543094
    0.0175661688
    0.0060784906
   -0.0049616444
    0.0103030390
    0.0236009357
    0.0352012670
    0.0126862144
   -0.0038013994
    0.0108964126
    0.0097698905
   -0.0099132268
    0.0032749480
    0.0101059554
    0.0115684845
    0.0066829105
    0.0125089839
    0.0126942191
    0.0088191434
   -0.0157350296
   -0.0131885629
   -0.0189402010
   -0.0291776239
   -0.0138995807
    0.0083420653
    0.0167470637
    0.0152087433
    0.0012943189
    0.0016654903
    0.0177529598
    0.0115576040
   -0.0079571206
    0.0096010964
    0.0090359422
    0.0119047063
    0.0067193338
    0.0076515155
    0.0026474425
    0.0080398658
    0.0128780789
   -0.0029035235
   -0.0011096918
    0.0082828644
    0.0075511016
    0.0023988043
    0.0083941627
    0.0102200689
    0.0026858514
    0.0098343586
    0.0117010873
    0.0036866509
    0.0092006211
   -0.0119918943
   -0.0229294714
   -0.0245938517
   -0.0073891144
   -0.0139373055
   -0.0062987697
   -0.0233621328
   -0.0204303917
   -0.0275622384
   -0.0061749243
   -0.0134380172
   -0.0290977383
    0.0053797566
   -0.0244010243
   -0.0166438893
   -0.0092755249
   -0.0061719076
    0.0001825796
   -0.0210169123
   -0.0253279686
   -0.0287953413
   -0.0236243257
   -0.0133718922
   -0.0093572951
    0.0041944664
   -0.0304553196
   -0.0176874396
   -0.0231599290
   -0.0081650304
   -0.0240451638
   -0.0123453452
   -0.0078846517
   -0.0135861594
   -0.0045925287
   -0.0176464257
   -0.0294541818
    0.0045803456
    0.0149420179
    0.0003944965
    0.0101956661
    0.0147526232
    0.0167431289
    0.0118788410
    0.0123178113
    0.0134066856
    0.0109765280
    0.0069784149
    0.0092339103
    0.0051803383
    0.0087147944
    0.0045576771
    0.0144340073
    0.0088992544
    0.0042177427
    0.0029943263
    0.0023934036
    0.0124907405
    0.0086554438
    0.0053335095
    0.0000527495
    0.0065064846
    0.0052150292
    0.0038004940
    0.0098780882
    0.0118859621
    0.0062294987
    0.0092591990
    0.0033577375
    0.0048198501
   -0.0002045958
    0.0011625457
   -0.0048271301
    0.0000718250
   -0.0066758374
   -0.0163672301
    0.0010898486
   -0.0013592237
   -0.0045623836
    0.0015850252
    0.0013983295
    0.0084135256
    0.0117319012
    0.0112386733
    0.0072158521
   -0.0087409814
    0.0043884724
    0.0075721451
    0.0115020043
    0.0101332382
    0.0049878530
    0.0131951330
    0.0112639261
    0.0106546809
    0.0170948473
    0.0110973215
    0.0082373411
    0.0017760632
   -0.0086330463
   -0.0082754125
   -0.0036519161
   -0.0020139939
    0.0090299933
    0.0039366771
    0.0133248736
    0.0111026636
    0.0130689977
    0.0081626080
    0.0135372100
    0.0116158488
    0.0094126664
    0.0060807773
    0.0036832363
    0.0027237806
    0.0055229671
    0.0078315243
    0.0108776507
    0.0111124426
    0.0120469154
    0.0126578859
    0.0109496837
    0.0100377075
    0.0115612726
    0.0044805547
    0.0042348151
   -0.0125808700
   -0.0166513769
   -0.0097843100
   -0.0086065917
   -0.0182466183
   -0.0083247784
   -0.0207644324
   -0.0119876792
   -0.0187972478
   -0.0219836190
   -0.0321969702
    0.0015138868
   -0.0031467614
    0.0035513165
    0.0044664953
   -0.0093077877
    0.0056873547
   -0.0251776618
   -0.0398301784
   -0.0275145291
   -0.0337845717
   -0.0249802991
   -0.0128138470
   -0.0242018791
   -0.0048442952
   -0.0121741870
   -0.0033180459
   -0.0127772875
    0.0020989015
    0.0011772731
    0.0045747123
    0.0187489981
    0.0119978761
    0.0105270146
    0.0120615833
    0.0051734352
    0.0081419261
    0.0137603936
    0.0127650922
    0.0112804324
    0.0091705323
   -0.0180998432
   -0.0238986942
   -0.0099382206
   -0.0043804859
   -0.0069834481
   -0.0199414205
    0.0004535240
   -0.0120541819
   -0.0016651105
    0.0012151679
    0.0095310409
    0.0062019815
    0.0104968831
    0.0142843225
    0.0174054132
    0.0151400532
    0.0122886511
    0.0142470331
    0.0155341407
    0.0096045611
    0.0123490407
    0.0126770453
    0.0074940019
   -0.0172475806
   -0.0015688516
   -0.0197599463
   -0.0169310876
    0.0169440898
    0.0062761919
    0.0135249650
    0.0109187095
    0.0150746177
    0.0179895674
    0.0058191991
    0.0039322923
    0.0082257650
    0.0089144983
   -0.0000968787
   -0.0018082106
    0.0047932329
   -0.0061016990
    0.0051648296
    0.0149168514
    0.0216091750
    0.0118933809
    0.0210385984
    0.0266520347
    0.0063741320
    0.0182475892
    0.0248784291
    0.0310845390
    0.0110970632
    0.0174187688
    0.0233293595
    0.0241993794
    0.0177962936
    0.0173784843
    0.0131874582
    0.0165111516
    0.0101752816
    0.0083246984
    0.0077875597
    0.0133519843
    0.0187097463
    0.0154986918
    0.0211442872
    0.0121075966
    0.0204844433
    0.0216035850
    0.0256544308
    0.0060822160
    0.0070000893
    0.0129526312
    0.0249694874
    0.0294045126
    0.0276947232
    0.0321713587
    0.0284330819
    0.0258975039
    0.0267538865
    0.0245310240
    0.0187570172
    0.0083632480
    0.0039294522
    0.0082426936
    0.0115749675
    0.0088538237
    0.0055644212
    0.0055320452
    0.0044861288
    0.0008938253
    0.0031808273
    0.0018387359
    0.0002103186
    0.0016628105
    0.0007860304
   -0.0001815347
    0.0058621555
   -0.0035713356
   -0.0052327056
   -0.0020459680
    0.0056034621
   -0.0021884843
   -0.0042269258
   -0.0046958796
   -0.0032136496
    0.0024606918
   -0.0029054704
   -0.0043149191
   -0.0040361203
   -0.0008970294
   -0.0020901501
    0.0034256491
    0.0040736393
    0.0032483741
    0.0017837387
   -0.0045459853
   -0.0053289393
   -0.0035186604
   -0.0008147081
   -0.0006059675
    0.0030851282
   -0.0021097143
   -0.0047449767
   -0.0042386291
   -0.0025692940
   -0.0017858493
   -0.0012877040
   -0.0034215134
    0.0002599731
    0.0017210130
    0.0032949696
    0.0083793612
    0.0057334356
    0.0007975270
   -0.0005707712
   -0.0003679843
    0.0071284634
    0.0134528188
    0.0087415996
    0.0033062937
    0.0008117962
    0.0031299356
    0.0024054740
    0.0011499702
    0.0035824283
    0.0031372354
    0.0007710464
   -0.0012267381
   -0.0035907957
   -0.0030303042
    0.0030295987
   -0.0035666549
   -0.0048408642
   -0.0044482618
   -0.0027750220
    0.0044294235
   -0.0035984672
   -0.0048200774
   -0.0041198798
   -0.0009068413
    0.0022512086
   -0.0018513604
   -0.0011866706
    0.0024365399
   -0.0013218104
   -0.0034688663
   -0.0041443512
   -0.0010717842
   -0.0007688217
   -0.0035034082
   -0.0050645213
   -0.0045607666
    0.0017977411
   -0.0039514043
   -0.0054816961
   -0.0029599807
    0.0085866554
    0.0244677032
   -0.0050291502
    0.0066141280
   -0.0007860496
    0.0128435971
    0.0024631633
    0.0218937014
    0.0235512055
   -0.0077953732
   -0.0310705152
   -0.0258400052
   -0.0242120301
   -0.0219576352
   -0.0139930605
   -0.0358324321
   -0.0332790336
   -0.0305224242
   -0.0269927774
   -0.0174192456
   -0.0329719612
   -0.0331674098
   -0.0330605033
   -0.0299679727
   -0.0209799804
   -0.0250052840
   -0.0276674981
   -0.0281201805
   -0.0193218109
   -0.0062439988
   -0.0044958556
   -0.0169159107
   -0.0198565377
   -0.0267884292
   -0.0310521385
   -0.0178584920
   -0.0130181884
   -0.0219495083
   -0.0311384635
   -0.0346133528
   -0.0358411862
    0.0010423680
   -0.0124024144
   -0.0265035537
   -0.0340868733
   -0.0371995657
   -0.0388912875
   -0.0231724370
   -0.0321671176
   -0.0350794384
   -0.0370643483
   -0.0399081149
   -0.0153931923
   -0.0269098925
   -0.0295578312
   -0.0296679497
   -0.0041308777
   -0.0174187557
   -0.0177853558
    0.0092027786
    0.0110352499
    0.0096371171
    0.0182897274
    0.0226827483
    0.0162694298
    0.0254995465
    0.0146171313
    0.0058505835
    0.0186690088
    0.0141417815
    0.0074171922
   -0.0011567769
   -0.0073358374
   -0.0021572372
   -0.0106389243
   -0.0199870532
   -0.0212947883
   -0.0177789666
   -0.0049064343
    0.0027188099
   -0.0116356615
   -0.0236698363
   -0.0283906008
   -0.0288104803
   -0.0261928101
   -0.0159147909
   -0.0048261104
   -0.0038661545
   -0.0089166710
   -0.0167559208
   -0.0255793305
   -0.0310067269
   -0.0320552952
   -0.0298893658
   -0.0212604359
   -0.0089163073
   -0.0198964725
   -0.0201163911
   -0.0260449731
   -0.0309843822
   -0.0310602910
   -0.0258407694
   -0.0276223420
    0.0122495087
    0.0157392632
    0.0179088862
    0.0227262135
    0.0033666649
    0.0048998343
    0.0155219145
    0.0221084058
    0.0137423651
    0.0174800393
    0.0119570766
    0.0131755893
    0.0253688737
    0.0118494722
    0.0112151146
    0.0202970230
    0.0125577287
    0.0197885359
    0.0113699249
    0.0102940657
   -0.0240809360
   -0.0195276179
   -0.0278756254
   -0.0288850552
   -0.0238408522
   -0.0162377364
   -0.0128891286
   -0.0070242219
   -0.0237929945
   -0.0295571818
   -0.0306649849
   -0.0276249095
   -0.0199180022
   -0.0094658019
   -0.0160027433
   -0.0246969413
   -0.0282184782
   -0.0285889390
   -0.0244111532
   -0.0147519382
   -0.0032037695
   -0.0080110137
   -0.0179185742
   -0.0220950273
   -0.0212032517
   -0.0117721182
    0.0010837374
   -0.0090178530
   -0.0070512823
    0.0076251794
    0.0048490715
    0.0231897067
    0.0170135150
    0.0129616322
    0.0070845075
    0.0122377611
    0.0129711960
    0.0215429436
    0.0107031708
    0.0079178321
    0.0080043448
    0.0209138525
    0.0169229095
    0.0129603392
    0.0183069444
    0.0155245149
    0.0063795329
    0.0040416383
    0.0042362623
    0.0108994511
    0.0018028504
    0.0003801502
    0.0089327372
    0.0094039493
    0.0233782048
    0.0120992546
    0.0077268379
    0.0208628510
    0.0221116063
    0.0196932512
    0.0252216594
    0.0202250687
    0.0122771597
    0.0128237162
    0.0176433149
    0.0239366649
    0.0295832307
    0.0239528131
    0.0162020041
    0.0014264104
    0.0318185194
    0.0242301503
    0.0178510316
    0.0055861632
    0.0252705892
    0.0268980440
    0.0312273702
    0.0167996309
    0.0209229931
    0.0274944794
    0.0295858585
    0.0353636229
    0.0232232973
    0.0254279160
    0.0264122762
    0.0281452839
    0.0167593246
    0.0257209736
    0.0252575213
    0.0215275349
    0.0287659696
    0.0309471490
    0.0275890156
    0.0190907321
    0.0212738050
    0.0279763178
    0.0296011900
    0.0236381913
    0.0227096748
    0.0142184249
    0.0051771246
    0.0048883297
    0.0078298695
    0.0049725549
    0.0039500624
    0.0052919944
    0.0006175327
   -0.0039509976
   -0.0070677573
   -0.0187487376
   -0.0174941419
   -0.0002471981
   -0.0085400775
    0.0009627403
    0.0031066130
    0.0013197340
   -0.0025798271
   -0.0080867467
   -0.0041753814
    0.0031263915
    0.0037580377
   -0.0143912612
    0.0036513608
    0.0047215434
    0.0061864887
    0.0009176888
    0.0106979656
    0.0129417593
    0.0081405443
   -0.0029796174
    0.0089318099
    0.0159464237
    0.0211778070
   -0.0028350591
    0.0085893758
    0.0062599616
    0.0043004692
    0.0079760147
    0.0079383131
    0.0032818694
    0.0075211165
    0.0095986808
    0.0082669180
    0.0039825547
    0.0129178176
    0.0111763255
    0.0089021191
   -0.0170029186
   -0.0095264128
   -0.0114063817
   -0.0187992666
    0.0110677718
    0.0147849047
    0.0104670876
    0.0005037328
   -0.0017815897
    0.0148131080
    0.0137201237
    0.0079782376
    0.0010267404
   -0.0024332893
    0.0073829279
    0.0070785434
    0.0066837412
    0.0085088213
    0.0068701703
    0.0040019221
    0.0057504005
    0.0027041369
    0.0060637875
    0.0090989644
    0.0089301454
   -0.0019374289
   -0.0001271309
   -0.0058665382
   -0.0012488928
    0.0042106393
    0.0059870961
    0.0058964057
    0.0032565162
    0.0067497552
    0.0069116099
   -0.0025492172
    0.0035943978
    0.0076791385
    0.0076901918
    0.0027842578
   -0.0021039147
    0.0054073402
    0.0106140771
   -0.0117521363
   -0.0181181800
   -0.0166391466
   -0.0075448129
   -0.0189590039
   -0.0219905567
   -0.0231186345
   -0.0084066432
   -0.0136420299
   -0.0248918673
    0.0021647809
   -0.0185714885
   -0.0126797733
   -0.0074698737
   -0.0170919910
   -0.0143958427
   -0.0234780038
   -0.0243971597
   -0.0201551213
   -0.0139086555
   -0.0107578783
   -0.0043182397
    0.0002225608
   -0.0253113080
   -0.0138365687
   -0.0175760279
   -0.0068741895
   -0.0086167455
   -0.0177686395
   -0.0071229286
   -0.0057435430
   -0.0158223018
   -0.0060853684
   -0.0158825530
   -0.0247037461
    0.0097645124
    0.0052871313
    0.0102946158
    0.0129925703
    0.0068254686
    0.0098771687
    0.0112771261
    0.0112835946
    0.0094207773
    0.0091451593
    0.0070831809
    0.0024412338
    0.0061949381
    0.0036154440
   -0.0035378526
    0.0037380306
    0.0111909415
    0.0068707638
    0.0039109342
    0.0106735504
    0.0068731422
    0.0037535438
    0.0027751185
   -0.0022105860
    0.0064865372
    0.0088066614
    0.0059206841
    0.0037857900
   -0.0015131562
    0.0030678398
    0.0016413570
   -0.0048420046
    0.0018247327
    0.0064836991
    0.0067966376
    0.0024361102
    0.0047959582
    0.0079510050
    0.0108432746
    0.0027343076
    0.0053489891
    0.0071890828
    0.0036179232
    0.0038949054
   -0.0018771292
   -0.0046619806
    0.0013841149
    0.0008749743
    0.0005321614
    0.0018684446
   -0.0000288996
   -0.0057878387
   -0.0012934054
   -0.0055985353
   -0.0152716677
   -0.0071505475
   -0.0004791017
   -0.0012260502
   -0.0045302961
   -0.0025190245
    0.0009034951
    0.0007186573
   -0.0013124620
    0.0005584985
    0.0006889412
    0.0063446700
    0.0096714444
    0.0084619676
    0.0070126752
    0.0005005184
    0.0055191925
    0.0059658344
    0.0086273103
    0.0086113880
    0.0057838113
   -0.0013041167
    0.0069910571
    0.0097405710
    0.0086505271
    0.0062730827
    0.0121993575
    0.0091695958
    0.0076765048
    0.0025648512
   -0.0007342213
   -0.0110067829
   -0.0145582768
   -0.0079947697
    0.0043114314
   -0.0004596269
    0.0091775538
    0.0069336137
    0.0054334698
    0.0117083821
    0.0103149243
    0.0093237154
    0.0098918856
    0.0060134840
    0.0099611185
    0.0080836942
    0.0070529668
    0.0050810095
    0.0020777158
    0.0000523707
    0.0025398324
    0.0050824426
    0.0064453170
    0.0066844008
    0.0078468547
    0.0085394596
    0.0095054295
    0.0092096748
    0.0095511010
    0.0098192503
    0.0085482426
    0.0042805290
    0.0069183886
    0.0080917024
    0.0050832734
   -0.0032970061
    0.0002999454
    0.0023122539
   -0.0072596504
   -0.0102832538
   -0.0140450096
   -0.0210224528
   -0.0160381729
   -0.0176064689
   -0.0199331502
    0.0012736869
    0.0041690494
   -0.0083830689
   -0.0114016713
    0.0038552995
    0.0040123014
    0.0055038054
    0.0069284118
   -0.0243266229
   -0.0176334772
   -0.0012965812
   -0.0200918781
   -0.0032538020
   -0.0093220155
   -0.0029590531
   -0.0025321571
   -0.0002274745
    0.0038052904
    0.0127063808
    0.0081945850
    0.0082431483
    0.0105153478
    0.0063522149
    0.0114226520
    0.0101825985
    0.0091371339
    0.0071367553
   -0.0217544404
   -0.0091625126
   -0.0069298585
    0.0027131196
   -0.0023396876
    0.0052760394
   -0.0065773836
   -0.0164738500
    0.0001687934
   -0.0092231663
   -0.0010311789
    0.0023589857
    0.0091310858
    0.0054900663
    0.0091929694
    0.0123390925
    0.0153121504
    0.0132858022
    0.0103753049
    0.0103428598
    0.0119788063
    0.0131296221
    0.0077701975
    0.0102857955
    0.0103777730
    0.0059167975
   -0.0131600995
   -0.0194830818
    0.0155885986
    0.0185296887
    0.0130194742
    0.0055296885
    0.0109744599
    0.0084935929
    0.0135225625
    0.0026774810
    0.0040507501
    0.0051339213
   -0.0042980590
    0.0024626439
   -0.0102851277
   -0.0000670076
    0.0015342136
    0.0099697388
    0.0174748998
    0.0057833523
    0.0158342234
    0.0215197372
    0.0281610505
    0.0007083134
    0.0126048135
    0.0194883534
    0.0248665950
    0.0077338774
    0.0137065972
    0.0197174920
    0.0147030726
    0.0188236993
    0.0124274182
    0.0157000403
    0.0136137953
    0.0182444984
    0.0082560819
    0.0079867745
    0.0071610735
    0.0114283397
    0.0185376818
    0.0154480852
    0.0148488198
    0.0091010702
    0.0214923425
    0.0050131946
    0.0065789038
    0.0110235188
    0.0229302682
    0.0266817327
    0.0246005907
    0.0233015922
    0.0251411696
    0.0231413540
    0.0231490889
    0.0207052831
    0.0155613142
    0.0045847522
    0.0040941270
    0.0134207205
    0.0033600126
    0.0068589083
    0.0089657534
    0.0069357214
    0.0036957090
    0.0023047376
    0.0020144628
    0.0013958029
    0.0030015221
    0.0017549009
    0.0003226364
    0.0010082356
    0.0007360519
    0.0004614780
    0.0000342589
   -0.0033087380
   -0.0041693637
   -0.0036578454
   -0.0011084743
   -0.0032300100
   -0.0039705693
   -0.0039236588
   -0.0032873457
    0.0004690119
   -0.0027001638
   -0.0034166485
   -0.0029106427
   -0.0005542072
   -0.0011623450
    0.0023781941
    0.0027333446
   -0.0045613606
   -0.0043428836
   -0.0021077595
    0.0015692700
    0.0021287125
    0.0046911540
   -0.0041872789
   -0.0040638039
   -0.0026424428
   -0.0004214779
    0.0000497316
    0.0026535622
   -0.0014995446
   -0.0034076274
   -0.0032138951
   -0.0018532951
   -0.0007861843
   -0.0006768796
   -0.0021480005
    0.0003868550
    0.0022394868
    0.0031874968
    0.0075078703
    0.0057347401
    0.0015856515
    0.0000795913
    0.0001676711
    0.0050101817
    0.0114348300
    0.0081765216
    0.0030954175
    0.0007422399
    0.0011377886
    0.0007092850
    0.0000398047
    0.0012591823
    0.0051832902
    0.0025383858
    0.0007779612
   -0.0001349718
   -0.0022437478
   -0.0023266697
    0.0015117823
   -0.0030636761
   -0.0038392956
   -0.0037674526
   -0.0026312147
   -0.0037867814
   -0.0042561082
   -0.0039237598
   -0.0026650420
   -0.0031088411
   -0.0042446142
   -0.0041901082
    0.0023975637
   -0.0005999246
   -0.0003859746
    0.0031095213
   -0.0003306585
   -0.0023293379
   -0.0026858230
   -0.0003320830
    0.0013953051
   -0.0016275238
   -0.0033299972
   -0.0038735870
   -0.0027710459
   -0.0016101904
   -0.0037862348
   -0.0044757863
   -0.0036876087
    0.0170244959
    0.0107002286
   -0.0057885717
    0.0033004211
    0.0079779380
    0.0054580887
    0.0180589081
   -0.0053532631
   -0.0177829878
   -0.0172794503
   -0.0163436774
   -0.0111486230
    0.0017386382
   -0.0293882699
   -0.0264965196
   -0.0240434778
   -0.0211993626
   -0.0142923876
   -0.0270288497
   -0.0267024991
   -0.0239935974
   -0.0174131633
   -0.0214224642
   -0.0219533615
   -0.0217763901
   -0.0129470488
   -0.0021146281
   -0.0020754566
   -0.0127269850
   -0.0146134620
   -0.0211726478
   -0.0251193026
   -0.0136060934
   -0.0089652181
   -0.0164571658
   -0.0248490544
   -0.0281252348
   -0.0301124317
   -0.0020711626
   -0.0131157779
   -0.0234294058
   -0.0284886550
   -0.0307282926
   -0.0318438847
   -0.0209109836
   -0.0266789948
   -0.0288012164
   -0.0303128168
   -0.0154055318
   -0.0220687858
   -0.0234875923
   -0.0230213364
   -0.0071853384
   -0.0136358795
   -0.0115071915
    0.0047345916
    0.0122212263
    0.0183393459
    0.0094919478
    0.0074558879
    0.0220649812
    0.0172569389
    0.0181989517
    0.0127937125
    0.0022102920
    0.0027460130
    0.0189723743
    0.0120017990
    0.0083481732
    0.0020183254
   -0.0030115353
   -0.0041526528
    0.0029946363
   -0.0115351007
   -0.0160798917
   -0.0158272923
   -0.0111241263
   -0.0006968776
   -0.0130976890
   -0.0203725272
   -0.0228696765
   -0.0224161431
   -0.0185062718
   -0.0011925583
   -0.0008503728
   -0.0042979871
   -0.0096187373
   -0.0163156695
   -0.0225286127
   -0.0254544197
   -0.0253692673
   -0.0218576237
   -0.0123128203
   -0.0144922029
   -0.0149794058
   -0.0201095243
   -0.0246510300
   -0.0246720736
   -0.0195558996
   -0.0216212183
    0.0098796773
    0.0153123519
    0.0184760210
    0.0201307456
    0.0004368806
    0.0092001972
    0.0157781819
    0.0068062588
    0.0193325845
    0.0131009418
    0.0084751224
    0.0090788043
    0.0115191331
    0.0097624528
    0.0103446384
    0.0056970359
    0.0077161592
    0.0130558629
    0.0107563806
    0.0164676748
    0.0111950997
    0.0144122511
    0.0039376183
   -0.0180161483
   -0.0127825296
   -0.0212647063
   -0.0226643347
   -0.0182848410
   -0.0115073552
   -0.0074996380
   -0.0159670548
   -0.0224235556
   -0.0242866843
   -0.0228701384
   -0.0180578659
   -0.0109510774
   -0.0028349273
   -0.0088827787
   -0.0177559142
   -0.0215677563
   -0.0223861208
   -0.0198824248
   -0.0133162888
   -0.0044267743
   -0.0027609019
   -0.0118866515
   -0.0160839302
   -0.0161323397
   -0.0103702229
    0.0043679188
   -0.0044782839
   -0.0048819411
    0.0060823207
    0.0008519155
    0.0038093479
    0.0152695597
    0.0101851992
    0.0029742110
    0.0101155917
    0.0118251465
    0.0182851739
    0.0083862721
    0.0078090537
    0.0066810216
    0.0224229403
    0.0180727745
    0.0124735635
    0.0195798062
    0.0153785106
    0.0123766874
    0.0203739243
    0.0161947757
    0.0057549225
    0.0025404776
   -0.0084709528
   -0.0023776547
   -0.0040819698
    0.0049464862
    0.0056529671
    0.0113285082
    0.0066411225
    0.0065508628
    0.0216538214
    0.0213120055
    0.0159875145
    0.0213443596
    0.0161690183
    0.0082273399
    0.0093941996
    0.0146555439
    0.0204819490
    0.0259169464
    0.0206630591
    0.0140320833
    0.0018032178
    0.0215919891
    0.0157379191
    0.0056322272
    0.0216432523
    0.0228819014
    0.0273209290
    0.0236974274
    0.0255973943
    0.0297862353
    0.0199153766
    0.0231056920
    0.0171494409
    0.0202364702
    0.0176346620
    0.0135348395
    0.0204905746
    0.0239226562
    0.0231606608
    0.0181744681
    0.0207228175
    0.0231561092
    0.0207170731
    0.0108566276
    0.0168157779
    0.0074900083
    0.0050148467
    0.0044862217
    0.0044095561
    0.0032849726
    0.0042019626
    0.0003768290
   -0.0040591332
   -0.0007652006
   -0.0076715813
    0.0005147893
    0.0024930172
    0.0010403013
   -0.0028133062
   -0.0075299271
    0.0026143749
    0.0034399819
    0.0052533040
   -0.0001357588
    0.0084218181
    0.0115078816
    0.0102106472
    0.0016263008
   -0.0082214887
    0.0126300038
    0.0180319353
    0.0067708386
    0.0047785797
    0.0037513554
    0.0063637816
    0.0057997546
    0.0015637216
    0.0066405144
    0.0078076784
    0.0064803027
    0.0027989780
    0.0112460128
    0.0097063510
   -0.0108904370
   -0.0063408932
   -0.0117048966
    0.0095336623
    0.0126188126
   -0.0023104698
   -0.0044088768
    0.0113888266
    0.0055816828
    0.0047566926
    0.0010581463
   -0.0000893879
    0.0089200326
    0.0054752947
    0.0049074548
    0.0065097850
    0.0052277808
    0.0044328235
    0.0010634092
    0.0036783199
    0.0064867004
    0.0080496026
    0.0020237999
   -0.0011548024
   -0.0073483755
   -0.0039258589
    0.0005643279
    0.0045522211
    0.0017369427
    0.0047712513
    0.0051912208
   -0.0013731681
    0.0029947965
    0.0059847410
    0.0052801272
    0.0009341512
   -0.0022112095
    0.0050586801
   -0.0103981225
   -0.0133436150
   -0.0190622501
   -0.0122460127
   -0.0067864600
   -0.0130073642
   -0.0199300062
   -0.0189111765
   -0.0086289214
   -0.0123489284
   -0.0008452438
   -0.0049639159
    0.0007001818
   -0.0196640623
   -0.0124376330
   -0.0051960157
    0.0003753006
    0.0008912936
   -0.0138873721
   -0.0095376031
   -0.0024398142
   -0.0057499915
   -0.0107314806
   -0.0026743674
   -0.0178065626
   -0.0211584917
   -0.0200044107
   -0.0126815177
   -0.0100946891
   -0.0065627080
   -0.0042169274
   -0.0017842015
    0.0014325247
   -0.0011593173
   -0.0184215902
   -0.0197394035
    0.0007623958
   -0.0107864165
   -0.0132347493
   -0.0055141961
   -0.0053476274
   -0.0133970215
   -0.0054052766
    0.0028099706
    0.0004881847
    0.0032379970
   -0.0076837343
   -0.0157063624
   -0.0212485344
   -0.0061561542
   -0.0138142945
    0.0087110458
    0.0030479856
    0.0075889881
    0.0101388873
    0.0050907214
    0.0075221451
    0.0088535390
    0.0090444882
    0.0080796856
    0.0073442252
    0.0060170566
    0.0026711882
    0.0021808352
    0.0030431159
    0.0086876621
    0.0053562173
    0.0031435615
    0.0127082741
    0.0082557970
    0.0053458267
    0.0032932336
    0.0026341210
    0.0050184951
    0.0074495931
    0.0049932717
    0.0028914905
    0.0022429753
    0.0010363064
   -0.0042162861
    0.0015731404
    0.0051561918
    0.0054378503
    0.0024178568
    0.0040011685
    0.0065891134
    0.0090414225
    0.0029365282
    0.0046961899
    0.0062232501
    0.0033958783
   -0.0018923871
   -0.0047058859
   -0.0071669850
    0.0005343969
    0.0005691588
    0.0017436948
    0.0015386421
    0.0025109803
    0.0029044959
   -0.0001817108
   -0.0056988031
   -0.0017466702
   -0.0055698906
   -0.0067229931
   -0.0010774225
   -0.0012073620
   -0.0009819691
    0.0005644352
    0.0002369631
    0.0006411482
    0.0009233158
    0.0051191158
    0.0082066392
    0.0067801132
    0.0056211371
   -0.0000421281
    0.0037059820
    0.0039044015
    0.0065385810
    0.0073425122
    0.0059948420
    0.0027240450
    0.0042932455
    0.0081384920
    0.0080637232
    0.0065890443
    0.0064268397
    0.0080595862
    0.0072258887
    0.0014643780
   -0.0038136639
   -0.0166551766
   -0.0108861800
    0.0032544961
   -0.0005360048
    0.0073832783
    0.0056061907
    0.0044354354
    0.0082979830
    0.0076279761
    0.0080954286
    0.0057203263
    0.0082225063
    0.0064055843
    0.0057020898
    0.0038998832
    0.0012578254
   -0.0007955895
    0.0013532926
    0.0033131838
    0.0053717158
    0.0051562550
    0.0059991712
    0.0067021453
    0.0075834222
    0.0077165082
    0.0075726857
    0.0077803395
    0.0071838026
    0.0049819154
    0.0054495016
    0.0062468982
    0.0036056312
    0.0012528118
   -0.0040866187
   -0.0064169935
   -0.0109350336
   -0.0171450102
   -0.0134353855
   -0.0140555184
   -0.0215312541
    0.0011019497
    0.0038739459
   -0.0028185476
   -0.0071656213
    0.0037370595
    0.0046241310
    0.0067822213
    0.0059115459
    0.0108410409
   -0.0225315516
   -0.0164095196
   -0.0113467625
   -0.0165593344
   -0.0022556606
   -0.0072962600
   -0.0026256268
    0.0010437732
   -0.0054718098
    0.0016526382
    0.0030638698
    0.0062209226
    0.0107110515
    0.0075014789
    0.0073573108
    0.0087860422
    0.0048775456
    0.0090355110
    0.0082268460
    0.0072902157
    0.0056750722
   -0.0192948033
   -0.0081018766
   -0.0150963921
   -0.0052204791
    0.0031315873
   -0.0040483325
    0.0032819823
   -0.0059284068
   -0.0136776849
    0.0000270798
   -0.0071927118
   -0.0006109787
    0.0030896915
    0.0072209103
    0.0106310958
    0.0054150534
    0.0067796214
    0.0089901768
    0.0109968249
    0.0131115377
    0.0097283629
    0.0094811589
    0.0089348444
    0.0099005810
    0.0105143402
    0.0059915331
    0.0084101796
    0.0082917210
    0.0047947146
   -0.0100045287
   -0.0180866158
   -0.0209981027
    0.0138728936
    0.0176143631
    0.0103160146
    0.0049027700
    0.0067162224
    0.0118043523
    0.0015879647
    0.0030276525
   -0.0052040158
    0.0001169329
   -0.0057156475
   -0.0022375345
    0.0002756799
    0.0112530273
    0.0169839443
    0.0025319246
    0.0120520381
    0.0175616381
    0.0226770864
    0.0013218918
    0.0103840683
    0.0163321536
    0.0209579416
    0.0067071374
    0.0112869775
    0.0163415418
    0.0123650700
    0.0196877871
    0.0123329042
    0.0155764342
    0.0103142084
    0.0150263896
    0.0188881687
    0.0189243901
    0.0005252799
    0.0222819027
    0.0062913563
    0.0055851925
    0.0068921174
    0.0154960358
    0.0073941875
    0.0064723872
    0.0098038592
    0.0152557660
    0.0191420892
    0.0070327671
    0.0108602282
    0.0070909221
    0.0196505081
    0.0213330265
    0.0044123562
    0.0060567552
    0.0094693811
    0.0216709652
    0.0251493841
    0.0223420840
    0.0214460317
    0.0214286043
    0.0194249636
    0.0192073261
    0.0171948055
    0.0051498040
    0.0148038151
    0.0102523559
    0.0060328698
    0.0030740262
    0.0058277393
    0.0072231615
    0.0055472855
    0.0025418222
    0.0007992346
    0.0007502981
    0.0015949901
    0.0009669252
    0.0016259965
    0.0028156458
    0.0016463440
    0.0003377796
    0.0006889840
    0.0007573809
    0.0007761986
   -0.0004172110
   -0.0034286586
   -0.0040507681
   -0.0033469248
   -0.0013866125
   -0.0030117551
   -0.0036050156
   -0.0036554870
   -0.0033194127
   -0.0023197844
   -0.0031790929
   -0.0034554884
   -0.0033060389
   -0.0030279763
   -0.0007947875
   -0.0024913240
   -0.0027364051
   -0.0021771662
   -0.0005405154
   -0.0007818962
    0.0015263829
    0.0017297577
   -0.0011748209
   -0.0036020078
   -0.0039535716
   -0.0032353601
   -0.0015098467
    0.0014662361
    0.0022151643
    0.0042524372
   -0.0033577294
   -0.0032382451
   -0.0021140092
   -0.0001564198
    0.0004647598
    0.0024024140
   -0.0011129886
   -0.0024811800
   -0.0023724804
   -0.0012286540
   -0.0001938941
   -0.0004118556
   -0.0013298382
    0.0004034688
    0.0024931504
    0.0030284702
    0.0067475459
    0.0055328478
    0.0020312713
    0.0005068323
    0.0004792391
    0.0037828015
    0.0096877602
    0.0153599367
    0.0077410627
    0.0031896863
    0.0009376028
    0.0005717901
    0.0001269722
   -0.0004133716
    0.0002731308
    0.0050170858
    0.0016748129
    0.0003372388
    0.0009090602
    0.0002119238
   -0.0015091844
   -0.0019856383
   -0.0000279365
   -0.0021837471
   -0.0029929394
   -0.0033486104
   -0.0031095853
   -0.0032284622
   -0.0035699945
   -0.0037230042
   -0.0035699175
   -0.0027924570
   -0.0034426776
   -0.0038028646
   -0.0037079642
   -0.0028733812
    0.0005242211
   -0.0039572080
    0.0001401144
   -0.0000196049
    0.0034061698
    0.0004001445
   -0.0014100985
   -0.0017131903
   -0.0000955892
    0.0018960909
   -0.0009959084
   -0.0024917886
   -0.0028518423
   -0.0019217235
    0.0021560830
   -0.0012335383
   -0.0028909617
   -0.0035704508
   -0.0033793401
   -0.0012286137
   -0.0034113059
   -0.0040024245
   -0.0034820103
    0.0121589036
    0.0073866632
   -0.0054344891
    0.0015538609
    0.0050044133
    0.0062695771
    0.0148514645
    0.0038589142
   -0.0089882940
   -0.0068370923
    0.0005604949
   -0.0184657353
   -0.0165336288
   -0.0156427362
   -0.0132725068
   -0.0072565298
   -0.0244439654
   -0.0225441733
   -0.0203173700
   -0.0177436983
   -0.0124805937
   -0.0236071216
   -0.0214296351
   -0.0214245395
   -0.0193169487
   -0.0146276353
   -0.0042114070
   -0.0077136603
   -0.0174134041
   -0.0170108405
   -0.0165470425
   -0.0090898874
   -0.0013415365
   -0.0021399285
   -0.0100434266
   -0.0109098304
   -0.0170156566
   -0.0202062483
   -0.0116573112
   -0.0078089267
   -0.0132252128
   -0.0199147907
   -0.0226388475
   -0.0241740842
    0.0000713287
   -0.0068637165
   -0.0147964594
   -0.0208092538
   -0.0239489986
   -0.0253756335
   -0.0257472114
   -0.0117879053
   -0.0197714123
   -0.0232500932
   -0.0248149993
   -0.0260294754
   -0.0146219469
   -0.0197019272
   -0.0215123653
   -0.0220350731
   -0.0122510987
   -0.0158044647
   -0.0156585577
   -0.0054595691
   -0.0075870936
    0.0083012450
    0.0091668394
    0.0048596729
    0.0175427764
    0.0110952870
    0.0042698892
    0.0052933022
    0.0000986078
    0.0144457481
    0.0077862300
    0.0046542246
    0.0011780953
   -0.0073622080
   -0.0097103338
   -0.0084411855
   -0.0032343066
    0.0011558884
   -0.0093489891
   -0.0144282815
   -0.0161506821
   -0.0156059310
   -0.0124569343
    0.0023598182
   -0.0019910264
   -0.0094376073
   -0.0156767863
   -0.0189774945
   -0.0198523250
   -0.0186718388
   -0.0143397849
   -0.0024120073
   -0.0022349937
   -0.0043009098
   -0.0077526690
   -0.0120296961
   -0.0166790771
   -0.0199727881
   -0.0211507555
   -0.0202179878
   -0.0164882358
   -0.0095278680
   -0.0040725059
   -0.0117668607
   -0.0122375111
   -0.0161533362
   -0.0197632986
   -0.0197495181
   -0.0156164243
   -0.0172012924
    0.0080544537
    0.0114852152
    0.0074646297
    0.0153092981
    0.0180055485
    0.0053612476
    0.0044858887
    0.0085925642
    0.0116990576
    0.0038801860
    0.0096585835
    0.0046579510
    0.0171527845
    0.0029542706
    0.0064472455
    0.0094074732
    0.0096355855
    0.0076974670
    0.0104111418
    0.0114848044
    0.0051297813
    0.0065321815
    0.0079250335
    0.0183404864
    0.0121360815
    0.0095052340
    0.0130973335
    0.0093685352
    0.0103523059
   -0.0136532412
   -0.0092132150
   -0.0162159793
   -0.0177064322
   -0.0143742800
   -0.0090840076
   -0.0055248614
   -0.0110476607
   -0.0170127983
   -0.0192705955
   -0.0190115481
   -0.0164987466
   -0.0122352470
   -0.0070922279
   -0.0018203467
   -0.0053446926
   -0.0136924387
   -0.0175083231
   -0.0187683362
   -0.0178137856
   -0.0144515468
   -0.0091445353
   -0.0034677208
   -0.0002936576
   -0.0088534184
   -0.0134639536
   -0.0154741641
   -0.0151531077
   -0.0119781051
   -0.0053276160
    0.0038047332
    0.0032542970
   -0.0047397699
   -0.0088750102
   -0.0092625175
   -0.0047243672
    0.0014679541
    0.0000543659
    0.0031446295
    0.0018221895
    0.0130098769
    0.0084319107
    0.0105317170
    0.0155249610
    0.0067183160
    0.0073656298
    0.0073506131
    0.0058503138
    0.0220209689
    0.0160158441
    0.0115420566
    0.0158550240
    0.0129115237
   -0.0056140249
   -0.0047555108
    0.0105021492
    0.0061876221
    0.0213922864
    0.0132232540
    0.0176722142
    0.0132397488
    0.0069464222
    0.0079076068
    0.0125634536
    0.0170965341
    0.0217043650
    0.0174211960
    0.0115521317
    0.0017667617
    0.0252328148
    0.0194806162
    0.0143146074
    0.0062662303
    0.0143832670
    0.0068379082
    0.0187677229
    0.0196192003
    0.0235186150
    0.0206019193
    0.0226767923
    0.0217931450
    0.0232202774
    0.0094746593
    0.0138810626
    0.0106522823
    0.0163535827
    0.0181714332
    0.0166504766
    0.0162562860
    0.0189731331
    0.0188759536
    0.0153736579
    0.0076538878
    0.0161384722
    0.0172135910
    0.0140467056
    0.0111658984
    0.0048519933
    0.0040006141
    0.0046974933
    0.0026760459
    0.0007307680
    0.0007406987
   -0.0042746147
   -0.0008789041
   -0.0050825394
    0.0002660066
    0.0018919683
    0.0007628871
   -0.0024398380
   -0.0055718461
    0.0021865445
    0.0030768096
    0.0033215967
    0.0038660869
    0.0039304129
   -0.0005826305
    0.0071575021
    0.0090969554
    0.0071377758
   -0.0002110115
   -0.0075887459
    0.0092826869
    0.0133892545
    0.0151924326
    0.0058125936
    0.0039230432
    0.0029019402
    0.0048196260
    0.0043333215
    0.0007745649
    0.0016609135
    0.0051340876
    0.0057930281
    0.0044363516
    0.0008632103
    0.0072024862
    0.0074271083
    0.0062952634
   -0.0067557649
   -0.0032344001
   -0.0071684847
    0.0108139860
    0.0111323827
   -0.0026597892
   -0.0045313303
    0.0090918891
    0.0038890886
    0.0037323234
    0.0010839168
    0.0038839590
    0.0008996186
   -0.0029111732
    0.0062612972
    0.0092238833
    0.0043611140
    0.0039639043
    0.0050623883
    0.0041991682
    0.0037438024
    0.0014644426
    0.0032706257
    0.0052488131
    0.0060098511
    0.0020897870
    0.0003144966
   -0.0038186382
   -0.0015932525
    0.0013341956
    0.0035614798
    0.0013421927
    0.0034367504
    0.0040072321
   -0.0048244816
   -0.0011854635
    0.0019750743
    0.0042695244
    0.0040386268
    0.0016098863
   -0.0049016722
   -0.0000381019
    0.0043995717
    0.0056653952
    0.0015733381
   -0.0106770366
   -0.0143393727
   -0.0110769235
   -0.0058763574
   -0.0091882135
   -0.0086586289
   -0.0161797345
   -0.0178559684
   -0.0152991518
   -0.0081433520
   -0.0107685997
   -0.0025693850
   -0.0054346421
   -0.0081708160
   -0.0019346328
    0.0038581900
   -0.0153674999
   -0.0095769495
   -0.0039798725
    0.0001955860
    0.0003176022
   -0.0072585073
   -0.0019755128
   -0.0044364409
   -0.0063062075
   -0.0187083054
   -0.0188892855
   -0.0110236695
   -0.0087973974
   -0.0071770906
   -0.0052975120
   -0.0034076420
   -0.0015278586
   -0.0003390357
   -0.0017352098
   -0.0089595323
   -0.0145492596
   -0.0153502194
    0.0002087362
   -0.0024247719
   -0.0085607174
   -0.0101198826
   -0.0044435400
   -0.0028712396
   -0.0151751913
   -0.0099442992
   -0.0037745984
    0.0028638042
   -0.0068934922
   -0.0012520043
    0.0000758361
   -0.0054564640
   -0.0020141396
   -0.0083860169
   -0.0148469174
   -0.0183185510
   -0.0119706118
    0.0019237750
    0.0061352065
    0.0087935469
    0.0052310293
    0.0071334629
    0.0081161608
    0.0090140561
    0.0064125537
    0.0067919776
    0.0064155715
    0.0050865190
    0.0052872626
    0.0034171785
   -0.0005028972
    0.0004641275
    0.0057324245
    0.0034384427
    0.0076802960
    0.0050465190
    0.0033354440
    0.0103516094
    0.0071594137
    0.0048524410
    0.0033283166
    0.0025050460
    0.0033957316
    0.0058675074
    0.0042259184
    0.0022928393
    0.0008584214
   -0.0005351585
    0.0007004750
    0.0033007741
    0.0030148700
    0.0009347777
    0.0027289030
    0.0050050427
    0.0058459508
    0.0028591539
    0.0039900121
    0.0057740504
    0.0041809811
    0.0053236022
   -0.0043412029
   -0.0060996290
    0.0004996987
    0.0002157041
    0.0034281866
    0.0019944459
    0.0012902102
    0.0012167935
    0.0023610234
    0.0022155228
    0.0028270299
    0.0031400378
    0.0025750941
   -0.0001830623
   -0.0051483232
   -0.0020874272
   -0.0050326210
   -0.0058288239
   -0.0016620431
   -0.0012189679
   -0.0035423013
   -0.0014115365
    0.0000447234
   -0.0000818420
    0.0004592966
    0.0007900604
    0.0006441319
    0.0043019129
    0.0055806546
    0.0045449025
    0.0003718607
    0.0038910223
    0.0054608430
    0.0060059921
    0.0049558516
    0.0030066422
    0.0061151137
    0.0067469522
    0.0059499520
    0.0084937450
    0.0070436826
    0.0038120649
   -0.0033136055
   -0.0071069074
   -0.0127867128
    0.0008189709
    0.0049987018
    0.0030353676
    0.0067380405
    0.0057992287
    0.0054724802
    0.0077061254
    0.0066598057
    0.0063647919
    0.0067587219
    0.0042535629
    0.0063312066
    0.0048102062
    0.0042622041
    0.0028052528
    0.0007937450
    0.0021912577
    0.0031856974
    0.0041566180
    0.0055207521
    0.0062722100
    0.0054703354
    0.0057666219
    0.0060724670
    0.0062012680
    0.0061983291
    0.0062917848
    0.0062102130
    0.0061937682
    0.0054565041
    0.0031773571
    0.0039733008
    0.0045525463
    0.0023171172
    0.0006136437
