  -2.4127329738    0.9702312211    0.6311413181
  -3.3448762830    0.5445356356    0.6311413181
  -3.8988967255   -0.3175370003    0.6311413181
  -3.7257841879    0.5626467243   -0.4188586819
  -0.9609756486   -2.5581769764   -0.4188586819
  -0.2944539629   -1.8058295193   -0.4188586819
  -1.3984157125   -2.4842161318   -1.4688586819
  -0.6239630628   -1.8131490907   -1.4688586819
  -2.6398961609    1.4721930748   -0.1174014534
  -2.1936017574    2.0612806909   -1.1674014534
  -3.0208040658    1.4903041635   -1.1674014534
  -0.2559955265   -1.6305195372   -1.1674014534
  -0.6934355904   -1.5565586925   -2.2174014534
   0.0810170593   -0.8854916515   -2.2174014534
  -2.9748321590    0.2992055936    1.9491306743
  -3.5288526016   -0.5628670423    1.9491306743
  -2.5285377556    0.8882932096    0.8991306743
  -3.3557400639    0.3173166823    0.8991306743
  -3.8228453094   -0.5726780050    0.8991306743
  -1.5307404642   -3.1599295356    0.8991306743
  -0.5909315246   -2.8035070184    0.8991306743
  -1.0283715886   -2.7295461738   -0.1508693257
  -0.2539189388   -2.0584791327   -0.1508693257
  -3.1276504761   -1.2163461432    2.8462430053
  -3.1276504761   -2.3771975926    2.8462430053
  -3.8301803302   -1.2503006514    2.0062430053
  -3.8301803302   -2.3432430844    2.0062430053
  -3.1276504761   -3.1804855619    2.0062430053
  -2.0513122945   -3.3702730237    2.0062430053
  -1.1047963826   -2.8238018072    2.0062430053
  -3.8301803302   -2.3432430844    0.9679459042
  -3.1276504761   -3.1804855619    0.9679459042
  -2.0513122945   -3.3702730237    0.9679459042
  -0.6414657205    2.5902227311    0.4482163553
  -1.5736090297    2.1645271456    0.4482163553
  -2.1276294722    1.3024545097    0.4482163553
  -1.1273146262    2.7536147616   -0.6017836447
  -1.9545169346    2.1826382343   -0.6017836447
   0.8102916047   -0.9381854664   -0.6017836447
  -1.5736090297    2.1645271456   -1.6517836447
   0.3728515407   -0.8642246218   -1.6517836447
   1.1473041905   -0.1931575807   -1.6517836447
  -1.9027855979    0.9787480673    2.4916992254
  -2.2836935028    0.9968591560    1.4416992254
   0.0436749726   -2.0500037001    0.3916992254
   0.8181276223   -1.3789366590    0.3916992254
  -1.1966794249    1.9225061907    1.7515820557
  -0.7503850214    2.5115938068    0.7015820557
  -1.5775873298    1.9406172794    0.7015820557
  -2.0446925753    1.0506225921    0.7015820557
   0.7497811455   -1.1062455766   -0.3484179443
   1.5101305267    2.8726606471    2.3049851585
   0.4610735827    2.8726606471    2.3049851585
  -0.3876313130    2.2560404466    2.3049851585
   0.0056020547    2.9557377955    1.3249851585
   0.4610735827    2.8726606471    0.3449851585
   3.2789757619    1.3281842777    2.5550234454
   2.7539757619    2.2375109517    2.5550234454
   1.7039757619    0.4188576037   -1.0822832505
   2.2289757619    1.3281842777   -1.3636299026
   2.6922514307    2.5778656806    2.4494325473
   3.7422514307    2.5778656806    2.1680858953
   3.2172514307    3.4871923546    2.1680858953
   3.4477473349    4.2321709544    1.3994325473
   2.1672514307    3.4871923546   -1.4692208006
   1.6422514307    2.5778656806   -1.4692208006
   2.1672514307    1.6685390066   -1.4692208006
   3.0011283938    0.1886632536    2.6908356678
   4.0511283938    0.1886632536    2.4094890157
   3.5261283938    1.0979899275    2.4094890157
   3.5261283938   -0.7206634204    2.4094890157
   1.9511283938    0.1886632536   -1.2278176802
   2.4761283938   -0.7206634204   -1.2278176802
   5.0034620143    2.6868273619    1.6118933254
   4.4784620143    3.5961540359    1.6118933254
   5.4834105683    3.6700655946    0.8432399774
   3.6946406573    4.4869694411    0.8432399774
   2.7624973481    4.0612738555   -1.2567600226
   3.4284620143    3.5961540359   -2.0254133705
   2.9034620143    2.6868273619   -2.0254133705
   3.4284620143    1.7775006879   -2.0254133705
   3.9534620143    2.6868273619   -2.3067600226
   5.3122395950    0.3120059422    1.8464858654
   4.7872395950    1.2213326161    1.8464858654
   4.7872395950   -0.5973207318    1.8464858654
   6.0808929429    0.3120059422    1.0778325175
   3.2122395950    0.3120059422   -1.7908208305
   3.7372395950   -0.5973207318   -1.7908208305
   4.7872395950   -0.5973207318   -1.7908208305
   4.2622395950    0.3120059422   -2.0721674825
   2.0630308164    3.4441968950    2.1745924747
   2.3681786782    4.3833454456    1.8537410252
   1.2641433428    4.0246226198    1.8537410252
   2.3404815244    5.0176980508    1.0137410252
   1.2641433428    4.8279105890    1.0137410252
   0.5616134887    3.9906681115    1.0137410252
   2.3404815244    5.0176980508   -0.0245560759
   1.2641433428    4.8279105890   -0.0245560759
   0.5616134887    3.9906681115   -0.0245560759
   0.5616134887    2.8977256785   -0.0245560759
   2.3681786782    4.3833454456   -0.8645560759
   1.2641433428    4.0246226198   -0.8645560759
   4.7439285320    1.5521020799    1.7243314183
   5.7939285320    1.5521020799    1.4429847662
   5.2689285320    2.4614287539    1.4429847662
   3.6939285320    1.5521020799   -2.1943219297
   4.2189285320    0.6427754060   -2.1943219297
   2.9319565355   -1.7008176580    2.2982733282
   1.8279212000   -2.1453828014    1.4582733282
   2.9042593816   -2.3351702632    1.4582733282
   3.8507752935   -1.7886990467    1.4582733282
   1.1253913460   -1.3081403239    0.4199762271
   1.8279212000   -2.1453828014    0.4199762271
   2.9042593816   -2.3351702632    0.4199762271
   1.8279212000   -1.3420948321   -0.4200237729
   2.9319565355   -1.7008176580   -0.4200237729
   4.6448835129    4.5854488297    0.8412552880
   5.5637022709    4.6733302183    0.0012552880
   4.6171863591    5.2198014348    0.0012552880
   3.5408481774    5.0300139731    0.0012552880
   5.5637022709    4.6733302183   -1.0370418131
   4.6171863591    5.2198014348   -1.0370418131
   3.5408481774    5.0300139731   -1.0370418131
   4.6448835129    4.5854488297   -1.8770418131
   3.5408481774    4.2267260038   -1.8770418131
   4.3397356511    3.6463002791   -2.1978932626
  -4.3491874835   -3.5762354450   -2.1116966073
  -3.4170441744   -4.0019310306   -2.1116966073
  -1.2987651634   -1.2258702901   -3.1616966073
  -5.1972006339   -2.7043518464   -3.1616966073
  -4.7300953884   -3.5943465337   -3.1616966073
  -3.9028930801   -4.1653230611   -3.1616966073
  -1.3395694693   -2.2017889514   -4.2116966073
  -1.6282742633   -1.2185507187   -4.2116966073
  -4.8495649137   -3.4544690059   -3.4006257438
  -1.7991425935   -1.1041038510   -4.4506257438
  -2.4656642793   -0.3517563939   -4.4506257438
  -5.2304728186   -3.4725800946   -4.4506257438
  -4.4032705102   -4.0435566219   -4.4506257438
  -2.1286516935   -1.0967842796   -5.5006257438
  -4.8495649137   -3.4544690059   -5.5006257438
  -3.1336002474   -1.1706958383   -6.2692790918
  -4.8571081238   -2.7671475190   -1.1094178731
  -5.2380160288   -2.7852586077   -2.1594178731
  -5.8492330264   -2.5327291071   -3.6802504082
  -2.7988107063   -0.1823639522   -4.7302504082
  -3.4653323920    0.5699835049   -4.7302504082
  -6.6972461767   -1.6608455084   -4.7302504082
  -6.2301409313   -2.5508401958   -4.7302504082
  -3.1283198062   -0.1750443807   -5.7802504082
  -3.9027724560    0.4960226603   -5.7802504082
  -4.9170897172    0.6418594657   -5.7802504082
  -5.1924200119   -1.3823990833   -0.6029595147
  -6.4124051207   -0.9854462670   -1.3716128627
  -5.8583846781   -1.8475189029   -1.3716128627
  -3.4744840438    1.2551937091   -2.4216128627
  -4.4142929834    1.6116162263   -2.4216128627
  -6.7063978285   -0.9756353043   -2.4216128627
  -6.2392925831   -1.8656299916   -2.4216128627
  -3.1374714579    0.5101658234   -3.4716128627
  -1.6700969381   -2.7117496076   -4.7177042951
  -2.9904211776   -4.2852507634   -4.7177042951
  -2.0439052657   -3.7387795468   -4.7177042951
  -1.6700969381   -2.7117496076   -5.7560013962
  -2.0439052657   -1.6847196684   -5.7560013962
  -4.0667593592   -4.0954633016   -5.7560013962
  -2.9904211776   -4.2852507634   -5.7560013962
  -2.0439052657   -3.7387795468   -5.7560013962
  -2.2803926616   -2.7117496076   -6.5960013962
  -2.9627240237   -1.7726010571   -6.5960013962
  -4.0667593592   -2.1313238829   -6.5960013962
  -4.0667593592   -3.2921753323   -6.5960013962
  -2.9627240237   -3.6508981582   -6.5960013962
  -3.2678718855   -2.7117496076   -6.9168528457
  -6.9072112781   -0.8712483887   -2.6633422129
  -6.3531908355   -1.7333210246   -2.6633422129
  -3.3027685154    0.6170441303   -3.7133422129
  -3.9692902012    1.3693915874   -3.7133422129
  -4.9090991408    1.7258141046   -3.7133422129
  -7.2012039859   -0.8614374260   -3.7133422129
  -6.7340987405   -1.7514321133   -3.7133422129
  -4.4067302651    1.2954307427   -4.7633422129
  -6.9072112781   -0.8712483887   -4.7633422129
  -4.1928010900   -1.5470766724    0.8256139929
  -4.5860344576   -0.5493642299    0.1082042015
  -4.9102108814   -1.5470766724    0.1082042015
  -4.5860344576   -2.5447891149    0.1082042015
  -3.7373295619   -3.1614093154    0.1082042015
  -2.6882726180   -3.1614093154    0.1082042015
  -4.9102108814   -2.5270766724   -0.8717957985
  -4.1928010900   -3.2444864638   -0.8717957985
  -3.2128010900   -3.5070766724   -0.8717957985
  -2.2328010900   -3.2444864638   -0.8717957985
  -4.7703007771    0.5053258816   -6.2541550270
  -5.8466389587    0.3155384198   -6.2541550270
  -6.5491688128   -0.5217040577   -6.2541550270
  -6.5491688128   -1.6146464907   -6.2541550270
  -5.8466389587   -2.4518889681   -6.2541550270
  -4.7703007771   -2.6416764299   -6.2541550270
  -4.0602722612   -1.0681752742   -7.0941550270
  -4.7426036233   -0.1290267236   -7.0941550270
  -5.8466389587   -0.4877495495   -7.0941550270
  -5.8466389587   -1.6486009989   -7.0941550270
  -4.7426036233   -2.0073238247   -7.0941550270
  -5.0477514850   -1.0681752742   -7.4150064764
  -5.0559463541    0.1344182259    0.0636025975
  -4.0684671302    0.1344182259   -0.2572488519
  -4.7507984923    1.0735667765   -0.2572488519
  -5.8548338277    0.7148439507   -0.2572488519
  -5.8548338277   -0.4460074988   -0.2572488519
  -3.8319797343    1.1614481652   -1.0972488519
  -4.7784956461    1.7079193817   -1.0972488519
  -5.8548338277    1.5181319199   -1.0972488519
  -6.5573636818    0.6808894425   -1.0972488519
  -6.5573636818   -0.4120529906   -1.0972488519
  -4.7784956461    1.7079193817   -2.1355459530
  -5.8548338277    1.5181319199   -2.1355459530
  -6.5573636818    0.6808894425   -2.1355459530
  -6.7460663188    0.9355178414   -2.5639595427
  -5.6697281371    1.9285932724   -3.4039595427
  -6.7460663188    1.7388058106   -3.4039595427
  -7.4485961728    0.9015633331   -3.4039595427
  -7.4485961728   -0.1913790999   -3.4039595427
  -5.6697281371    1.9285932724   -4.4422566438
  -6.7460663188    1.7388058106   -4.4422566438
  -7.4485961728    0.9015633331   -4.4422566438
  -7.4485961728   -0.1913790999   -4.4422566438
  -5.6420309833    1.2942406672   -5.2822566438
  -6.7460663188    0.9355178414   -5.2822566438
  -6.7460663188   -0.2253336081   -5.2822566438
  -5.9471788451    0.3550921166   -5.6031080933
  -1.4003891159   -2.9222482920   -1.5660530283
  -2.0827204780   -3.8613968425   -1.5660530283
  -0.7900933924   -2.9222482920   -2.4060530283
  -1.1639017200   -1.8952183527   -2.4060530283
  -3.1867558134   -4.3059619859   -2.4060530283
  -2.1104176318   -4.4957494477   -2.4060530283
  -1.1639017200   -3.9492782312   -2.4060530283
  -0.7900933924   -2.9222482920   -3.4443501294
  -3.1867558134   -4.3059619859   -3.4443501294
  -2.1104176318   -4.4957494477   -3.4443501294
  -1.1639017200   -3.9492782312   -3.4443501294
  -1.4003891159   -2.9222482920   -4.2843501294
  -2.0827204780   -3.8613968425   -4.2843501294
  -1.4477676494    1.8746744385   -2.7093595639
  -2.5241058310    1.6848869767   -2.7093595639
  -0.7377391335    0.3011732828   -3.5493595639
  -1.4200704955    1.2403218333   -3.5493595639
  -2.5241058310    0.8815990075   -3.5493595639
  -1.4200704955   -0.6379752678   -3.5493595639
  -1.7252183573    0.3011732828   -3.8702110133
   0.4288783489    3.0974083391   -0.6682077713
  -0.6474598327    2.9076208773   -0.6682077713
   1.7492025883    1.5239071834   -1.7065048724
   1.3753942607    2.5509371226   -1.7065048724
   0.4288783489    3.0974083391   -1.7065048724
  -0.6474598327    2.9076208773   -1.7065048724
   1.1389068648    1.5239071834   -2.5465048724
   0.4565755027    2.4630557339   -2.5465048724
  -0.6474598327    2.1043329081   -2.5465048724
   0.4565755027    0.5847586328   -2.5465048724
   0.1514276410    1.5239071834   -2.8673563219
  -0.2003020748   -0.7986005805    5.5412794771
   0.8627130860   -0.7986005805    5.2986532034
   0.3312055056   -1.7191987144    5.2986532034
   0.5954200370   -2.5409889625    4.6188294916
  -2.3523323333    0.2377625709    3.6364557652
   0.3312055056   -3.1272874437    3.6364557652
   0.3312055056   -3.1272874437    2.5461031889
  -0.4729043163   -2.6945908154    1.5637294625
   0.5954200370   -2.5409889625    1.5637294625
  -1.2007080298   -1.6275040577    5.6532135419
  -1.6907080298   -0.7787991620    5.3906233333
  -2.1807080298   -1.6275040577    5.3906233333
  -1.6907080298   -2.4762089534    5.3906233333
  -0.7107080298   -2.4762089534    5.3906233333
  -2.5739413975   -0.6297916152    4.6732135419
  -2.8981178212   -1.6275040577    4.6732135419
  -2.5739413975   -2.6252165002    4.6732135419
  -1.7252365018   -3.2418367006    4.6732135419
  -0.6761795578   -3.2418367006    4.6732135419
  -2.8981178212   -0.6475040577    3.6932135419
  -3.1607080298   -1.6275040577    3.6932135419
  -2.8981178212   -2.6075040577    3.6932135419
  -2.1807080298   -3.3249138491    3.6932135419
  -1.2007080298   -3.5875040577    3.6932135419
  -0.2207080298   -3.3249138491    3.6932135419
  -1.7252365018   -3.2418367006    2.7132135419
  -0.6761795578   -3.2418367006    2.7132135419
   2.1590398569   -1.2100154887    4.7539496919
   1.6690398569   -0.3613105930    4.7539496919
   1.6690398569   -2.0587203844    4.7539496919
   2.8764496483   -1.2100154887    4.0365399005
   2.5522732246   -0.2123030462    4.0365399005
   1.7035683289   -2.8243481316    4.0365399005
   2.5522732246   -2.2077279312    4.0365399005
   3.1390398569   -1.2100154887    3.0565399005
   2.8764496483   -0.2300154887    3.0565399005
   2.1590398569    0.4873943027    3.0565399005
   1.1790398569   -3.1700154887    3.0565399005
   2.1590398569   -2.9074252801    3.0565399005
   2.8764496483   -2.1900154887    3.0565399005
   1.7035683289   -2.8243481316    2.0765399005
   2.5522732246   -2.2077279312    2.0765399005
  -0.2777587798    0.6034230049    5.7953604415
   0.7022412202    0.6034230049    5.5327702329
   0.2122412202    1.4521279006    5.5327702329
  -0.7677587798    1.4521279006    5.5327702329
  -1.2577587798    0.6034230049    5.5327702329
  -0.7677587798   -0.2452818908    5.5327702329
   0.2122412202   -0.2452818908    5.5327702329
  -0.8022872518    2.2177556478    4.8153604415
  -1.6509921475    1.6011354474    4.8153604415
  -1.9751685712    0.6034230049    4.8153604415
  -1.2577587798    2.3008327963    3.8353604415
  -1.9751685712    1.5834230049    3.8353604415
  -2.2377587798    0.6034230049    3.8353604415
  -0.8022872518    2.2177556478    2.8553604415
  -1.6509921475    1.6011354474    2.8553604415
   1.4482614909    1.1399427787    4.9161698481
   0.7659301288    2.0790913293    4.9161698481
   2.0585572144    1.1399427787    4.0761698481
   1.6847488868    2.1669727180    4.0761698481
   0.7382329750    2.7134439345    4.0761698481
   2.0585572144    1.1399427787    3.0378727470
   1.6847488868    2.1669727180    3.0378727470
   0.7382329750    2.7134439345    3.0378727470
  -0.3381052066    2.5236564727    3.0378727470
   5.8664987505   -0.5701060791    1.2713166022
   5.1841673885   -1.5092546297    1.2713166022
   6.4767944741   -0.5701060791    0.4313166022
   4.0801320530   -1.9538197731    0.4313166022
   5.1564702346   -2.1436072349    0.4313166022
   6.1029861465   -1.5971360184    0.4313166022
   4.0801320530   -1.9538197731   -0.6069804989
   5.1564702346   -2.1436072349   -0.6069804989
   6.1029861465   -1.5971360184   -0.6069804989
   5.1841673885   -1.5092546297   -1.4469804989
   7.1469490348    1.6693540600    0.8426589998
   6.6219490348    2.5786807339    0.8426589998
   6.6219490348    0.7600273860    0.8426589998
   7.9156023828    1.6693540600    0.0740056518
   5.0469490348    1.6693540600   -2.7946476961
   5.5719490348    0.7600273860   -2.7946476961
   6.6219490348    0.7600273860   -2.7946476961
   6.0969490348    1.6693540600   -3.0759943482
   7.5562349012    2.6893771970    0.3462265927
   7.0662349012    3.5380820927    0.3462265927
   6.0862349012    3.5380820927    0.3462265927
   8.2736446927    2.6893771970   -0.3711831987
   7.9494682689    3.6870896395   -0.3711831987
   7.1007633732    4.3037098400   -0.3711831987
   6.0517064293    4.3037098400   -0.3711831987
   8.5362349012    2.6893771970   -1.3511831987
   8.2736446927    3.6693771970   -1.3511831987
   7.5562349012    4.3867869884   -1.3511831987
   6.5762349012    4.6493771970   -1.3511831987
   8.2736446927    1.7093771970   -1.3511831987
   8.2736446927    2.6893771970   -2.3311831987
   7.9494682689    3.6870896395   -2.3311831987
   7.1007633732    4.3037098400   -2.3311831987
   6.0517064293    4.3037098400   -2.3311831987
   5.2030015336    3.6870896395   -2.3311831987
   7.9494682689    1.6916647545   -2.3311831987
   7.5562349012    2.6893771970   -3.0485929901
   7.0662349012    3.5380820927   -3.0485929901
   6.0862349012    3.5380820927   -3.0485929901
   5.5962349012    2.6893771970   -3.0485929901
   7.0662349012    1.8406723013   -3.0485929901
   6.5762349012    2.6893771970   -3.3111831987
   7.6401343155    0.7201461723    0.3011158982
   6.9578029534   -0.2190023783    0.3011158982
   8.2504300390    0.7201461723   -0.5388841018
   6.9301057996   -0.8533549835   -0.5388841018
   7.8766217114   -0.3068837669   -0.5388841018
   8.2504300390    0.7201461723   -1.5771812029
   5.8537676179   -0.6635675217   -1.5771812029
   6.9301057996   -0.8533549835   -1.5771812029
   7.8766217114   -0.3068837669   -1.5771812029
   7.6401343155    0.7201461723   -2.4171812029
   5.8537676179    0.1397204476   -2.4171812029
   6.9578029534   -0.2190023783   -2.4171812029
  -3.6127698826    0.9994395457    0.1151915595
  -0.6950533508   -2.6592612618   -0.9529089234
  -0.0458003431   -1.8451237410   -0.9529089234
  -2.6777092669    1.5158317254    0.3289740710
  -2.9077897605    1.9270969849   -0.6333512119
  -3.5570427682    1.1129594642   -0.6333512119
  -1.9695919816    2.3789092227   -1.7014516949
  -2.9077897605    1.9270969849   -1.7014516949
   0.0099267713   -1.7316038225   -1.7014516949
  -0.6694486095   -1.6090828542   -2.6637769779
   0.1295928975   -0.9167094471   -2.6637769779
  -3.0126452650    0.3428442442    2.3955061987
  -3.5842558463   -0.5465991818    2.3955061987
  -3.2427257587    0.7541095037    1.4331809158
  -3.8919787664   -0.0600280170    1.4331809158
  -4.1236944820   -1.0752409000    1.4331809158
  -2.3045279797   -3.3564035415    0.3650804328
  -1.2632070058   -3.3564035415    0.3650804328
  -0.3250092269   -2.9045913037    0.3650804328
  -3.6739711993   -0.8194209038    2.4470944548
  -3.9915317777   -1.7967718679    2.4470944548
  -3.6739711993   -2.7741228320    2.4470944548
  -2.8425868117   -3.3781589467    2.4470944548
  -4.2487630024   -1.7967718679    1.4870944548
  -3.9915317777   -2.7567718679    1.4870944548
  -3.2887630024   -3.4595406432    1.4870944548
  -2.3287630024   -3.7167718679    1.4870944548
  -1.3687630024   -3.4595406432    1.4870944548
  -2.8425868117   -3.3781589467    0.5270944548
  -0.9033048504    3.0712432935   -0.0677334032
  -1.8415026293    2.6194310557   -0.0677334032
  -1.8415026293    2.6194310557   -1.1358338862
   1.0762139025   -1.0392697517   -1.1358338862
   1.1958800287   -0.2243753763   -2.0981591692
  -2.1706791975    1.4336519774    1.9757494669
  -1.2344925309    1.9661448413    2.1979575802
  -1.4645730246    2.3774101008    1.2356322972
  -2.1138260322    1.5632725801    1.2356322972
   1.5267842959    2.9239156785    2.7216023147
   0.4444198135    2.9239156785    2.7216023147
   0.2112022418    3.3002524948    1.8234320506
  -0.6490245523    2.7064808109    1.8234320506
   3.2702967357    1.3281842777    2.8986953804
   2.7496362488    2.2299946946    2.8986953804
   2.2289757619    1.3281842777   -1.6636299026
   2.6922514307    2.5778656806    2.7494325473
   3.7335724046    2.5778656806    2.5117578303
   3.2129119176    3.4796760975    2.5117578303
   2.1715909437    3.4796760975    2.5117578303
   3.4717343158    4.2846951160    1.8458080718
   2.4252125003    4.4351622373   -1.1469429771
   2.1715909437    3.4796760975   -1.8128927356
   1.6509304568    2.5778656806   -1.8128927356
   2.1715909437    1.6760552637   -1.8128927356
   3.0011283938    0.1886632536    2.9908356678
   4.0424493677    0.1886632536    2.7531609507
   3.5217888807    1.0904736704    2.7531609507
   3.5217888807   -0.7131471633    2.7531609507
   1.7723506216   -1.2294218907   -0.9055398567
   2.7340894634   -1.6686333031   -0.9055398567
   1.9598074199    0.1886632536   -1.5714896152
   2.4804679068   -0.7131471633   -1.5714896152
   4.9947829882    2.6868273619    1.9555652604
   4.4741225013    3.5886377788    1.9555652604
   5.5319864064    3.7012833902    1.2896155019
   4.7329448994    4.3936567974    1.2896155019
   2.7246842421    4.1049125061   -1.7031355471
   2.7246842421    1.2687422177   -1.7031355471
   3.4328015274    3.5886377788   -2.3690853056
   2.9121410405    2.6868273619   -2.3690853056
   3.9534620143    2.6868273619   -2.6067600226
   5.3035605688    0.3120059422    2.1901578004
   4.7829000819    1.2138163590    2.1901578004
   4.7829000819   -0.5898044747    2.1901578004
   6.1386351529    0.3120059422    1.5242080419
   3.0334618227   -1.1060792020   -1.4685430070
   3.2209186211    0.3120059422   -2.1344927655
   3.7415791080   -0.5898044747   -2.1344927655
   4.7829000819   -0.5898044747   -2.1344927655
   2.5430308164    4.2755812827    2.1573612499
   1.5830308164    4.2755812827    2.1573612499
   1.1030308164    3.4441968950    2.1573612499
   2.5768546257    5.0255839738    1.4545924747
   1.5492070072    5.0255839738    1.4545924747
   0.7178226195    4.4215478591    1.4545924747
   0.4002620412    3.4441968950    1.4545924747
   3.0230308164    5.1069656703    0.4945924747
   2.0630308164    5.3641968950    0.4945924747
   1.1030308164    5.1069656703    0.4945924747
   0.4002620412    4.4041968950    0.4945924747
   0.1430308164    3.4441968950    0.4945924747
   2.5768546257    5.0255839738   -0.4654075253
   1.5492070072    5.0255839738   -0.4654075253
   0.7178226195    4.4215478591   -0.4654075253
   0.4002620412    3.4441968950   -0.4654075253
   1.5830308164    4.2755812827   -1.1681763006
   5.7852495059    1.5521020799    1.7866567012
   2.9435401785    1.0234603618   -1.8720441062
   3.7026075581    1.5521020799   -2.5379938647
   4.2232680451    0.6502916631   -2.5379938647
   3.1406324830   -2.3430561862    1.8991247776
   3.9720168706   -1.7390200715    1.8991247776
   1.6668086737   -2.4244378827    0.9391247776
   2.6268086737   -2.6816691074    0.9391247776
   3.5868086737   -2.4244378827    0.9391247776
   1.2816004768   -1.7390200715   -0.0208752224
   2.1129848644   -2.3430561862   -0.0208752224
   3.1406324830   -2.3430561862   -0.0208752224
   4.8197356511    4.4776846667    1.1448755127
   5.6849438480    4.6236512432    0.4421067374
   4.8535594604    5.2276873579    0.4421067374
   3.8259118419    5.2276873579    0.4421067374
   5.2997356511    5.3090690544   -0.5178932626
   4.3397356511    5.5663002791   -0.5178932626
   3.3797356511    5.3090690544   -0.5178932626
   4.8535594604    5.2276873579   -1.4778932626
   3.8259118419    5.2276873579   -1.4778932626
   2.9945274542    4.6236512432   -1.4778932626
   4.8197356511    4.4776846667   -2.1806620378
   3.8597356511    4.4776846667   -2.1806620378
   4.3397356511    3.6463002791   -2.4378932626
  -3.4252617476   -4.0590855081   -1.6653210828
  -5.2663340908   -3.2170018344   -2.6276463658
  -4.6170810832   -4.0311393551   -2.6276463658
  -3.6788833042   -4.4829515929   -2.6276463658
  -1.0501115437   -1.1865760685   -3.6957468488
  -3.6788833042   -4.4829515929   -3.6957468488
  -5.1174585133   -3.9093729160   -3.9165755024
  -4.1792607344   -4.3611851538   -3.9165755024
  -1.3187732582   -2.0800225123   -4.9846759853
  -1.5504889738   -1.0648096293   -4.9846759853
  -2.1997419815   -0.2506721086   -4.9846759853
  -5.1174585133   -3.9093729160   -4.9846759853
  -2.0800758553   -1.0655664840   -5.9470012683
  -4.8873780197   -3.4981076565   -5.9470012683
  -3.1379397605   -1.1782120954   -6.6129510268
  -5.4665318112   -1.9213427435   -0.6630423486
  -5.1250017235   -3.2220514291   -1.6253676316
  -6.7663796337   -2.1734954964   -4.1962001667
  -6.1171266260   -2.9876330172   -4.1962001667
  -3.1994100942    0.6710677903   -5.2643006497
  -6.9980953494   -1.1582826134   -5.2643006497
  -6.7663796337   -2.1734954964   -5.2643006497
  -6.1171266260   -2.9876330172   -5.2643006497
  -3.0797439681   -0.1438265851   -6.2266259327
  -3.8787854751    0.5485468220   -6.2266259327
  -6.4678083654   -1.0017141275   -0.9252373382
  -5.8961977841   -1.8911575535   -0.9252373382
  -4.1467595250    1.8080902322   -1.8875626212
  -7.0072470011   -0.4730724093   -1.8875626212
  -6.7755312855   -1.4882852923   -1.8875626212
  -6.1262782778   -2.3024228130   -1.8875626212
  -3.2085617460    1.3562779944   -2.9556631042
  -4.1467595250    1.8080902322   -2.9556631042
  -1.3478718855   -2.7117496076   -5.2368528457
  -4.2278718855   -4.3745183829   -5.2368528457
  -3.2678718855   -4.6317496076   -5.2368528457
  -2.3078718855   -4.3745183829   -5.2368528457
  -1.6051031102   -3.6717496076   -5.2368528457
  -1.6051031102   -2.7117496076   -6.1968528457
  -1.9226636886   -1.7343986435   -6.1968528457
  -4.6130800824   -3.6891005717   -6.1968528457
  -3.7816956948   -4.2931366864   -6.1968528457
  -2.7540480762   -4.2931366864   -6.1968528457
  -1.9226636886   -3.6891005717   -6.1968528457
  -2.3078718855   -2.7117496076   -6.8996216209
  -2.7878718855   -1.8803652200   -6.8996216209
  -3.7478718855   -1.8803652200   -6.8996216209
  -4.2278718855   -2.7117496076   -6.8996216209
  -3.7478718855   -3.5431339952   -6.8996216209
  -2.7878718855   -3.5431339952   -6.8996216209
  -3.2678718855   -2.7117496076   -7.1568528457
  -4.6415656824    1.9222881105   -3.1792919714
  -7.2703374429   -1.3740874140   -3.1792919714
  -6.6210844352   -2.1882249347   -3.1792919714
  -3.0541148957    0.6563383520   -4.2473924544
  -3.7033679034    1.4704758727   -4.2473924544
  -4.6415656824    1.9222881105   -4.2473924544
  -7.2703374429   -1.3740874140   -4.2473924544
  -4.3827432842    1.3479549044   -5.2097177373
  -4.6296345915   -0.5176868784    0.5248213577
  -4.9641036107   -1.5470766724    0.5248213577
  -4.6296345915   -2.5764664664    0.5248213577
  -3.7539833312   -3.2126643468    0.5248213577
  -5.3331812347   -2.0697034393   -0.3733489064
  -4.8474276969   -2.9952294792   -0.3733489064
  -3.9872009028   -3.5890011631   -0.3733489064
  -2.9495684442   -3.7149925541   -0.3733489064
  -1.9722394123   -3.3443405428   -0.3733489064
  -6.7105202603   -0.1081752742   -5.7350064764
  -6.9677514850   -1.0681752742   -5.7350064764
  -6.7105202603   -2.0281752742   -5.7350064764
  -3.7025432881   -0.0908243101   -6.6950064764
  -4.5339276758    0.5132118046   -6.6950064764
  -5.5615752943    0.5132118046   -6.6950064764
  -6.3929596819   -0.0908243101   -6.6950064764
  -6.7105202603   -1.0681752742   -6.6950064764
  -6.3929596819   -2.0455262383   -6.6950064764
  -5.5615752943   -2.6495623530   -6.6950064764
  -4.5339276758   -2.6495623530   -6.6950064764
  -4.0877514850   -1.0681752742   -7.3977752517
  -4.5677514850   -0.2367908865   -7.3977752517
  -5.5277514850   -0.2367908865   -7.3977752517
  -6.0077514850   -1.0681752742   -7.3977752517
  -5.5277514850   -1.8995596618   -7.3977752517
  -4.5677514850   -1.8995596618   -7.3977752517
  -5.0477514850   -1.0681752742   -7.6550064764
  -5.0559463541    0.1344182259    0.3036025975
  -4.5759463541    0.9658026136    0.0463713728
  -5.5359463541    0.9658026136    0.0463713728
  -6.0159463541    0.1344182259    0.0463713728
  -5.5359463541   -0.6969661617    0.0463713728
  -3.7107381572    1.1117691900   -0.6563974025
  -4.5421225448    1.7158053048   -0.6563974025
  -5.5697701633    1.7158053048   -0.6563974025
  -6.4011545510    1.1117691900   -0.6563974025
  -6.7187151293    0.1344182259   -0.6563974025
  -6.4011545510   -0.8429327381   -0.6563974025
  -4.0959463541    1.7971870012   -1.6163974025
  -5.0559463541    2.0544182259   -1.6163974025
  -6.0159463541    1.7971870012   -1.6163974025
  -6.7187151293    1.0944182259   -1.6163974025
  -6.9759463541    0.1344182259   -1.6163974025
  -5.4333550358    1.9364791954   -2.9631080933
  -6.4610026543    1.9364791954   -2.9631080933
  -7.2923870420    1.3324430807   -2.9631080933
  -7.6099476203    0.3550921166   -2.9631080933
  -5.9471788451    2.2750921166   -3.9231080933
  -6.9071788451    2.0178608919   -3.9231080933
  -7.6099476203    1.3150921166   -3.9231080933
  -7.8671788451    0.3550921166   -3.9231080933
  -7.6099476203   -0.6049078834   -3.9231080933
  -5.4333550358    1.9364791954   -4.8831080933
  -6.4610026543    1.9364791954   -4.8831080933
  -7.2923870420    1.3324430807   -4.8831080933
  -7.6099476203    0.3550921166   -4.8831080933
  -7.2923870420   -0.6222588474   -4.8831080933
  -5.4671788451    1.1864765043   -5.5858768685
  -6.4271788451    1.1864765043   -5.5858768685
  -6.9071788451    0.3550921166   -5.5858768685
  -2.8678683397   -3.7536326796   -1.2624328036
  -1.9078683397   -3.7536326796   -1.2624328036
  -0.7250995645   -2.9222482920   -1.9652015788
  -2.9016921490   -4.5036353708   -1.9652015788
  -1.8740445305   -4.5036353708   -1.9652015788
  -1.0426601428   -3.8995992561   -1.9652015788
  -0.4678683397   -2.9222482920   -2.9252015788
  -0.7250995645   -1.9622482920   -2.9252015788
  -3.3478683397   -4.5850170673   -2.9252015788
  -2.3878683397   -4.8422482920   -2.9252015788
  -1.4278683397   -4.5850170673   -2.9252015788
  -0.7250995645   -3.8822482920   -2.9252015788
  -0.7250995645   -2.9222482920   -3.8852015788
  -2.9016921490   -4.5036353708   -3.8852015788
  -1.8740445305   -4.5036353708   -3.8852015788
  -1.0426601428   -3.8995992561   -3.8852015788
  -2.6852183573    1.9639420580   -2.1902110133
  -0.0624495820    0.3011732828   -3.1502110133
  -0.3800101604    1.2785242468   -3.1502110133
  -1.2113945480    1.8825603616   -3.1502110133
  -2.2390421666    1.8825603616   -3.1502110133
  -3.0704265542    1.2785242468   -3.1502110133
  -0.7652183573    0.3011732828   -3.8529797886
  -1.2452183573    1.1325576704   -3.8529797886
  -2.2052183573    1.1325576704   -3.8529797886
  -2.6852183573    0.3011732828   -3.8529797886
  -1.2452183573   -0.5302111049   -3.8529797886
  -1.7252183573    0.3011732828   -4.1102110133
   0.1514276410    3.4439071834   -1.1873563219
  -0.8085723590    3.1866759587   -1.1873563219
   1.8141964162    1.5239071834   -2.1473563219
   1.4966358379    2.5012581475   -2.1473563219
   0.6652514502    3.1052942622   -2.1473563219
  -0.3623961683    3.1052942622   -2.1473563219
  -1.1937805560    2.5012581475   -2.1473563219
   1.4966358379    0.5465562193   -2.1473563219
   1.1114276410    1.5239071834   -2.8501250971
   0.6314276410    2.3552915710   -2.8501250971
  -0.3285723590    2.3552915710   -2.8501250971
   0.6314276410    0.6925227958   -2.8501250971
   0.1514276410    1.5239071834   -3.1073563219
  -0.2003020748   -0.7986005805    5.8912794771
   0.8712115358   -0.7986005805    5.6781421681
   0.3354547305   -1.7265585878    5.6781421681
   0.7896474188   -2.5132434004    5.0711784644
   0.5990824588   -3.2588531996    4.1627930877
  -2.5809100549    0.6754094756    3.0912794771
  -2.9526267540   -0.2841019306    3.0912794771
   0.0580493317   -3.5866562741    3.0912794771
  -0.4707028566   -3.3712921670    2.0197658664
   0.5990824588   -3.2588531996    2.0197658664
   0.7896474188   -2.5132434004    1.1113804897
  -1.2007080298   -1.6275040577    5.9332135419
  -1.6866578176   -0.7858143353    5.7113838060
  -2.1726076054   -1.6275040577    5.7113838060
  -1.6866578176   -2.4691937801    5.7113838060
  -0.7147582420   -2.4691937801    5.7113838060
  -2.6175415314   -0.5981142637    5.0898306980
  -2.9520105505   -1.6275040577    5.0898306980
  -2.6175415314   -2.6568938517    5.0898306980
  -1.7418902710   -3.2930917320    5.0898306980
  -0.6595257886   -3.2930917320    5.0898306980
  -2.8353346367   -0.1793512510    4.1916604339
  -3.3210881746   -1.1048772908    4.1916604339
  -3.3210881746   -2.1501308246    4.1916604339
  -2.8353346367   -3.0756568644    4.1916604339
  -1.9751078427   -3.6694285484    4.1916604339
  -0.9374753840   -3.7954199394    4.1916604339
   0.0398536478   -3.4247679281    4.1916604339
  -3.3210881746   -1.1048772908    3.1947666498
  -3.3210881746   -2.1501308246    3.1947666498
  -2.8353346367   -3.0756568644    3.1947666498
  -1.9751078427   -3.6694285484    3.1947666498
  -0.9374753840   -3.7954199394    3.1947666498
   2.1509394325   -1.2100154887    5.0747101646
   1.6649896447   -2.0517052111    5.0747101646
   2.9303423777   -1.2100154887    4.4531570567
   2.5958733585   -0.1806256947    4.4531570567
   1.7202220981   -2.8756031630    4.4531570567
   2.5958733585   -2.2394052827    4.4531570567
   3.3628783802   -1.2100154887    3.5549867926
   3.1127328364   -0.1951351229    3.5549867926
   2.4196015346    0.5872483817    3.5549867926
   1.4422725027   -3.3779313703    3.5549867926
   2.4196015346   -3.0072793591    3.5549867926
   3.1127328364   -2.2248958545    3.5549867926
   1.4422725027   -3.3779313703    2.5580930085
   2.4196015346   -3.0072793591    2.5580930085
   3.1127328364   -2.2248958545    2.5580930085
   1.7202220981   -2.8756031630    1.6599227444
  -0.2777587798    0.6034230049    6.0753604415
   0.6941407958    0.6034230049    5.8535307056
   0.2081910080    1.4451127273    5.8535307056
  -0.7637085676    1.4451127273    5.8535307056
  -1.2496583554    0.6034230049    5.8535307056
  -0.7637085676   -0.2382667176    5.8535307056
   0.2081910080   -0.2382667176    5.8535307056
   1.4735437409    0.6034230049    5.2319775976
   0.2634234614    2.2690106792    5.2319775976
  -0.8189410210    2.2690106792    5.2319775976
  -1.6945922814    1.6328127988    5.2319775976
  -2.0290613005    0.6034230049    5.2319775976
  -1.0521585927    2.6453474955    4.3338073335
  -1.9123853868    2.0515758116    4.3338073335
  -2.3981389246    1.1260497718    4.3338073335
  -1.0521585927    2.6453474955    3.3369135494
  -1.9123853868    2.0515758116    3.3369135494
  -2.3981389246    1.1260497718    3.3369135494
  -0.8189410210    2.2690106792    2.4387432853
  -1.6945922814    1.6328127988    2.4387432853
   1.4207822670    1.1399427787    5.2197900728
   0.9407822670    1.9713271663    5.2197900728
   2.1235510423    1.1399427787    4.5170212975
   1.8059904639    2.1172937428    4.5170212975
   0.9746060763    2.7213298575    4.5170212975
   2.3807822670    1.1399427787    3.5570212975
   2.1235510423    2.0999427787    3.5570212975
   1.4207822670    2.8027115540    3.5570212975
   0.4607822670    3.0599427787    3.5570212975
   5.3590195267   -1.4014904668    1.5749368269
   6.5417883020   -0.5701060791    0.8721680517
   4.3651957174   -2.1514931579    0.8721680517
   5.3928433360   -2.1514931579    0.8721680517
   6.2242277236   -1.5474570432    0.8721680517
   3.9190195267   -2.2328748544   -0.0878319483
   4.8790195267   -2.4901060791   -0.0878319483
   5.8390195267   -2.2328748544   -0.0878319483
   6.5417883020   -1.5301060791   -0.0878319483
   4.3651957174   -2.1514931579   -1.0478319483
   5.3928433360   -2.1514931579   -1.0478319483
   6.2242277236   -1.5474570432   -1.0478319483
   4.3990195267   -1.4014904668   -1.7506007236
   5.3590195267   -1.4014904668   -1.7506007236
   7.1382700087    1.6693540600    1.1863309348
   6.6176095218    2.5711644768    1.1863309348
   6.6176095218    0.7675436431    1.1863309348
   7.9733445928    1.6693540600    0.5203811763
   8.4367760241    1.6693540600   -0.4419441067
   4.8681712626    0.2512689158   -2.4723698726
   5.0556280610    1.6693540600   -3.1383196312
   5.5762885479    0.7675436431   -3.1383196312
   6.6176095218    0.7675436431   -3.1383196312
   6.0969490348    1.6693540600   -3.3759943482
   7.5481344769    2.6893771970    0.6669870654
   7.0621846891    3.5310669194    0.6669870654
   6.0902851134    3.5310669194    0.6669870654
   8.3275374220    2.6893771970    0.0454339575
   7.9930684028    3.7187669910    0.0454339575
   7.1174171424    4.3549648714    0.0454339575
   6.0350526601    4.3549648714    0.0454339575
   8.7600734245    2.6893771970   -0.8527363066
   8.5099278807    3.7042575628   -0.8527363066
   7.8167965789    4.4866410674   -0.8527363066
   6.8394675471    4.8572930787   -0.8527363066
   8.5099278807    1.6744968312   -0.8527363066
   8.7600734245    2.6893771970   -1.8496300908
   8.5099278807    3.7042575628   -1.8496300908
   7.8167965789    4.4866410674   -1.8496300908
   6.8394675471    4.8572930787   -1.8496300908
   5.8018350884    4.7313016877   -1.8496300908
   8.5099278807    1.6744968312   -1.8496300908
   8.3275374220    2.6893771970   -2.7478003549
   7.9930684028    3.7187669910   -2.7478003549
   7.1174171424    4.3549648714   -2.7478003549
   6.0350526601    4.3549648714   -2.7478003549
   5.1594013997    3.7187669910   -2.7478003549
   4.8249323805    2.6893771970   -2.7478003549
   7.9930684028    1.6599874030   -2.7478003549
   7.5481344769    2.6893771970   -3.3693534628
   7.0621846891    3.5310669194   -3.3693534628
   6.0902851134    3.5310669194   -3.3693534628
   5.6043353256    2.6893771970   -3.3693534628
   6.0902851134    1.8476874746   -3.3693534628
   7.0621846891    1.8476874746   -3.3693534628
   6.5762349012    2.6893771970   -3.5911831987
   7.1326550916   -0.1112382153    0.6047361229
   8.3154238669    0.7201461723   -0.0980326524
   7.1664789009   -0.8612409065   -0.0980326524
   7.9978632885   -0.2572047918   -0.0980326524
   8.5726550916    0.7201461723   -1.0580326524
   6.6526550916   -1.1998538277   -1.0580326524
   7.6126550916   -0.9426226030   -1.0580326524
   8.3154238669   -0.2398538277   -1.0580326524
   8.3154238669    0.7201461723   -2.0180326524
   6.1388312824   -0.8612409065   -2.0180326524
   7.1664789009   -0.8612409065   -2.0180326524
   7.9978632885   -0.2572047918   -2.0180326524
   7.6126550916    0.7201461723   -2.7208014276
   6.1726550916   -0.1112382153   -2.7208014276
   7.1326550916   -0.1112382153   -2.7208014276
  -3.7091911767    1.1203480242    0.6143865854
  -4.4013556972    0.2524011683    0.6143865854
  -0.5986320567   -2.7801697403   -1.4521039493
  -3.0042110546    2.0480054634   -0.1341561860
  -2.4821767620    2.5922213190   -1.1674014534
  -3.3581198038    2.0069348904   -1.1674014534
   0.4602568146   -1.8114417280   -1.1674014534
  -2.0040043430    2.5296796293   -2.2006467208
  -3.0042110546    2.0480054634   -2.2006467208
   0.1063480654   -1.8525123010   -2.2006467208
   0.4602568146    0.0977465812   -3.0765897626
   0.1571799153   -0.9344385469   -3.0765897626
  -3.6157202608   -0.5373603962    2.8083189835
  -3.3391470528    0.8750179822    1.9323759416
  -4.0313115733    0.0070711263    1.9323759416
  -0.7506222254   -3.5697156378    0.8991306743
  -1.2287946444   -3.5071739481   -0.1341145931
  -0.2285879328   -3.0254997822   -0.1341145931
  -4.1236048286   -1.2697587571    2.5670944548
  -4.1236048286   -2.3237849787    2.5670944548
  -3.5537552306   -3.2104882613    2.5670944548
  -2.5949792554   -3.6483465779    2.5670944548
  -4.4259973281   -1.2798500331    1.4870944548
  -4.4259973281   -2.3136937028    1.4870944548
  -3.9455462185   -3.2291168097    1.4870944548
  -3.0947095585   -3.8164069521    1.4870944548
  -2.0684037731   -3.9410230360    1.4870944548
  -2.5949792554   -3.6483465779    0.4070944548
  -0.9377172118    3.2220137001    0.4314616227
  -1.9379239234    2.7403395342    0.4314616227
  -1.4158896308    3.2845553898   -0.6017836447
  -2.2918326726    2.6992689612   -0.6017836447
  -1.9379239234    2.7403395342   -1.6350289121
   1.1726351966   -1.1601782302   -1.6350289121
   1.2234670465   -0.2421044762   -2.5109719539
  -2.2671004916    1.5545604559    2.4749444928
  -2.6210092408    1.5134898829    1.4416992254
   0.8434586284   -2.3459573086    0.4084539580
  -1.5609943187    2.4983185793    1.7348273231
   1.8040590840    3.0504989113    2.8961794592
   0.7052111778    3.2084893886    2.8961794592
  -0.5461991245    3.1791459280    1.8857379121
   3.2622210292    1.3281842777    3.2308448352
   2.7455983955    2.2230009276    3.2308448352
   3.7254966981    2.5778656806    2.8439072851
   3.2088740644    3.4726823305    2.8439072851
   2.1756287970    3.4726823305    2.8439072851
   3.4853569170    4.3145244518    2.2586208565
   2.4205456052    4.4676212056   -1.5597557619
   1.4419989733    4.0207339327   -1.5597557619
   2.1756287970    3.4726823305   -2.1450421904
   2.1756287970    1.6830490307   -2.1450421904
   4.0343736612    0.1886632536    3.0853104055
   4.6072398037   -0.8435218746    2.5000239770
   1.7508759364   -1.2542049985   -1.3183526414
   2.7294225683   -1.7010922715   -1.3183526414
   1.9678831264    0.1886632536   -1.9036390700
   2.4845057601   -0.7061533963   -1.9036390700
   4.9867072817    2.6868273619    2.2877147152
   4.4700846480    3.5816440118    2.2877147152
   5.5595734243    3.7190124901    1.7024282866
   4.7465675006    4.4234861331    1.7024282866
   2.7032095569    4.1296956140   -2.1159483318
   4.4700846480    3.5816440118   -2.7012347604
   3.4368393807    3.5816440118   -2.7012347604
   2.9202167470    2.6868273619   -2.7012347604
   3.9534620143    2.6868273619   -2.9067600226
   5.2954848623    0.3120059422    2.5223072552
   4.7788622287    1.2068225921    2.5223072552
   4.7788622287   -0.5828107077    2.5223072552
   6.1714279042    0.3120059422    1.9370208267
   5.0553450813   -1.4246528290    1.9370208267
   5.8683510049   -0.7201791860    1.9370208267
   3.0119871376   -1.1308623099   -1.8813557917
   3.9905337695   -1.5777495829   -1.8813557917
   3.2289943276    0.3120059422   -2.4666422203
   3.7456169613   -0.5828107077   -2.4666422203
   4.7788622287   -0.5828107077   -2.4666422203
   2.6030308164    4.3795043311    2.3652073469
   1.5230308164    4.3795043311    2.3652073469
   2.8401123179    5.1457680338    1.5745924747
   1.7968145634    5.2957716050    1.5745924747
   0.8380385883    4.8579132885    1.5745924747
   0.2681889903    3.9712100058    1.5745924747
   2.3233900458    5.5884480631    0.4945924747
   1.2970842604    5.4638319792    0.4945924747
   0.4462476004    4.8765418368    0.4945924747
  -0.0342035092    3.9611187299    0.4945924747
   1.7968145634    5.2957716050   -0.5854075253
   0.8380385883    4.8579132885   -0.5854075253
   0.2681889903    3.9712100058   -0.5854075253
   1.5230308164    4.3795043311   -1.3760223975
   5.7771737994    1.5521020799    2.1188061560
   2.9120757640    1.0142215761   -2.2848568909
   3.7106832646    1.5521020799   -2.8701433195
   4.2273058983    0.6572854301   -2.8701433195
   3.4038901752   -2.4632402461    2.0191247776
   4.2004700435   -1.7729998611    2.0191247776
   1.8608621177   -2.7813041916    0.9391247776
   2.8871679031   -2.9059202755    0.9391247776
   3.8538285267   -2.5393142577    0.9391247776
   1.4018164456   -2.1753855008   -0.1408752224
   2.3605924207   -2.6132438174   -0.1408752224
   3.4038901752   -2.4632402461   -0.1408752224
   5.9133970209    4.6576310327    0.5621067374
   5.1168171526    5.3478714178    0.5621067374
   4.0735193981    5.4978749891    0.5621067374
   5.5667555041    5.4239454294   -0.5178932626
   4.6000948805    5.7905514472   -0.5178932626
   3.5737890951    5.6659353633   -0.5178932626
   5.1168171526    5.3478714178   -1.5978932626
   4.0735193981    5.4978749891   -1.5978932626
   3.1147434230    5.0600166725   -1.5978932626
   4.8797356511    4.5816077152   -2.3885081347
   3.7997356511    4.5816077152   -2.3885081347
  -3.4299286427   -4.0915444765   -1.2525082981
  -4.7135023773   -4.1520478337   -2.1284513399
  -3.7132956656   -4.6337219995   -2.1284513399
  -5.0674111265   -4.1109772606   -3.1616966073
  -4.1914680847   -4.6962636892   -3.1616966073
  -0.6637480795   -2.2017889514   -4.1949418747
  -0.9107787368   -1.1194769251   -4.1949418747
  -5.9060443279   -3.1623345387   -3.4173804765
  -5.2138798074   -4.0302813945   -3.4173804765
  -1.7494119382   -0.1708342031   -4.4506257438
  -5.5677885566   -3.9892108215   -4.4506257438
  -4.6918455148   -4.5744972501   -4.4506257438
  -3.6586002474   -4.7800225123   -4.4506257438
  -1.1641255096   -2.0800225123   -5.4838710112
  -1.4111561669   -0.9977104859   -5.4838710112
  -2.1033206874   -0.1297636301   -5.4838710112
  -5.2138798074   -4.0302813945   -5.4838710112
  -2.0524888375   -1.0478373841   -6.3598140531
  -5.2214230176   -3.3429599076   -1.1261726057
  -5.5753317668   -3.3018893346   -2.1594178731
  -6.2135479201   -3.1085414957   -3.6970051408
  -2.7490800509    0.7509056958   -4.7302504082
  -7.1527430979   -2.1915278808   -4.7302504082
  -6.5674566693   -3.0674709226   -4.7302504082
  -2.4108242796   -0.0759705871   -5.7634956756
  -3.1029888001    0.7919762688   -5.7634956756
  -4.1031955118    1.2736504346   -5.7634956756
  -6.9057124407   -2.2405946398   -5.7634956756
  -6.2135479201   -3.1085414957   -5.7634956756
  -3.0521569502   -0.1260974853   -6.6394387174
  -3.8651628739    0.5783761578   -6.6394387174
  -4.9299741856   -3.0480381385   -6.6394387174
  -5.9176724693   -1.9159406613   -0.5124245535
  -7.1618947497   -0.4730724093   -1.3883675953
  -6.9148640924   -1.5553844357   -1.3883675953
  -6.2226995719   -2.4233312915   -1.3883675953
  -3.6341747445    2.0214023285   -2.4216128627
  -4.6674200119    2.2269275907   -2.4216128627
  -6.5766083211   -2.3822607185   -2.4216128627
  -3.1121404519    1.4771864729   -3.4548581301
  -1.1078718855   -2.7117496076   -5.2368528457
  -4.0338184415   -4.7313846918   -5.2368528457
  -3.0075126561   -4.8560007757   -5.2368528457
  -2.0408520325   -4.4893947579   -5.2368528457
  -1.3552868701   -3.7155516592   -5.2368528457
  -1.3972570133   -2.7117496076   -6.3168528457
  -1.6942105157   -1.7004188540   -6.3168528457
  -4.4928641136   -4.1254660010   -6.3168528457
  -3.5340881385   -4.5633243176   -6.3168528457
  -2.4907903840   -4.4133207463   -6.3168528457
  -1.6942105157   -3.7230803612   -6.3168528457
  -2.1878718855   -2.7117496076   -7.1074677178
  -2.7278718855   -1.7764421715   -7.1074677178
  -4.3478718855   -2.7117496076   -7.1074677178
  -3.8078718855   -3.6470570437   -7.1074677178
  -2.7278718855   -3.6470570437   -7.1074677178
  -3.2678718855   -2.7117496076   -7.3968528457
  -7.6567009071   -0.3588745310   -2.6800969455
  -7.4096702498   -1.4411865574   -2.6800969455
  -6.7175057293   -2.3091334132   -2.6800969455
  -3.2530378601    1.5503137782   -3.7133422129
  -4.1289809019    2.1356002068   -3.7133422129
  -7.6567009071   -1.3921197984   -3.7133422129
  -7.0714144785   -2.2680628402   -3.7133422129
  -3.6069466093    1.5913843512   -4.7465874803
  -4.6071533209    2.0730585171   -4.7465874803
  -7.4096702498   -1.4411865574   -4.7465874803
  -4.3691206830    1.3777842402   -5.6225305221
  -4.5030177508   -0.0580872710    0.6993985022
  -5.1032088612   -0.9920028683    0.6993985022
  -5.1032088612   -2.1021504765    0.6993985022
  -4.5030177508   -3.0360660739    0.6993985022
  -3.4931919669   -3.4972380569    0.6993985022
  -5.4263179272   -2.6130501996   -0.3110430449
  -4.7446022692   -3.4678945963   -0.3110430449
  -3.7594946013   -3.9422974460   -0.3110430449
  -2.6661075787   -3.9422974460   -0.3110430449
  -7.1449858107   -0.5512534393   -5.7350064764
  -7.1449858107   -1.5850971090   -5.7350064764
  -4.2706699836    0.6333958645   -6.8150064764
  -5.3139677380    0.7833994358   -6.8150064764
  -6.2727437131    0.3455411192   -6.8150064764
  -6.8425933112   -0.5411621634   -6.8150064764
  -6.8425933112   -1.5951883850   -6.8150064764
  -6.2727437131   -2.4818916676   -6.8150064764
  -5.3139677380   -2.9197499842   -6.8150064764
  -3.9677514850   -1.0681752742   -7.6056213486
  -4.5077514850   -0.1328678381   -7.6056213486
  -5.5877514850   -0.1328678381   -7.6056213486
  -6.1277514850   -1.0681752742   -7.6056213486
  -5.5877514850   -2.0034827103   -7.6056213486
  -4.5077514850   -2.0034827103   -7.6056213486
  -5.0477514850   -1.0681752742   -7.8950064764
  -5.0559463541    0.1344182259    0.5436025975
  -4.5159463541    1.0697256620    0.2542174697
  -5.5959463541    1.0697256620    0.2542174697
  -6.1359463541    0.1344182259    0.2542174697
  -5.5959463541   -0.8008892101    0.2542174697
  -4.2788648526    1.8359893647   -0.5363974025
  -5.3221626071    1.9859929359   -0.5363974025
  -6.2809385822    1.5481346194   -0.5363974025
  -6.8507881802    0.6614313368   -0.5363974025
  -6.8507881802   -0.3925948849   -0.5363974025
  -4.7955871247    2.2786693940   -1.6163974025
  -5.8218929101    2.1540533101   -1.6163974025
  -6.6727295701    1.5667631677   -1.6163974025
  -7.1531806797    0.6513400608   -1.6163974025
  -6.2133950981    2.2066668266   -2.8431080933
  -7.1721710732    1.7688085101   -2.8431080933
  -7.7420206713    0.8821052274   -2.8431080933
  -7.7420206713   -0.1719209942   -2.8431080933
  -5.6868196157    2.4993432847   -3.9231080933
  -6.7131254011    2.3747272008   -3.9231080933
  -7.5639620611    1.7874370584   -3.9231080933
  -8.0444131707    0.8720139515   -3.9231080933
  -8.0444131707   -0.1618297182   -3.9231080933
  -5.1700973436    2.0566632554   -5.0031080933
  -6.2133950981    2.2066668266   -5.0031080933
  -7.1721710732    1.7688085101   -5.0031080933
  -7.7420206713    0.8821052274   -5.0031080933
  -7.7420206713   -0.1719209942   -5.0031080933
  -6.4871788451    1.2903995527   -5.7937229655
  -7.0271788451    0.3550921166   -5.7937229655
  -1.8478683397   -3.8575557281   -1.0545867067
  -0.5172534676   -2.9222482920   -1.8452015788
  -2.6540845928   -4.7738230020   -1.8452015788
  -1.6107868383   -4.6238194307   -1.8452015788
  -0.8142069700   -3.9335790456   -1.8452015788
  -0.2278683397   -2.9222482920   -2.9252015788
  -0.4752833243   -1.9184462404   -2.9252015788
  -3.1538148958   -4.9418833762   -2.9252015788
  -2.1275091104   -5.0664994600   -2.9252015788
  -1.1608484868   -4.6998934423   -2.9252015788
  -0.4752833243   -3.9260503436   -2.9252015788
  -0.5172534676   -2.9222482920   -4.0052015788
  -2.6540845928   -4.7738230020   -4.0052015788
  -1.6107868383   -4.6238194307   -4.0052015788
  -0.8142069700   -3.9335790456   -4.0052015788
  -0.9481368559    2.0027444215   -3.2702110133
  -1.9914346103    2.1527479927   -3.2702110133
  -2.9502105854    1.7148896762   -3.2702110133
  -0.6452183573    0.3011732828   -4.0608258855
  -1.1852183573    1.2364807188   -4.0608258855
  -2.2652183573    1.2364807188   -4.0608258855
  -1.7252183573    0.3011732828   -4.3502110133
   0.4117868703    3.6681583514   -1.1873563219
  -0.6145189151    3.5435422676   -1.1873563219
   2.0220425131    1.5239071834   -2.2673563219
   1.7250890107    2.5352379370   -2.2673563219
   0.9285091424    3.2254783221   -2.2673563219
  -0.1147886120    3.3754818934   -2.2673563219
  -1.0735645872    2.9376235768   -2.2673563219
   1.7250890107    0.5125764298   -2.2673563219
   1.2314276410    1.5239071834   -3.0579711940
   0.6914276410    2.4592146195   -3.0579711940
  -0.3885723590    2.4592146195   -3.0579711940
   0.1514276410    1.5239071834   -3.3473563219
  -0.2003020748   -0.7986005805    6.2412794771
   0.8770613766   -0.7986005805    6.0513112325
   0.3383796509   -1.7316246986    6.0513112325
   1.8244788957   -0.7986005805    5.5043194729
   0.8120884104   -2.5521123381    5.5043194729
   1.5532096827   -1.8109910657    5.5043194729
  -2.7206269822    0.2453521777    4.6662794771
   0.8436506834   -3.3189254878    4.6662794771
  -3.1153642968    0.2623952993    3.6382712367
   0.3383796509   -3.8536164582    3.6382712367
  -0.7389838006   -3.8536164582    2.5442877174
   0.3383796509   -3.8536164582    2.5442877174
  -0.2003020748   -3.5265806024    1.5162794771
   0.8436506834   -3.3189254878    1.5162794771
   0.8120884104   -2.5521123381    0.6782394812
  -1.2007080298   -1.6275040577    6.2132135419
  -1.7474015411   -0.6806031200    5.9636550890
  -2.2940950524   -1.6275040577    5.9636550890
  -1.7474015411   -2.5744049954    5.9636550890
  -0.6540145185   -2.5744049954    5.9636550890
  -2.4909246906   -0.1385146563    5.2644078426
  -3.0911158010   -1.0724302536    5.2644078426
  -3.0911158010   -2.1825778618    5.2644078426
  -2.4909246906   -3.1164934591    5.2644078426
  -1.4810989067   -3.5776654422    5.2644078426
  -0.3822510004   -3.4196749649    5.2644078426
  -3.4142248671   -0.5615305306    4.2539662954
  -3.6575263685   -1.6275040577    4.2539662954
  -3.4142248671   -2.6934775848    4.2539662954
  -2.7325092090   -3.5483219816    4.2539662954
  -1.7474015411   -4.0227248313    4.2539662954
  -0.6540145185   -4.0227248313    4.2539662954
  -3.4142248671   -0.5615305306    3.1324607883
  -3.4142248671   -2.6934775848    3.1324607883
  -2.7325092090   -3.5483219816    3.1324607883
  -1.7474015411   -4.0227248313    3.1324607883
  -0.6540145185   -4.0227248313    3.1324607883
   2.2724268795   -1.2100154887    5.3269814476
   1.7257333682   -2.1569164264    5.3269814476
   3.1492551927   -1.2100154887    4.6277342012
   2.8364904686   -0.1448366590    4.6277342012
   1.9974968863   -3.0021863959    4.6277342012
   2.8364904686   -2.2751943184    4.6277342012
   3.6358581956   -1.2100154887    3.6172926541
   3.3925566942   -0.1440419616    3.6172926541
   2.7108410361    0.7108024352    3.6172926541
   1.7257333682   -3.6052362622    3.6172926541
   2.7108410361   -3.1308334126    3.6172926541
   3.3925566942   -2.2759890158    3.6172926541
   1.7257333682   -3.6052362622    2.4957871470
   2.7108410361   -3.1308334126    2.4957871470
   3.3925566942   -2.2759890158    2.4957871470
   1.9974968863   -3.0021863959    1.4853455998
  -0.2777587798    0.6034230049    6.3553604415
   0.8156282428    0.6034230049    6.1058019886
   0.2689347315    1.5503239426    6.1058019886
  -0.8244522911    1.5503239426    6.1058019886
  -1.3711458024    0.6034230049    6.1058019886
   1.6924565560    0.6034230049    5.4065547422
   0.5406982495    2.3955939121    5.4065547422
  -0.5581496567    2.5535843894    5.4065547422
  -1.5679754407    2.0924124063    5.4065547422
  -2.1681665510    1.1584968089    5.4065547422
  -2.1681665510    0.0483492008    5.4065547422
  -0.8244522911    2.9986437784    4.3961131950
  -1.8095599590    2.5242409288    4.3961131950
  -2.4912756171    1.6693965320    4.3961131950
  -2.7345771185    0.6034230049    4.3961131950
  -0.8244522911    2.9986437784    3.2746076879
  -1.8095599590    2.5242409288    3.2746076879
  -2.4912756171    1.6693965320    3.2746076879
   2.3313971392    1.1399427787    4.6370212975
   2.0344436368    2.1512735324    4.6370212975
   1.2378637685    2.8415139174    4.6370212975
   0.1945660140    2.9915174887    4.6370212975
   2.6207822670    1.1399427787    3.5570212975
   2.3733672825    2.1437448303    3.5570212975
   1.6878021200    2.9175879290    3.5570212975
   0.7211414964    3.2841939468    3.5570212975
  -0.3051642890    3.1595778629    3.5570212975
   5.4190195267   -1.5054135152    1.7827829239
   6.7496343989   -0.5701060791    0.9921680517
   4.6128032737   -2.4216807891    0.9921680517
   5.6561010281   -2.2716772178    0.9921680517
   6.4526808965   -1.5814368328    0.9921680517
   4.1130729707   -2.5897411633   -0.0878319483
   5.1393787560   -2.7143572472   -0.0878319483
   6.1060393796   -2.3477512295   -0.0878319483
   6.7916045421   -1.5739081307   -0.0878319483
   4.6128032737   -2.4216807891   -1.1678319483
   5.6561010281   -2.2716772178   -1.1678319483
   6.4526808965   -1.5814368328   -1.1678319483
   5.4190195267   -1.5054135152   -1.9584468205
   7.1301943022    1.6693540600    1.5184803896
   6.6135716685    2.5641707099    1.5184803896
   6.6135716685    0.7745374101    1.5184803896
   8.0061373440    1.6693540600    0.9331939610
   7.7030604448    2.7015391881    0.9331939610
   7.7030604448    0.6371689318    0.9331939610
   8.5914237726    1.6693540600    0.0572509192
   4.8466965774    0.2264858079   -2.8851826574
   5.8252432094   -0.2204014651   -2.8851826574
   5.0637037674    1.6693540600   -3.4704690860
   5.5803264011    0.7745374101   -3.4704690860
   6.6135716685    0.7745374101   -3.4704690860
   6.0969490348    1.6693540600   -3.6759943482
   7.1229284125    3.6362781347    0.9192583484
   8.5464502371    2.6893771970    0.2200111020
   8.2336855129    3.7545560267    0.2200111020
   7.3946919306    4.4815481042    0.2200111020
   6.2958440244    4.6395385815    0.2200111020
   9.0330532399    2.6893771970   -0.7904304451
   8.7897517385    3.7553507241   -0.7904304451
   8.1080360804    4.6101951209   -0.7904304451
   7.1229284125    5.0845979706   -0.7904304451
   6.0295413900    5.0845979706   -0.7904304451
   9.0330532399    2.6893771970   -1.9119359523
   8.7897517385    3.7553507241   -1.9119359523
   8.1080360804    4.6101951209   -1.9119359523
   7.1229284125    5.0845979706   -1.9119359523
   6.0295413900    5.0845979706   -1.9119359523
   8.7897517385    1.6234036699   -1.9119359523
   8.5464502371    2.6893771970   -2.9223774994
   8.2336855129    3.7545560267   -2.9223774994
   7.3946919306    4.4815481042   -2.9223774994
   6.2958440244    4.6395385815   -2.9223774994
   5.2860182404    4.1783665985   -2.9223774994
   4.6858271300    3.2444510011   -2.9223774994
   8.2336855129    1.6241983673   -2.9223774994
   7.6696219238    2.6893771970   -3.6216247458
   7.1229284125    3.6362781347   -3.6216247458
   6.0295413900    3.6362781347   -3.6216247458
   5.4828478787    2.6893771970   -3.6216247458
   7.1229284125    1.7424762593   -3.6216247458
   6.5762349012    2.6893771970   -3.8711831987
   7.1926550916   -0.2151612638    0.8125822198
   8.5232699638    0.7201461723    0.0219673476
   7.4297365931   -0.9814249664    0.0219673476
   8.2263164614   -0.2911845813    0.0219673476
   8.8126550916    0.7201461723   -1.0580326524
   6.9130143210   -1.4241049958   -1.0580326524
   7.8796749446   -1.0574989780   -1.0580326524
   8.5652401070   -0.2836558793   -1.0580326524
   8.5232699638    0.7201461723   -2.1380326524
   6.3864388386   -1.1314285377   -2.1380326524
   7.4297365931   -0.9814249664   -2.1380326524
   8.2263164614   -0.2911845813   -2.1380326524
   7.7326550916    0.7201461723   -2.9286475245
   6.1126550916   -0.2151612638   -2.9286475245
   7.1926550916   -0.2151612638   -2.9286475245
  -3.4529497224    1.4200891420    1.0811413181
  -4.2557994244    0.6972000233    1.0811413181
  -3.9343494031    1.5277697994    0.1020858511
  -0.8370118510   -3.4746021067   -0.9398032149
   0.0294335169   -2.8202929371   -0.9398032149
  -3.2293692810    2.4554272386   -0.6464569204
  -2.2574477976    2.9393866325   -1.6883459864
  -3.2293692810    2.4554272386   -1.6883459864
   0.7344136390   -1.8926354979   -1.6883459864
  -1.7205044084    2.6815902592   -2.6674014534
   0.2895208160   -1.8330003114   -2.6674014534
   0.9245292269   -0.9589862154   -2.6674014534
   0.4794313344    0.0977465812   -3.4655347828
   0.1733105479   -0.9448050750   -3.4655347828
  -3.0829055985    1.1747591000    2.3991306743
  -3.8857553004    0.4518699814    2.3991306743
  -4.3251695054   -0.5350704820    2.3991306743
  -3.5643052792    1.2824397574    1.4200752073
  -4.2957687738    0.4800625263    1.4200752073
  -4.6879860815   -0.5323670507    1.4200752073
  -1.5112677055   -4.0170611103    0.3781861413
  -0.4669677270   -3.7199321486    0.3781861413
   0.3994776409   -3.0656229791    0.3781861413
  -0.0454151821   -3.0059877927   -0.6008693257
  -4.1291513560   -1.2681301497    2.9834699792
  -4.1291513560   -2.3254135861    2.9834699792
  -3.5575407747   -3.2148570121    2.9834699792
  -4.6685899917   -1.7967718679    2.0211446963
  -4.4368742760   -2.8119847509    2.0211446963
  -3.7876212683   -3.6261222716    2.0211446963
  -2.8494234894   -4.0779345094    2.0211446963
  -1.8081025155   -4.0779345094    2.0211446963
  -3.7876212683   -3.6261222716    0.9530442133
  -2.8494234894   -4.0779345094    0.9530442133
  -1.8081025155   -4.0779345094    0.9530442133
  -1.6816824691    3.0400806520    0.8982163553
  -2.4845321711    2.3171915333    0.8982163553
  -1.1911606664    3.6317207033   -0.0808391117
  -2.1630821499    3.1477613094   -0.0808391117
  -1.1911606664    3.6317207033   -1.1227281777
  -2.1630821499    3.1477613094   -1.1227281777
   0.9342554023   -1.8546105966   -1.1227281777
  -1.6816824691    3.0400806520   -2.1017836447
   1.3558079472   -1.1406662407   -2.1017836447
   1.2395976791   -0.2524710043   -2.8999169741
   0.6434160665    0.7900806520   -3.4208615071
  -2.4922587181    1.9619822310    1.9626437584
   1.0266313790   -2.3264453190   -0.0583007746
  -1.3047528643    2.7980596971    2.2015820557
  -1.7861525451    2.9057403545    1.2225265887
  -2.5176160397    2.1033631234    1.2225265887
  -0.3078292908    3.4986168107    2.3964987691
  -0.7017749272    3.4927762405    1.3249851585
   3.2550361918    1.3281842777    3.5554479598
   2.7420059768    2.2167786759    3.5554479598
   3.7183118607    2.5778656806    3.1685104097
   3.2052816457    3.4664600788    3.1685104097
   2.1792212157    3.4664600788    3.1685104097
   4.3144934732    3.6204173369    2.6475658767
   3.4933223004    4.3319662086    2.6475658767
   2.4178167865    4.4866005565    2.6475658767
   3.4951011327    5.0487829912    1.8494325473
   2.4206785169    5.1617093586   -1.1505674527
   1.4294423331    4.0352250679   -1.9487007820
   2.1792212157    1.6892712824   -2.4696453150
   4.0271888238    0.1886632536    3.4099135301
   4.6233704363    1.2312149098    2.8889689971
   4.6233704363   -0.8538884027    2.8889689971
   1.7020902881   -2.0613367464   -0.9091643322
   2.7295554800   -2.3951804245   -0.9091643322
   1.7383192962   -1.2686961337   -1.7072976616
   2.7266937496   -1.7200716224   -1.7072976616
   2.4880981788   -0.6999311446   -2.2282421946
   4.9795224443    2.6868273619    2.6123178398
   4.4664922293    3.5754217601    2.6123178398
   5.5757040569    3.7293790182    2.0913733068
   4.7545328841    4.4409278899    2.0913733068
   6.3269227358    3.7435601586    1.2932399774
   5.6919143250    4.6175742546    1.2932399774
   3.6818891005    5.2706710399    1.2932399774
   2.6544239087    4.9368273619   -1.7067600226
   2.6906529168    4.1441867492   -2.5048933519
   4.4664922293    3.5754217601   -3.0258378850
   3.4404317994    3.5754217601   -3.0258378850
   2.9274015844    2.6868273619   -3.0258378850
   3.9534620143    2.6868273619   -3.2067600226
   5.2883000249    0.3120059422    2.8469103798
   4.7752698100    1.2006003403    2.8469103798
   6.1906024240    0.3120059422    2.3259658468
   5.0633104647   -1.4420945858    2.3259658468
   5.8844816375   -0.7305457141    2.3259658468
   2.9994304974   -1.1453534451   -2.2703008119
   3.9878049508   -1.5967289338   -2.2703008119
   3.2361791650    0.3120059422   -2.7912453449
   3.7492093800   -0.5765884560   -2.7912453449
   4.7752698100   -0.5765884560   -2.7912453449
   1.5423703295    4.3460073119    2.6569177576
   2.8425137015    5.1510263305    1.9909679991
   1.7959918861    5.3014934517    1.9909679991
   0.8342530442    4.8622820393    1.9909679991
   0.2626424629    3.9728386132    1.9909679991
   2.5836913034    5.7253595365    1.0286427162
   1.5423703295    5.7253595365    1.0286427162
   0.6041725505    5.2735472987    1.0286427162
  -0.0450804571    4.4594097780    1.0286427162
   2.5836913034    5.7253595365   -0.0394577668
   1.5423703295    5.7253595365   -0.0394577668
   0.6041725505    5.2735472987   -0.0394577668
  -0.0450804571    4.4594097780   -0.0394577668
   1.7959918861    5.3014934517   -1.0017830498
   0.8342530442    4.8622820393   -1.0017830498
   0.2626424629    3.9728386132   -1.0017830498
   5.7699889620    1.5521020799    2.4434092806
   6.3661705746    2.5946537362    1.9224647476
   2.8936779470    1.0088194896   -2.6738019111
   3.7178681020    1.5521020799   -3.1947464441
   4.2308983170    0.6635076818   -3.1947464441
   3.1474691607   -3.0428317489    1.4731750191
   4.0856669396   -2.5910195111    1.4731750191
   1.1679504078   -2.5910195111    0.4050745361
   2.1061481868   -3.0428317489    0.4050745361
   3.1474691607   -3.0428317489    0.4050745361
   1.3980309015   -2.1797542516   -0.5572507469
   2.3597697433   -2.6189656641   -0.5572507469
   5.9182600432    4.6607563074    0.9784822619
   5.1192185362    5.3531297145    0.9784822619
   4.0726967208    5.5035968358    0.9784822619
   5.7985939170    5.4756506828    0.0161569789
   4.8603961381    5.9274629206    0.0161569789
   3.8190751642    5.9274629206    0.0161569789
   5.7985939170    5.4756506828   -1.0519435041
   4.8603961381    5.9274629206   -1.0519435041
   3.8190751642    5.9274629206   -1.0519435041
   2.8808773852    5.4756506828   -1.0519435041
   5.1192185362    5.3531297145   -2.0142687870
   4.0726967208    5.5035968358   -2.0142687870
   3.1109578789    5.0643854233   -2.0142687870
   4.8603961381    4.5481106960   -2.6802185455
   3.8190751642    4.5481106960   -2.6802185455
  -4.4572609229   -4.4517889514   -1.6616966073
  -3.4297957311   -4.7856326295   -1.6616966073
  -5.6701240983   -3.7570923777   -2.6407520743
  -4.9386606037   -4.5594696088   -2.6407520743
  -3.9667391203   -5.0434290028   -2.6407520743
  -0.2037995582   -2.2017889514   -3.6826411403
  -3.9667391203   -5.0434290028   -3.6826411403
  -0.5601466059   -2.2017889514   -4.6616966073
  -0.7847620958   -1.1450561548   -4.6616966073
  -6.1705015285   -3.6353259386   -3.9296812108
  -5.4390380338   -4.4377031697   -3.9296812108
  -4.4671165504   -4.9216625636   -3.9296812108
  -0.7041769884   -2.0800225123   -4.9715702769
  -0.9036826045   -1.0127617316   -4.9715702769
  -1.4752551137   -0.0896404332   -4.9715702769
  -5.4390380338   -4.4377031697   -4.9715702769
  -4.4671165504   -4.9216625636   -4.9715702769
  -0.9036826045   -3.1472832930   -4.9715702769
  -1.0605240361   -2.0800225123   -5.9506257438
  -1.2851395259   -1.0232897156   -5.9506257438
  -1.9201479368   -0.1492756196   -5.9506257438
  -4.9576383531   -4.3300225123   -5.9506257438
  -2.0363582049   -1.0374708561   -6.7487590732
  -5.7680312653   -2.9198119067   -0.6594178731
  -6.1780447386   -2.9480044517   -1.6384733401
  -5.4465812440   -3.7503816828   -1.6384733401
  -7.1701696412   -2.7135860398   -4.2093058752
  -6.4387061466   -3.5159632708   -4.2093058752
  -2.4749232265    0.8320994657   -5.2511949412
  -3.3413685944    1.4864086352   -5.2511949412
  -7.5623869489   -1.7011564627   -5.2511949412
  -7.1701696412   -2.7135860398   -5.2511949412
  -6.4387061466   -3.5159632708   -5.2511949412
  -2.9198160495    0.7724642792   -6.2302504082
  -3.8554186582    1.3126346972   -6.2302504082
  -4.9298412740    1.4255610646   -6.2302504082
  -6.7601561678   -2.6853934948   -6.2302504082
  -5.9573064658   -3.4082826134   -6.2302504082
  -3.0360263176   -0.1157309572   -7.0283837375
  -3.8571974904    0.5958179145   -7.0283837375
  -5.9302291094   -1.9304317966   -0.1234795333
  -7.2087220246   -1.0132428273   -0.9216128627
  -6.7693078196   -2.0001832907   -0.9216128627
  -4.3948202246    2.4687478010   -1.9006683297
  -7.5715386006    0.0698014400   -1.9006683297
  -7.5715386006   -1.0159462586   -1.9006683297
  -7.1793212929   -2.0283758356   -1.9006683297
  -6.4478577983   -2.8307530667   -1.9006683297
  -3.3505202461    2.1716188393   -2.9425573957
  -4.3948202246    2.4687478010   -2.9425573957
  -2.7472113985   -4.9929122491   -4.7028026042
  -1.8090136196   -4.5411000113   -4.7028026042
  -0.9280448963   -2.7117496076   -5.7709030872
  -3.7885323724   -4.9929122491   -5.7709030872
  -2.7472113985   -4.9929122491   -5.7709030872
  -1.8090136196   -4.5411000113   -5.7709030872
  -1.1597606119   -3.7269624906   -5.7709030872
  -1.3914763276   -2.7117496076   -6.7332283701
  -1.6893474934   -1.6972935793   -6.7332283701
  -4.4966496577   -4.1298347518   -6.7332283701
  -3.5349108158   -4.5690461643   -6.7332283701
  -2.4883890004   -4.4185790430   -6.7332283701
  -1.6893474934   -3.7262056359   -6.7332283701
  -2.2265509116   -2.7117496076   -7.3991781286
  -2.7472113985   -1.8099391907   -7.3991781286
  -4.3091928594   -2.7117496076   -7.3991781286
  -3.7885323724   -3.6135600245   -7.3991781286
  -2.7472113985   -3.6135600245   -7.3991781286
  -3.2678718855   -2.7117496076   -7.6368528457
  -7.7035281820    0.1812958870   -2.2133422129
  -7.7035281820   -0.8990449490   -2.2133422129
  -4.8896263820    2.5829456792   -3.1923976799
  -8.0663447580   -0.9017483803   -3.1923976799
  -7.6741274503   -1.9141779573   -3.1923976799
  -6.9426639557   -2.7165551884   -3.1923976799
  -2.9788810356    1.6315075481   -4.2342867459
  -3.8453264036    2.2858167176   -4.2342867459
  -4.8896263820    2.5829456792   -4.2342867459
  -8.0663447580   -0.9017483803   -4.2342867459
  -7.6741274503   -1.9141779573   -4.2342867459
  -3.4237738586    1.5718723616   -5.2133422129
  -4.3593764673    2.1120427796   -5.2133422129
  -7.7035281820   -0.8990449490   -5.2133422129
  -5.4366608135    1.5498603449   -6.0114755422
  -4.9274439099   -0.5571271788    1.1081031888
  -5.1927000773   -1.5470766724    1.1081031888
  -4.9274439099   -2.5370261661    1.1081031888
  -4.2027505836   -3.2617194924    1.1081031888
  -5.7431346246   -2.0849156684    0.1997178121
  -5.3056169691   -3.0675964119    0.1997178121
  -4.5062324355   -3.7873654790    0.1997178121
  -3.4832018718   -4.1197682590    0.1997178121
  -2.4134165563   -4.0073292915    0.1997178121
  -3.9790574622   -4.2401884733   -0.8717957985
  -2.9544496835   -4.3351323661   -0.8717957985
  -6.5066097509    0.7611751295   -6.2690567179
  -7.1558627586   -0.0529623912   -6.2690567179
  -7.3875784743   -1.0681752742   -6.2690567179
  -7.1558627586   -2.0833881572   -6.2690567179
  -4.2682685999    0.6386541612   -7.2313820009
  -5.3147904154    0.7891212825   -7.2313820009
  -6.2765292573    0.3499098700   -7.2313820009
  -6.8481398386   -0.5395335560   -7.2313820009
  -6.8481398386   -1.5968169924   -7.2313820009
  -6.2765292573   -2.4862604184   -7.2313820009
  -5.3147904154   -2.9254718309   -7.2313820009
  -4.0064305111   -1.0681752742   -7.8973317594
  -4.5270909981   -0.1663648573   -7.8973317594
  -5.5684119720   -0.1663648573   -7.8973317594
  -6.0890724589   -1.0681752742   -7.8973317594
  -5.5684119720   -1.9699856911   -7.8973317594
  -4.5270909981   -1.9699856911   -7.8973317594
  -5.0477514850   -1.0681752742   -8.1350064764
  -5.0559463541    0.1344182259    0.7836025975
  -4.5352858671    1.0362286428    0.5459278805
  -5.5766068410    1.0362286428    0.5459278805
  -6.0972673279    0.1344182259    0.5459278805
  -5.5766068410   -0.7673921909    0.5459278805
  -4.2764634690    1.8412476614   -0.1200218780
  -5.3229852844    1.9917147826   -0.1200218780
  -6.2847241263    1.5525033702   -0.1200218780
  -6.8563347076    0.6630599441   -0.1200218780
  -6.8563347076   -0.3942234922   -0.1200218780
  -4.5352858671    2.4155808674   -1.0823471610
  -5.5766068410    2.4155808674   -1.0823471610
  -6.5148046200    1.9637686297   -1.0823471610
  -7.1640576276    1.1496311089   -1.0823471610
  -7.3957733433    0.1344182259   -1.0823471610
  -5.5766068410    2.4155808674   -2.1504476440
  -6.5148046200    1.9637686297   -2.1504476440
  -6.2142177754    2.2123886733   -2.4267325688
  -7.1759566173    1.7731772609   -2.4267325688
  -7.7475671986    0.8837338348   -2.4267325688
  -5.4265183581    2.6362547581   -3.3890578518
  -6.4678393320    2.6362547581   -3.3890578518
  -7.4060371110    2.1844425203   -3.3890578518
  -8.0552901187    1.3703049996   -3.3890578518
  -8.2870058343    0.3550921166   -3.3890578518
  -5.4265183581    2.6362547581   -4.4571583348
  -6.4678393320    2.6362547581   -4.4571583348
  -7.4060371110    2.1844425203   -4.4571583348
  -8.0552901187    1.3703049996   -4.4571583348
  -8.2870058343    0.3550921166   -4.4571583348
  -8.0552901187   -0.6601207663   -4.4571583348
  -6.2142177754    2.2123886733   -5.4194836177
  -7.1759566173    1.7731772609   -5.4194836177
  -7.7475671986    0.8837338348   -5.4194836177
  -7.7475671986   -0.1735496015   -5.4194836177
  -6.4678393320    1.2569025335   -6.0854333762
  -6.9884998190    0.3550921166   -6.0854333762
  -2.6549072701   -4.7795448487   -1.4288260544
  -1.6083854547   -4.6290777274   -1.4288260544
  -0.8093439477   -3.9367043203   -1.4288260544
  -0.0480413505   -2.9222482920   -2.3911513373
  -2.9085288267   -5.2034109335   -2.3911513373
  -1.8672078528   -5.2034109335   -2.3911513373
  -0.9290100738   -4.7515986957   -2.3911513373
  -0.2797570662   -3.9374611750   -2.3911513373
  -0.0480413505   -2.9222482920   -3.4592518203
  -2.9085288267   -5.2034109335   -3.4592518203
  -1.8672078528   -5.2034109335   -3.4592518203
  -0.9290100738   -4.7515986957   -3.4592518203
  -0.2797570662   -3.9374611750   -3.4592518203
  -0.5114727818   -2.9222482920   -4.4215771033
  -1.6083854547   -4.6290777274   -4.4215771033
  -0.8093439477   -3.9367043203   -4.4215771033
  -2.2458788443    2.5823359242   -2.7242612548
  -3.1840766232    2.1305236865   -2.7242612548
  -0.1466939652    1.3156293111   -3.6865865378
  -0.9457354722    2.0080027182   -3.6865865378
  -1.9922572877    2.1584698394   -3.6865865378
  -2.9539961295    1.7192584270   -3.6865865378
  -0.6838973834    0.3011732828   -4.3525362963
  -1.2045578704    1.2029836996   -4.3525362963
  -2.2458788443    1.2029836996   -4.3525362963
  -1.7252183573    0.3011732828   -4.5902110133
  -0.3692328460    3.8050698249   -0.6533060804
   0.6720881279    3.8050698249   -1.7214065634
  -0.3692328460    3.8050698249   -1.7214065634
   2.0278231989    1.5239071834   -2.6837318463
   1.7299520330    2.5383632117   -2.6837318463
   0.9309105260    3.2307366188   -2.6837318463
  -0.1156112894    3.3812037401   -2.6837318463
  -1.0773501313    2.9419923276   -2.6837318463
   1.1927486148    1.5239071834   -3.3496816048
   0.6720881279    2.4257176003   -3.3496816048
  -0.3692328460    2.4257176003   -3.3496816048
   0.1514276410    1.5239071834   -3.5873563219
  -0.2003020748   -0.7986005805    6.5912794771
   0.8812574055   -0.7986005805    6.4199772841
  -1.2818615552   -0.7986005805    6.4199772841
   0.3404776653   -1.7352585661    6.4199772841
   1.8569463082   -0.7986005805    5.9228389574
   1.5813272868    0.2300236110    5.9228389574
   0.8283221167   -2.5802299421    5.9228389574
   1.5813272868   -1.8272247720    5.9228389574
   2.4157177741    0.2849903204    5.1485278601
  -2.8163219238    0.2849903204    5.1485278601
   0.8832888260   -3.4146204294    5.1485278601
  -3.1278044218    0.7856844630    4.1728389574
   0.6168449279   -4.0254411199    4.1728389574
  -3.3536931125    0.7199925064    3.0912794771
   0.0612532527   -4.2888138706    3.0912794771
   1.0783915104   -4.0566587007    3.0912794771
  -0.4751837610   -4.1159291969    2.0097199967
   0.6168449279   -4.0254411199    2.0097199967
  -0.2003020748   -3.6301600608    1.0340310940
   0.8832888260   -3.4146204294    1.0340310940
  -1.2007080298   -1.6275040577    6.4932135419
  -1.7364648351   -0.6995460504    6.2800762329
  -2.2722216404   -1.6275040577    6.2800762329
  -1.7364648351   -2.5554620650    6.2800762329
  -0.6649512245   -2.5554620650    6.2800762329
  -2.9153508497   -0.6375545640    5.6731125292
  -3.1806070171   -1.6275040577    5.6731125292
  -2.9153508497   -2.6174535514    5.6731125292
  -2.1906575235   -3.3421468776    5.6731125292
  -1.2007080298   -3.6074030450    5.6731125292
  -0.2107585361   -3.3421468776    5.6731125292
  -3.2935239090   -0.1069843182    4.7647271525
  -3.7310415645   -1.0896650617    4.7647271525
  -3.7310415645   -2.1653430537    4.7647271525
  -3.2935239090   -3.1480237972    4.7647271525
  -2.4941393753   -3.8677928642    4.7647271525
  -1.4711088116   -4.2001956442    4.7647271525
  -0.4013234962   -4.0877566768    4.7647271525
  -3.9530327089   -1.1130054078    3.6932135419
  -3.9530327089   -2.1420027076    3.6932135419
  -3.5813160098   -3.1015141138    3.6932135419
  -2.8880850117   -3.8619522941    3.6932135419
  -1.9669644020   -4.3206158586    3.6932135419
  -0.9423566233   -4.4155597513    3.6932135419
  -1.4711088116   -4.2001956442    2.6216999313
   2.2505534675   -1.2100154887    5.6434025916
   3.1589388442   -1.2100154887    5.0364388878
   2.8936826769   -0.2200659950    5.0364388878
   2.1689893506   -2.9246583086    5.0364388878
   2.8936826769   -2.1999649823    5.0364388878
   3.7659025480   -1.2100154887    4.1280535111
   3.5422565179   -0.1578436416    4.1280535111
   2.9099888579    0.7123981344    4.1280535111
   1.9784243906   -3.6702681077    4.1280535111
   2.9099888579   -3.1324291117    4.1280535111
   3.5422565179   -2.2621873357    4.1280535111
   1.4373912634   -3.9980711823    3.0565399005
   2.4271072531   -3.7164727045    3.0565399005
   3.2482648251   -3.0963632909    3.0565399005
   3.7899620993   -2.2214921540    3.0565399005
   1.9784243906   -3.6702681077    1.9850262899
   2.9099888579   -3.1324291117    1.9850262899
  -0.2777587798    0.6034230049    6.6353604415
   0.7937548308    0.6034230049    6.4222231325
   0.2579980255    1.5313810122    6.4222231325
  -0.8135155851    1.5313810122    6.4222231325
  -1.3492723904    0.6034230049    6.4222231325
   1.7021402075    0.6034230049    5.8152594288
   1.4368840401    1.5933724985    5.8152594288
   0.7121907138    2.3180658248    5.8152594288
  -0.2777587798    2.5833219922    5.8152594288
  -1.2677082735    2.3180658248    5.8152594288
  -1.9924015998    1.5933724985    5.8152594288
  -2.2576577671    0.6034230049    5.8152594288
  -0.5481595616    3.1761145914    4.9068740521
  -1.5711901253    2.8437118114    4.9068740521
  -2.3705746590    2.1239427444    4.9068740521
  -2.8080923145    1.1412620009    4.9068740521
  -1.0440151520    3.2965348057    3.8353604415
  -1.9651357617    2.8378712412    3.8353604415
  -2.6583667599    2.0774330609    3.8353604415
  -0.5481595616    3.1761145914    2.7638468308
  -1.5711901253    2.8437118114    2.7638468308
  -2.3705746590    2.1239427444    2.7638468308
   2.3371778250    1.1399427787    5.0533968220
   2.0393066591    2.1543988070    5.0533968220
   1.2402651521    2.8467722141    5.0533968220
   2.8006092563    1.1399427787    4.0910715390
   2.5688935406    2.1551556617    4.0910715390
   1.9196405329    2.9692931824    4.0910715390
   0.9814427540    3.4211054202    4.0910715390
  -0.0598782199    3.4211054202    4.0910715390
  -0.0598782199    3.4211054202    3.0229710560
   4.6119805963   -2.4274026358    1.4085435761
   5.6585024118   -2.2769355146    1.4085435761
   6.4575439188   -1.5845621074    1.4085435761
   4.3583590398   -2.8512687206    0.4462182932
   5.3996800136   -2.8512687206    0.4462182932
   6.3378777926   -2.3994564828    0.4462182932
   6.9871308003   -1.5853189621    0.4462182932
   4.3583590398   -2.8512687206   -0.6218821898
   5.3996800136   -2.8512687206   -0.6218821898
   6.3378777926   -2.3994564828   -0.6218821898
   4.6119805963   -2.4274026358   -1.5842074728
   5.6585024118   -2.2769355146   -1.5842074728
   5.3996800136   -1.4719164960   -2.2501572313
   7.1230094648    1.6693540600    1.8430835142
   6.6099792498    2.5579484582    1.8430835142
   8.0253118639    1.6693540600    1.3221389812
   7.7191910774    2.7119057162    1.3221389812
   7.7191910774    0.6268024037    1.3221389812
   8.6950252462    1.6693540600    0.5240056518
   8.4704097563    0.6126212633    0.5240056518
   9.0513722939    1.6693540600   -0.4550498152
   4.2466984498    2.2126366503   -3.2741276775
   4.8341399373    0.2119946727   -3.2741276775
   5.8225143907   -0.2393808160   -3.2741276775
   7.7191910774    0.6268024037   -3.2741276775
   5.0708886049    1.6693540600   -3.7950722105
   5.5839188198    0.7807596618   -3.7950722105
   6.6099792498    0.7807596618   -3.7950722105
   6.0969490348    1.6693540600   -3.9759943482
   7.1119917066    3.6173352043    1.2356794923
   8.5561338886    2.6893771970    0.6287157886
   8.2908777212    3.6793266907    0.6287157886
   7.5661843949    4.4040200170    0.6287157886
   6.5762349012    4.6692761843    0.6287157886
   9.1630975923    2.6893771970   -0.2796695881
   8.9394515622    3.7415490441   -0.2796695881
   8.3071839023    4.6117908201   -0.2796695881
   7.3756194349    5.1496298161   -0.2796695881
   6.3058341195    5.2620687836   -0.2796695881
   9.3762349012    2.6893771970   -1.3511831987
   9.1871571436    3.7008538623   -1.3511831987
   8.6454598695    4.5757249992   -1.3511831987
   7.8243022974    5.1958344128   -1.3511831987
   6.8345863077    5.4774328906   -1.3511831987
   5.8099785290    5.3824889979   -1.3511831987
   9.1871571436    1.6779005317   -1.3511831987
   9.1630975923    2.6893771970   -2.4226968093
   8.9394515622    3.7415490441   -2.4226968093
   8.3071839023    4.6117908201   -2.4226968093
   7.3756194349    5.1496298161   -2.4226968093
   6.3058341195    5.2620687836   -2.4226968093
   5.2828035557    4.9296660036   -2.4226968093
   8.9394515622    1.6372053500   -2.4226968093
   8.5561338886    2.6893771970   -3.3310821860
   8.2908777212    3.6793266907   -3.3310821860
   7.5661843949    4.4040200170   -3.3310821860
   6.5762349012    4.6692761843   -3.3310821860
   5.5862854076    4.4040200170   -3.3310821860
   4.8615920813    3.6793266907   -3.3310821860
   8.2908777212    1.6994277034   -3.3310821860
   7.6477485119    2.6893771970   -3.9380458897
   7.1119917066    3.6173352043   -3.9380458897
   6.0404780959    3.6173352043   -3.9380458897
   5.5047212906    2.6893771970   -3.9380458897
   7.1119917066    1.7614191897   -3.9380458897
   6.5762349012    2.6893771970   -4.1511831987
   7.4321379767   -0.9866832631    0.4383428721
   8.2311794837   -0.2943098560    0.4383428721
   8.9924820809    0.7201461723   -0.5239824109
   7.1733155786   -1.5610164692   -0.5239824109
   8.1115133575   -1.1092042314   -0.5239824109
   8.7607663652   -0.2950667107   -0.5239824109
   8.9924820809    0.7201461723   -1.5920828939
   7.1733155786   -1.5610164692   -1.5920828939
   8.1115133575   -1.1092042314   -1.5920828939
   8.7607663652   -0.2950667107   -1.5920828939
   8.5290506496    0.7201461723   -2.5544081768
   6.3856161613   -1.1371503844   -2.5544081768
   7.4321379767   -0.9866832631   -2.5544081768
   8.2311794837   -0.2943098560   -2.5544081768
   7.1733155786   -0.1816642446   -3.2203579353
