    0.0064601490
    0.0050485230
    0.0026060908
    0.0174615352
    0.0061537458
    0.0068738167
    0.0171666512
    0.0091178218
    0.0038311267
    0.0115855388
    0.0118869150
    0.0058239740
    0.0126226896
    0.0092222475
   -0.0018310151
    0.0003884830
    0.0041262502
    0.0035030660
    0.0022265550
    0.0055843105
    0.0036485388
    0.0047194955
    0.0045133001
   -0.0148081977
   -0.0139137560
    0.0018726353
    0.0030596555
    0.0023637689
   -0.0027467093
    0.0005844897
   -0.0046506281
    0.0019953731
    0.0050853887
    0.0131166116
    0.0045323523
    0.0057200602
    0.0153563194
    0.0070603478
    0.0074520238
    0.0229189428
    0.0051287980
    0.0101075685
    0.0009158780
    0.0013656249
    0.0034840659
    0.0100704265
    0.0085881180
    0.0109527164
    0.0045791424
    0.0102057821
    0.0085428444
    0.0150342000
    0.0080754445
    0.0114922682
    0.0047105986
    0.0230238596
   -0.0012515268
    0.0094190773
    0.0135089648
    0.0101074077
    0.0091032466
   -0.0036312844
    0.0043731278
    0.0125138220
    0.0139871114
    0.0194029122
    0.0101782229
   -0.0151809802
   -0.0101143638
   -0.0057424836
   -0.0125401213
    0.0073902578
    0.0053971220
   -0.0045464744
    0.0002276304
    0.0001012204
    0.0189793684
    0.0197403389
    0.0091110305
    0.0042918917
    0.0004291805
    0.0022715512
    0.0008791057
   -0.0060815417
    0.0038187029
    0.0181623131
    0.0022670312
    0.0100790307
    0.0231355938
    0.0108597350
    0.0165974385
    0.0187781548
    0.0220883155
    0.0244981771
    0.0269130339
    0.0242929839
    0.0271532195
    0.0280103870
    0.0276014215
    0.0297906971
    0.0248792901
    0.0253868307
   -0.0057119153
    0.0027722344
   -0.0039460974
    0.0013628682
    0.0089131352
   -0.0219426651
   -0.0140562961
    0.0020480365
    0.0120857804
    0.0140709693
    0.0112266212
    0.0160743423
    0.0126814349
    0.0177682846
    0.0107862885
   -0.0002208467
    0.0147599457
    0.0238119684
   -0.0110586600
    0.0125598412
    0.0208244536
    0.0042635912
    0.0134989592
    0.0020749749
   -0.0090571661
    0.0020204713
    0.0143493482
   -0.0135452604
   -0.0123381698
   -0.0013642830
    0.0143804705
    0.0044778494
   -0.0134192701
    0.0024118745
   -0.0012058436
   -0.0070578077
    0.0014165354
    0.0052550485
    0.0084533209
    0.0133384695
   -0.0107525132
   -0.0126088999
   -0.0149151124
   -0.0046132961
   -0.0042082003
    0.0009051814
   -0.0055475731
    0.0013377310
    0.0045023779
    0.0154514207
   -0.0051618059
    0.0016846612
   -0.0082067525
    0.0114806443
    0.0128729763
   -0.0015823462
   -0.0126148751
    0.0056255413
    0.0219614753
    0.0195798332
    0.0265413638
    0.0210734617
    0.0126763821
    0.0167264233
    0.0226163762
    0.0249361642
    0.0232017391
    0.0198088368
    0.0285901072
    0.0226214941
    0.0249875979
    0.0245757961
    0.0008960817
   -0.0123107594
    0.0008112190
    0.0026707603
    0.0125028525
    0.0055929937
   -0.0073762015
    0.0053094996
    0.0119400701
   -0.0118385573
   -0.0030912150
   -0.0173278201
   -0.0233192833
   -0.0219617316
   -0.0095134801
   -0.0126670093
   -0.0167222479
   -0.0151023919
   -0.0044508044
    0.0162206632
    0.0237940001
    0.0227845494
    0.0173310275
    0.0147026992
    0.0223099280
    0.0213216939
    0.0211201873
    0.0244713167
    0.0228286762
    0.0241260745
    0.0243025102
    0.0137043424
    0.0151891002
    0.0198127386
    0.0197963743
    0.0101144014
    0.0179581539
    0.0209327986
    0.0234370865
    0.0203672544
    0.0103938951
    0.0178732800
    0.0249417502
    0.0242041835
    0.0243844210
    0.0205976539
    0.0246997203
    0.0224299274
    0.0136557474
    0.0196353586
    0.0248037377
    0.0238160765
    0.0171638456
    0.0201404044
    0.0246890264
    0.0230993240
    0.0279802398
    0.0170847129
    0.0122379913
    0.0209515093
    0.0191288265
    0.0067534445
    0.0172795529
    0.0218676525
    0.0213963364
    0.0111101983
    0.0207757615
    0.0240536628
    0.0225371706
    0.0267432779
    0.0315560223
    0.0231632865
    0.0268025327
    0.0297553262
    0.0205173821
    0.0172547382
    0.0228654006
    0.0309187740
    0.0218235312
    0.0203447445
    0.0265425907
    0.0315471185
    0.0282462705
    0.0273801607
    0.0323017806
    0.0348268783
    0.0258657447
    0.0329949291
   -0.0267807156
   -0.0188262725
   -0.0299575284
   -0.0432013419
   -0.0187805095
   -0.0411106096
   -0.0210777695
    0.0094419474
   -0.0057501899
   -0.0525449512
   -0.0506409224
   -0.0539778621
   -0.0547956549
   -0.0538816762
   -0.0480253805
   -0.0496535064
   -0.0495187323
   -0.0523394424
   -0.0543005574
   -0.0360017081
   -0.0400089358
   -0.0409538065
   -0.0445405679
   -0.0478711639
   -0.0457824104
   -0.0298398316
   -0.0273314969
   -0.0439590563
   -0.0251511278
   -0.0486442749
   -0.0425147994
   -0.0311186128
   -0.0512176903
   -0.0478156531
   -0.0342687701
   -0.0298971455
   -0.0037295487
   -0.0437011784
   -0.0446461205
   -0.0386838617
   -0.0338059868
   -0.0249132255
   -0.0318842400
   -0.0166642920
   -0.0113380963
   -0.0266774803
   -0.0388152391
   -0.0373858934
   -0.0250433723
   -0.0100515671
   -0.0299415134
   -0.0376952778
   -0.0100002094
   -0.0250068993
   -0.0243906674
    0.0076318310
   -0.0097674521
    0.0170861060
    0.0235180693
    0.0261780342
    0.0387277149
    0.0361586892
    0.0240691790
    0.0344255337
    0.0324295064
    0.0207708957
    0.0173399962
    0.0183097325
    0.0301938243
    0.0257173655
    0.0249840239
    0.0271456063
    0.0239877102
    0.0276339939
    0.0317162532
    0.0273720605
    0.0137977022
    0.0019884591
    0.0243931266
    0.0030246126
    0.0100902561
    0.0206205105
    0.0141449509
   -0.0019315288
   -0.0155126659
   -0.0247043568
   -0.0132473284
   -0.0295320960
   -0.0370743955
   -0.0364783908
   -0.0249860964
   -0.0400797901
   -0.0450538846
   -0.0438528693
   -0.0397992827
   -0.0188273577
   -0.0435797387
   -0.0469215428
   -0.0438300598
   -0.0370957026
   -0.0226201003
   -0.0236436489
   -0.0389009423
   -0.0407173991
   -0.0330350717
   -0.0184072119
   -0.0206398909
   -0.0294543767
    0.0194091653
    0.0282794438
    0.0119555501
    0.0311361450
    0.0216471374
    0.0076676901
    0.0351894173
    0.0272590574
    0.0196055964
    0.0075959059
    0.0276149132
    0.0207211939
    0.0087340081
    0.0078215833
    0.0058495398
    0.0037442104
    0.0078773497
    0.0135325090
    0.0176785363
    0.0141943350
    0.0073030242
    0.0137861800
    0.0119429657
   -0.0042883981
   -0.0048720762
   -0.0000448688
    0.0000595768
   -0.0008993456
   -0.0004697969
    0.0018829848
    0.0017303521
   -0.0050383312
   -0.0041781156
   -0.0047516552
   -0.0087784103
   -0.0023927081
   -0.0019263796
   -0.0004379410
   -0.0006282101
   -0.0012749906
   -0.0037681247
    0.0140952069
    0.0072178740
    0.0136493342
    0.0066064755
    0.0112172067
   -0.0002005402
    0.0052619112
    0.0058964287
    0.0027996360
    0.0188705211
    0.0185594556
    0.0089827083
    0.0069613555
   -0.0004124773
    0.0103684139
    0.0101057047
    0.0099024555
   -0.0013352038
    0.0049182703
    0.0137310148
    0.0084790341
    0.0205029782
    0.0127229113
    0.0192871618
    0.0110564233
   -0.0169165420
   -0.0101911007
   -0.0049344861
   -0.0183695357
    0.0087887199
    0.0120562668
    0.0080934324
    0.0060833735
   -0.0040325643
   -0.0004437482
   -0.0016076844
    0.0051728977
    0.0143580388
    0.0049137430
    0.0064110305
    0.0054346858
    0.0015862786
   -0.0011131741
   -0.0056816467
   -0.0006787370
    0.0101058139
    0.0088830159
    0.0044711982
    0.0099062289
    0.0190569589
    0.0138117658
    0.0181018563
    0.0157646119
    0.0181399473
    0.0208773341
    0.0205802622
    0.0133354816
    0.0217957998
    0.0222140815
    0.0231792751
    0.0226938396
    0.0198386758
    0.0234209306
    0.0229951827
    0.0239441580
    0.0266971836
    0.0210497153
    0.0002647927
    0.0035493211
    0.0033996449
    0.0093146220
   -0.0074324932
    0.0024217640
   -0.0010731604
    0.0043175178
    0.0119900924
    0.0099061391
    0.0109590209
    0.0158723040
    0.0058035397
   -0.0022018892
    0.0087538072
    0.0168162642
    0.0022406025
    0.0127504063
    0.0195453152
    0.0035738422
    0.0133272065
    0.0171491460
   -0.0040240062
    0.0081742368
   -0.0006449486
   -0.0014611838
   -0.0124239197
   -0.0075944461
    0.0011017096
    0.0119992664
    0.0047832413
   -0.0065931604
    0.0006905546
    0.0129229225
    0.0064015064
    0.0023073112
    0.0013264298
    0.0081678989
    0.0117683764
    0.0144851457
   -0.0087963037
   -0.0101522272
   -0.0055732039
   -0.0086996242
    0.0012209445
    0.0111182016
    0.0035745097
    0.0005413146
    0.0060735260
    0.0081976827
    0.0024468494
   -0.0066412036
    0.0143017191
    0.0067364851
   -0.0041580771
   -0.0102448109
    0.0122760746
    0.0092017188
    0.0179726176
    0.0099550038
    0.0157913297
    0.0201894404
    0.0214046423
    0.0185731007
    0.0138230818
    0.0145069806
    0.0170611666
    0.0200933486
    0.0209616010
    0.0198683087
    0.0180762108
    0.0228380046
    0.0218621493
    0.0199674900
    0.0210320448
    0.0209890268
    0.0112412069
   -0.0011456399
   -0.0096266668
    0.0018929251
    0.0041403827
    0.0098129692
    0.0026626375
    0.0070253287
   -0.0022290562
   -0.0123098430
   -0.0163724070
   -0.0130973072
   -0.0117367715
   -0.0154874083
   -0.0156310143
   -0.0108664303
   -0.0014114184
    0.0219022886
    0.0146714990
    0.0088275564
    0.0117539156
    0.0146394716
    0.0192496017
    0.0205893041
    0.0181772007
    0.0154952013
    0.0158377095
    0.0221884774
    0.0189659737
    0.0182067804
    0.0202362982
    0.0201915901
    0.0195979565
    0.0209089903
    0.0204363752
    0.0093668353
    0.0143297566
    0.0154527760
    0.0115297847
    0.0030461079
    0.0149632353
    0.0168142776
    0.0185093572
    0.0175091982
    0.0125592620
    0.0043968208
    0.0150184610
    0.0179971213
    0.0203058890
    0.0194113735
    0.0134013660
    0.0181593047
    0.0209306930
    0.0199784206
    0.0152152206
    0.0185078465
    0.0208043038
    0.0201073345
    0.0164157248
    0.0095954178
    0.0157288696
    0.0200227993
    0.0208305839
    0.0184042075
    0.0135345792
    0.0174511575
    0.0207921923
    0.0212652832
   -0.0021078221
    0.0078098581
    0.0162278262
    0.0060778388
    0.0128364396
    0.0160409568
    0.0179583939
    0.0153208151
    0.0057839930
    0.0134807097
    0.0177386814
    0.0191091493
    0.0183644267
    0.0144504814
    0.0193505882
    0.0205357809
    0.0177610503
    0.0235801233
    0.0310969400
    0.0282185253
    0.0220630838
    0.0132672322
    0.0222285825
    0.0245008531
    0.0194607469
    0.0092139719
    0.0154262297
    0.0175939715
    0.0262367555
    0.0215237585
    0.0177995701
    0.0219876568
    0.0266047841
    0.0264274016
    0.0263214565
    0.0159945008
    0.0235705736
    0.0267300702
    0.0290066650
    0.0229996135
    0.0284649336
   -0.0281849182
   -0.0211056338
   -0.0300284633
   -0.0378494116
   -0.0408846283
   -0.0094261657
   -0.0152693802
   -0.0297215110
   -0.0092188715
   -0.0165775849
   -0.0037116077
   -0.0435902364
   -0.0428450483
   -0.0448818019
   -0.0456770745
   -0.0446293965
   -0.0413111517
   -0.0422135975
   -0.0426548169
   -0.0444636625
   -0.0455858824
   -0.0324383195
   -0.0357179752
   -0.0365269437
   -0.0377810503
   -0.0403334782
   -0.0423745196
   -0.0427308000
   -0.0224640802
   -0.0233215965
   -0.0270503205
   -0.0319738189
   -0.0338622310
   -0.0345300008
   -0.0391419926
   -0.0345124446
   -0.0235278473
   -0.0424361884
   -0.0395330375
   -0.0298671976
   -0.0240973550
   -0.0016277487
   -0.0397025629
   -0.0379487440
   -0.0336735657
   -0.0316187803
   -0.0301819539
   -0.0235428958
   -0.0198160812
   -0.0260672369
   -0.0159956971
   -0.0121269322
   -0.0221937749
   -0.0320727910
   -0.0336945938
   -0.0245239368
   -0.0027230270
    0.0062810105
   -0.0106386324
   -0.0247595443
   -0.0335166625
   -0.0037943344
   -0.0185011238
   -0.0255442567
    0.0025598015
   -0.0115298192
   -0.0147109033
    0.0083594738
   -0.0016817205
    0.0070786115
    0.0134730453
    0.0151779117
    0.0258097565
    0.0257430656
    0.0157663783
    0.0275523232
    0.0302250476
    0.0261179094
    0.0124196183
    0.0214375618
    0.0178235363
    0.0183438239
    0.0199502172
    0.0207988038
    0.0210591514
    0.0230956089
    0.0258745597
    0.0203711550
    0.0235866916
    0.0277617355
    0.0184028130
    0.0240195198
    0.0086970833
    0.0005978800
    0.0158356302
    0.0028789923
   -0.0070125888
    0.0184088836
    0.0052886805
    0.0132456085
    0.0079027491
   -0.0036084643
   -0.0097872068
   -0.0167552636
   -0.0083532226
   -0.0195056747
   -0.0266294085
   -0.0258256929
   -0.0145779607
   -0.0275804786
   -0.0331650050
   -0.0333289750
   -0.0297890423
   -0.0113498953
   -0.0324867996
   -0.0369091873
   -0.0362685268
   -0.0328547803
   -0.0239247324
   -0.0181746088
   -0.0328683932
   -0.0364438397
   -0.0342072409
   -0.0280108065
   -0.0172713240
   -0.0053241622
   -0.0186439390
   -0.0289540079
   -0.0310956091
   -0.0250429153
   -0.0144298702
   -0.0070226359
   -0.0161172655
   -0.0223675585
    0.0216181390
    0.0097985600
    0.0247011827
    0.0170913477
    0.0053340252
    0.0283438352
    0.0206948146
    0.0143173934
    0.0029229533
    0.0252855608
    0.0200856694
    0.0136461537
    0.0039915707
    0.0195989913
    0.0144734539
    0.0056515653
    0.0053276969
    0.0109663964
    0.0066682094
    0.0116510074
    0.0118252044
    0.0064071482
    0.0192510842
    0.0152054248
    0.0099065689
    0.0181044536
    0.0132627209
   -0.0102395163
   -0.0018989137
   -0.0023456431
   -0.0010593245
    0.0022406318
    0.0029772598
   -0.0067407807
   -0.0069845504
   -0.0087586489
   -0.0138018250
   -0.0034370351
   -0.0051455410
   -0.0041710828
   -0.0031223892
   -0.0034799301
   -0.0035948987
    0.0117563477
    0.0065106732
    0.0136097878
    0.0092180446
    0.0163463636
    0.0075990368
    0.0122776514
   -0.0036707016
    0.0012031610
    0.0028933501
    0.0048115874
    0.0179522625
    0.0191841587
    0.0081170541
    0.0006478987
    0.0116566873
    0.0006281353
    0.0056640175
    0.0133425838
    0.0068915936
    0.0162679182
    0.0187383934
    0.0121919346
    0.0118987733
   -0.0100908610
   -0.0037680126
    0.0081255582
    0.0105433798
    0.0093357758
    0.0072315136
   -0.0030249792
   -0.0000778552
   -0.0017515052
    0.0031593979
    0.0115987528
   -0.0038754382
    0.0050758907
    0.0062445205
    0.0015515178
   -0.0021282902
   -0.0048770158
   -0.0033953842
    0.0057828155
    0.0061870080
    0.0074540535
    0.0090442404
    0.0145020112
    0.0063346647
    0.0100382786
    0.0164225367
    0.0119774626
    0.0158558449
    0.0147310965
    0.0172678264
    0.0179909010
    0.0155318136
    0.0186905687
    0.0195828578
    0.0198455974
    0.0186774721
    0.0197320289
    0.0207047359
    0.0227000879
    0.0190471343
   -0.0006499470
    0.0055424739
    0.0047521277
    0.0092015407
   -0.0074428552
    0.0011009080
   -0.0024742494
    0.0032908274
    0.0109884701
    0.0079611850
    0.0096822617
    0.0152958483
   -0.0052791070
    0.0047009952
    0.0122537942
   -0.0027032377
    0.0080423629
    0.0148734657
   -0.0019725091
    0.0088107164
    0.0142039011
   -0.0061056692
    0.0063427869
   -0.0045884469
   -0.0065979886
   -0.0002064321
   -0.0068045074
   -0.0004632319
    0.0138325710
    0.0111880316
   -0.0103499336
   -0.0068874381
    0.0092990293
   -0.0026984750
    0.0019313426
    0.0086557644
    0.0132673026
    0.0084783550
    0.0050359056
    0.0052429241
    0.0100111192
   -0.0096487149
   -0.0098303307
   -0.0085640445
    0.0045982595
    0.0008470060
   -0.0021557268
    0.0044978438
    0.0050067661
    0.0077179604
    0.0073669986
    0.0051462745
    0.0089070448
    0.0102970056
    0.0163555444
   -0.0061809590
    0.0065013345
   -0.0020722547
   -0.0076900456
    0.0123438799
    0.0137589321
   -0.0084996265
    0.0111726977
    0.0163093133
    0.0100117260
    0.0146104969
    0.0180191210
    0.0189323510
    0.0164001090
    0.0129932007
    0.0130660490
    0.0153889126
    0.0175638365
    0.0181106702
    0.0173554827
    0.0161814658
    0.0197021021
    0.0173489879
    0.0181363209
    0.0184699143
    0.0080461320
   -0.0008679413
   -0.0079879597
    0.0087457704
    0.0091816872
    0.0023411480
   -0.0045018223
    0.0057671636
    0.0101091552
    0.0054161878
    0.0086286443
    0.0026229995
   -0.0049804003
   -0.0111354907
   -0.0121545085
   -0.0075553691
   -0.0111243586
   -0.0125982446
   -0.0109793780
   -0.0057965682
    0.0161763602
    0.0101775599
    0.0125519935
    0.0161777900
    0.0182465628
    0.0170394754
    0.0144961521
    0.0130810492
    0.0149980370
    0.0168639894
    0.0160045930
    0.0175764448
    0.0174045660
    0.0170040466
    0.0185369267
    0.0177505896
    0.0064513642
    0.0112770160
    0.0122448829
    0.0086582889
    0.0005936709
    0.0138672430
    0.0153416157
    0.0152475600
    0.0125596673
    0.0069993330
    0.0153781068
    0.0173585273
    0.0177115298
    0.0146140658
    0.0182753370
    0.0180482980
    0.0153749147
    0.0098391345
    0.0156245040
    0.0177318634
    0.0177854224
    0.0157971886
    0.0116574442
    0.0132070629
    0.0168411860
    0.0181023444
    0.0171587034
    0.0143022890
    0.0184374065
    0.0189923072
    0.0051618865
    0.0134657901
    0.0059509946
    0.0107036853
    0.0130867677
    0.0156012604
    0.0140877415
    0.0068319544
    0.0121416076
    0.0150975723
    0.0161686647
    0.0164080274
    0.0141721074
    0.0172177753
    0.0178715460
    0.0261577761
    0.0207894048
    0.0144870204
    0.0192685388
    0.0211251285
    0.0159456943
    0.0140695085
    0.0243235749
    0.0206026188
    0.0142052995
    0.0174908659
    0.0224932669
    0.0233773252
    0.0229115968
    0.0136479372
    0.0201976646
    0.0229858211
    0.0254989869
    0.0250836650
   -0.0266083823
   -0.0209483334
   -0.0280033609
   -0.0236108395
   -0.0326690689
   -0.0306762198
   -0.0295734001
   -0.0363429476
   -0.0179879107
   -0.0317744363
   -0.0203384035
   -0.0204982507
   -0.0057556303
   -0.0113228584
    0.0001586873
   -0.0369941488
   -0.0366526817
   -0.0378502587
   -0.0386389106
   -0.0379354296
   -0.0348695575
   -0.0350902466
   -0.0356196179
   -0.0365661727
   -0.0380469228
   -0.0386623394
   -0.0283708546
   -0.0297197043
   -0.0306230611
   -0.0322785038
   -0.0343423472
   -0.0358360553
   -0.0162884505
   -0.0188691399
   -0.0230280442
   -0.0266619911
   -0.0280241204
   -0.0284294939
   -0.0333437397
   -0.0277849332
   -0.0190384201
   -0.0353684755
   -0.0322219911
   -0.0234259649
   -0.0187297794
   -0.0020507851
   -0.0330095622
   -0.0305049569
   -0.0267408908
   -0.0254811183
   -0.0226135900
   -0.0164114448
   -0.0127512773
   -0.0221453532
   -0.0139760822
   -0.0100975480
   -0.0183210936
   -0.0275831997
   -0.0045139666
    0.0065567084
   -0.0047344430
   -0.0164754077
   -0.0251672374
   -0.0349649157
    0.0019542746
   -0.0107954161
   -0.0187544802
   -0.0250545178
    0.0076030100
   -0.0048852319
   -0.0110992013
    0.0087999446
    0.0185858852
    0.0201159546
    0.0138675009
    0.0088481083
    0.0200441064
    0.0237313871
    0.0219022976
    0.0142181182
    0.0090661642
    0.0181836556
    0.0134513815
    0.0149103276
    0.0165530979
    0.0169125576
    0.0177114042
    0.0195743682
    0.0223148303
    0.0181137044
    0.0205918265
    0.0245240736
    0.0209227525
    0.0054841768
   -0.0002689858
    0.0103619066
    0.0024055140
   -0.0075364898
    0.0118880193
   -0.0038761277
    0.0142490229
    0.0172573860
    0.0029818628
    0.0089434867
    0.0045572979
   -0.0037856914
   -0.0129486299
   -0.0151279283
   -0.0210918143
   -0.0208959437
   -0.0136835034
   -0.0215521258
   -0.0265369543
   -0.0271049667
   -0.0243632226
   -0.0152084357
   -0.0254170842
   -0.0295820538
   -0.0296279958
   -0.0269814216
   -0.0202901228
   -0.0144367458
   -0.0257487229
   -0.0292707017
   -0.0281138869
   -0.0235717803
   -0.0154337989
   -0.0068248330
   -0.0150835400
   -0.0226551075
   -0.0247906814
   -0.0193867693
   -0.0103431459
   -0.0117171583
   -0.0171952872
    0.0179949195
    0.0069183860
    0.0197444687
    0.0134586564
    0.0027310122
    0.0229594485
    0.0166257167
    0.0109119640
    0.0004241791
    0.0209222559
    0.0160829743
    0.0101683613
    0.0013918929
    0.0164770478
    0.0117422033
    0.0029689010
    0.0033667560
    0.0094831366
    0.0069832073
    0.0064797596
    0.0095392301
    0.0145951274
    0.0127708618
    0.0079543515
    0.0202939009
    0.0111273038
    0.0107968230
    0.0170124397
    0.0135236597
   -0.0038661785
   -0.0045228295
   -0.0054361194
    0.0013964030
    0.0010245683
   -0.0020110590
   -0.0006772166
    0.0000028361
    0.0006560582
    0.0049333741
   -0.0114920131
   -0.0118685394
   -0.0144873676
   -0.0051242886
   -0.0058394707
   -0.0062083199
   -0.0074540227
   -0.0099619724
   -0.0069184439
   -0.0038936998
   -0.0023719821
    0.0071205965
    0.0041956185
    0.0129515493
    0.0087978804
    0.0163519067
    0.0125700582
    0.0072479888
    0.0182331508
    0.0089152885
    0.0127884196
    0.0195877241
    0.0001811462
    0.0054713678
    0.0050971150
    0.0058994375
    0.0030472815
    0.0103292523
    0.0098779379
    0.0013479462
    0.0123605351
    0.0019428807
    0.0061438060
    0.0133560418
    0.0009810583
    0.0060898930
    0.0114082315
    0.0096342244
    0.0171476770
    0.0168386163
    0.0122287584
   -0.0100263140
   -0.0044060201
   -0.0065008822
    0.0088669799
    0.0111339107
    0.0083674073
    0.0099732260
    0.0081986633
   -0.0021547009
    0.0004432613
   -0.0015111797
    0.0022984840
   -0.0059388092
   -0.0013233655
    0.0113283158
    0.0141127215
    0.0098188944
   -0.0040536746
    0.0042942883
    0.0065881521
    0.0016423030
   -0.0028552571
   -0.0042344271
    0.0030810584
    0.0015157299
    0.0038692582
    0.0093302693
    0.0128796175
    0.0075067297
    0.0099899534
    0.0143111935
    0.0141189506
    0.0119452373
    0.0143481637
    0.0151596647
    0.0136047167
    0.0150038034
    0.0161428901
    0.0166476843
    0.0158636872
    0.0168610435
    0.0171969836
    0.0179160098
    0.0184161910
    0.0172766757
    0.0186145773
    0.0219231173
   -0.0010996435
   -0.0010373877
    0.0071573709
    0.0053623575
    0.0086374093
   -0.0029315871
    0.0048958005
    0.0023242089
    0.0031141246
    0.0074005604
    0.0079652247
    0.0095262215
   -0.0036544109
    0.0035939568
    0.0100613684
   -0.0036693900
    0.0052536574
    0.0116378909
   -0.0088987310
    0.0031276413
    0.0100390763
    0.0154509096
   -0.0043974056
    0.0057849389
    0.0109875927
   -0.0067874799
    0.0041861341
   -0.0050176462
    0.0000298469
   -0.0077930234
   -0.0042651897
    0.0006534193
    0.0136862036
    0.0034950593
    0.0131208338
    0.0108278830
   -0.0052986940
   -0.0024828935
    0.0016864927
    0.0126512862
    0.0101592494
    0.0093527769
    0.0021387006
    0.0060248456
    0.0166518726
    0.0130882585
    0.0097220366
    0.0073240387
    0.0085811155
    0.0108878613
   -0.0085084176
   -0.0078057072
   -0.0077743697
   -0.0020317741
   -0.0038049386
    0.0065825437
    0.0063665232
    0.0065689363
    0.0029560824
    0.0015755878
    0.0071270138
    0.0086784526
    0.0125203760
    0.0082967717
    0.0079256203
    0.0102917515
    0.0111814394
   -0.0060993183
    0.0023558568
   -0.0034731472
    0.0133450239
    0.0097547769
    0.0024567141
   -0.0034478329
   -0.0072752620
    0.0125641372
    0.0118049261
    0.0133001019
    0.0172941580
    0.0147383448
    0.0113808687
    0.0140804131
    0.0159445731
    0.0162805151
    0.0149305424
    0.0128964837
    0.0129034155
    0.0141366077
    0.0155554462
    0.0159682262
    0.0156072744
    0.0152280774
    0.0177889797
    0.0156889299
    0.0160167146
    0.0165489128
    0.0105714003
    0.0034574505
    0.0127184438
    0.0051402967
   -0.0007333081
   -0.0056402355
    0.0094451752
    0.0091835044
    0.0118100210
    0.0074229212
    0.0017426134
    0.0065965415
    0.0094826971
    0.0104326118
    0.0143959229
   -0.0017213495
   -0.0065934766
   -0.0089958570
   -0.0076576756
   -0.0076965805
   -0.0104114977
   -0.0104315508
   -0.0079884774
   -0.0034042696
   -0.0072948435
   -0.0029335652
    0.0180728067
    0.0163259053
    0.0127923739
    0.0097554770
    0.0126151192
    0.0147854269
    0.0160381847
    0.0152686959
    0.0136216642
    0.0128319053
    0.0144236755
    0.0153948103
    0.0146814173
    0.0155902858
    0.0154454480
    0.0152976460
    0.0164503443
    0.0157412009
    0.0043558272
    0.0084306750
    0.0092253058
    0.0062480672
   -0.0003297027
    0.0113770956
    0.0124641906
    0.0121446505
    0.0098544562
    0.0054110869
    0.0134605192
    0.0144224160
    0.0146077629
    0.0130587818
    0.0091745935
    0.0158185331
    0.0177366495
    0.0173991551
    0.0163424650
    0.0136194683
    0.0142146020
    0.0157161300
    0.0158042404
    0.0144984123
    0.0116711810
    0.0134349022
    0.0153330865
    0.0158693128
    0.0150709785
    0.0129255145
    0.0093484226
    0.0151849229
    0.0160879543
    0.0155307957
    0.0138836506
    0.0169344249
    0.0178378508
    0.0030205031
    0.0072055695
    0.0095755185
    0.0130615534
    0.0056683205
    0.0094871367
    0.0118268542
    0.0129915634
    0.0144307632
    0.0089046723
    0.0123481318
    0.0142047740
    0.0148443471
    0.0153441567
    0.0164534326
    0.0166121968
    0.0179151755
    0.0138896680
    0.0227356783
    0.0220046288
    0.0181462494
    0.0122794014
    0.0166385593
    0.0178646013
    0.0132518756
    0.0116844900
    0.0194670991
    0.0213591589
    0.0201452083
    0.0137300308
    0.0161495486
    0.0197616547
    0.0210165027
    0.0216861530
    0.0182980765
    0.0203474027
    0.0228630310
    0.0223722485
   -0.0241813795
   -0.0197961261
   -0.0304303067
   -0.0253998672
   -0.0198327432
   -0.0118084757
   -0.0283630131
   -0.0254158489
   -0.0096261500
   -0.0273348921
   -0.0313802020
   -0.0185908429
   -0.0299104284
   -0.0094371747
   -0.0230753956
   -0.0250662998
   -0.0122150108
   -0.0144264497
   -0.0031116788
   -0.0057404564
   -0.0319790300
   -0.0317662208
   -0.0325676430
   -0.0332344109
   -0.0327331072
   -0.0305753355
   -0.0309543697
   -0.0315315295
   -0.0324046895
   -0.0332778408
   -0.0334983592
   -0.0261997836
   -0.0268958089
   -0.0276199467
   -0.0285086575
   -0.0297963279
   -0.0311701706
   -0.0323704091
   -0.0200229135
   -0.0209459128
   -0.0222716976
   -0.0241985507
   -0.0260952972
   -0.0275016779
   -0.0186345712
   -0.0240291428
   -0.0233821288
   -0.0168435626
   -0.0300226947
   -0.0271765210
   -0.0206349990
   -0.0159253418
   -0.0036239890
   -0.0292824992
   -0.0267158773
   -0.0237090832
   -0.0252050049
   -0.0236440977
   -0.0205134974
   -0.0168270242
   -0.0167992417
   -0.0125736534
   -0.0193715409
   -0.0135776889
   -0.0103297384
   -0.0161258838
   -0.0237338463
   -0.0073878895
    0.0010343900
    0.0018056660
   -0.0040007416
   -0.0119209121
   -0.0190872529
   -0.0258889327
    0.0022069144
   -0.0073395873
   -0.0147623316
   -0.0207639475
    0.0034075796
   -0.0053126342
   -0.0111847958
    0.0102902589
    0.0017268653
   -0.0042049426
    0.0037878810
    0.0119400584
    0.0133203824
    0.0046658229
    0.0143988600
    0.0183085851
    0.0176951819
    0.0123272782
    0.0139671079
    0.0084640200
    0.0105068560
    0.0121225377
    0.0127039712
    0.0137435429
    0.0153759576
    0.0173442378
    0.0149003502
    0.0161587538
    0.0180156636
    0.0158487179
    0.0180151122
    0.0183299982
    0.0033572851
   -0.0007834549
    0.0017722309
   -0.0050361342
    0.0086991463
   -0.0022233851
    0.0069946078
   -0.0074121945
    0.0020049770
    0.0113688147
    0.0130332729
    0.0009072635
    0.0018633954
    0.0063285212
    0.0026815358
   -0.0034374946
   -0.0092280292
   -0.0105412665
   -0.0153492098
   -0.0157084251
   -0.0114802792
   -0.0154915622
   -0.0199366160
   -0.0209082704
   -0.0189736555
   -0.0125313373
   -0.0191311757
   -0.0229404929
   -0.0239037115
   -0.0228009330
   -0.0193339319
   -0.0114035904
   -0.0112248934
   -0.0208130156
   -0.0242695777
   -0.0246546776
   -0.0228166042
   -0.0184525058
   -0.0105107668
   -0.0130060782
   -0.0202253373
   -0.0232006694
   -0.0228349649
   -0.0198894278
   -0.0145630512
   -0.0081984224
   -0.0130148012
   -0.0175748694
   -0.0194187009
   -0.0150961481
   -0.0081790905
   -0.0094287848
   -0.0133946173
    0.0169102347
    0.0114771410
    0.0025113747
    0.0196964345
    0.0139771562
    0.0090557188
   -0.0001718784
    0.0174947890
    0.0128119529
    0.0076649667
   -0.0012383255
    0.0168992624
    0.0129501879
    0.0076061690
    0.0091708576
