    0.0053145949
    0.0124099703
    0.0089561954
    0.0102422932
    0.0133587476
    0.0115725902
    0.0187921437
    0.0075485801
    0.0130320576
    0.0057505170
    0.0186542882
    0.0102525220
    0.0206712832
    0.0083518411
    0.0122673055
    0.0062873346
    0.0139175568
    0.0049279965
    0.0151708150
    0.0146161276
    0.0110138522
    0.0181173136
    0.0167686578
    0.0114322535
    0.0101296391
    0.0105789281
    0.0040658760
    0.0152825096
    0.0140995649
    0.0227138067
    0.0317948119
    0.0202325354
    0.0198331134
    0.0333143795
    0.0369016777
    0.0314277861
    0.0192087259
    0.0291907224
    0.0298963491
    0.0202441568
   -0.0051909074
   -0.0244500223
   -0.0260603423
   -0.0152936020
   -0.0182125629
   -0.0323094243
   -0.0394308614
   -0.0391851477
   -0.0339946226
   -0.0237165398
   -0.0027918938
   -0.0119131881
   -0.0283217771
   -0.0388205647
   -0.0427949740
   -0.0413112175
   -0.0355127397
   -0.0196961104
   -0.0182380899
   -0.0184146189
   -0.0295070467
   -0.0387914177
   -0.0412644837
   -0.0354314279
   -0.0348946090
   -0.0422376986
   -0.0382816545
   -0.0428373129
   -0.0441361665
   -0.0428140737
   -0.0374546335
   -0.0346839868
   -0.0255003649
   -0.0329160601
   -0.0395752939
   -0.0409613607
   -0.0408194072
   -0.0365400104
   -0.0266317725
   -0.0204955788
   -0.0178011336
   -0.0203446236
   -0.0235363185
   -0.0309500813
   -0.0317613671
   -0.0289825255
   -0.0154329496
   -0.0052457850
   -0.0119619350
   -0.0081550109
    0.0110087738
    0.0044642678
    0.0095753866
    0.0181131844
    0.0083637932
    0.0068995377
    0.0090830523
    0.0171449162
    0.0074958333
    0.0092023314
    0.0229956702
    0.0034124097
    0.0084021361
    0.0293383854
    0.0167595796
    0.0091072881
    0.0088975634
    0.0049384006
    0.0032527504
    0.0220394812
    0.0022272876
    0.0094150927
    0.0195918164
    0.0082954189
    0.0126622069
    0.0039010603
    0.0137442899
    0.0206527019
    0.0091137604
    0.0021137029
    0.0194073518
    0.0067502779
   -0.0070911552
    0.0096889296
    0.0251198055
    0.0378585659
    0.0302349089
    0.0189716956
    0.0186118318
    0.0305551056
    0.0292712123
    0.0114908262
    0.0205851779
    0.0194729347
    0.0013731261
   -0.0069736103
    0.0116519386
    0.0258785932
    0.0269162025
    0.0214726239
    0.0113594193
    0.0322976034
    0.0204308023
    0.0249565432
    0.0306188873
    0.0246459644
    0.0289548828
    0.0276835124
    0.0158591937
    0.0316144736
    0.0271844916
    0.0351137111
    0.0275703939
    0.0243068703
    0.0040337143
    0.0066683397
    0.0199207832
    0.0062782563
    0.0106755516
    0.0180219346
    0.0097334990
    0.0064210024
    0.0027554359
    0.0105538432
    0.0169728545
    0.0102105373
    0.0055947633
    0.0027214731
    0.0105954062
    0.0055904469
    0.0019835166
    0.0015630458
    0.0029902915
    0.0083241857
    0.0145148620
    0.0179614884
    0.0020278554
    0.0151350751
    0.0033746820
    0.0102835615
    0.0045654694
    0.0006148291
    0.0063828503
    0.0087492687
    0.0059009231
    0.0032758042
    0.0002873190
    0.0112675193
    0.0291310102
    0.0076036720
    0.0232215137
    0.0092517951
    0.0047281797
   -0.0042925099
    0.0249346276
    0.0095627739
    0.0138654762
    0.0227756824
    0.0160874140
    0.0059271435
   -0.0038997020
    0.0054836808
   -0.0429239701
   -0.0380161449
   -0.0294673840
   -0.0319762330
   -0.0321280729
   -0.0265488914
    0.0133394134
   -0.0044061129
   -0.0144311830
   -0.0307023886
   -0.0403331181
   -0.0346072091
   -0.0275495220
   -0.0325290284
   -0.0206103269
   -0.0310326128
   -0.0139704609
   -0.0156385098
   -0.0274304795
   -0.0069997527
   -0.0295290469
    0.0043017173
   -0.0035958906
   -0.0205331839
   -0.0307102153
   -0.0225421658
   -0.0152763724
    0.0045397874
   -0.0084195188
   -0.0380418531
   -0.0399463427
    0.0280484856
   -0.0440148577
   -0.0380226710
   -0.0162134062
    0.0132422670
    0.0101477257
   -0.0018709530
    0.0183251973
    0.0105460233
    0.0269036274
    0.0224764911
    0.0141816314
   -0.0080300215
    0.0324245099
    0.0226318446
    0.0148591799
   -0.0004648391
    0.0120988663
    0.0138972159
    0.0216609473
    0.0256018330
    0.0258371484
    0.0271518626
    0.0306996037
    0.0310903958
    0.0275852975
    0.0253700095
    0.0290138759
    0.0189236446
    0.0153694216
   -0.0111547567
    0.0171845040
    0.0312170086
   -0.0045520708
    0.0191573049
    0.0325364192
    0.0086736981
    0.0188289357
    0.0315403103
    0.0189088560
   -0.0238759328
   -0.0177122079
   -0.0410176748
   -0.0378643368
   -0.0323712251
   -0.0166434901
   -0.0510225196
   -0.0503017366
   -0.0459881850
   -0.0421220026
   -0.0348214039
   -0.0445212555
   -0.0477518434
   -0.0450782293
   -0.0401737799
   -0.0228134119
   -0.0171053430
   -0.0347847835
   -0.0403282742
   -0.0344426606
   -0.0158479585
   -0.0110019283
   -0.0268287283
   -0.0354003343
   -0.0458826654
   -0.0252415364
   -0.0094024019
   -0.0241701736
   -0.0404150761
   -0.0472913460
   -0.0549764289
   -0.0044440714
   -0.0296736847
   -0.0446033709
   -0.0498807883
   -0.0540651738
   -0.0538829246
   -0.0367848460
   -0.0455280059
   -0.0488331589
   -0.0524970723
   -0.0104773768
   -0.0334407306
   -0.0387394416
   -0.0375229178
   -0.0145698499
   -0.0072344997
    0.0010578090
   -0.0154076560
    0.0168968724
   -0.0067028795
    0.0015427174
    0.0117067811
    0.0084671845
    0.0001809374
    0.0062861639
    0.0049888843
    0.0028975310
   -0.0291802848
   -0.0138009132
   -0.0107687153
   -0.0106131235
    0.0034099474
   -0.0003992142
   -0.0024123371
    0.0016944883
   -0.0004116336
   -0.0030030994
    0.0055152137
    0.0129838255
    0.0063203093
    0.0027231379
    0.0088236686
    0.0089061902
    0.0023658299
    0.0022194638
    0.0063632003
    0.0047429148
    0.0062968250
   -0.0014474084
    0.0032117643
   -0.0040790185
    0.0303571877
    0.0351693354
    0.0293480384
    0.0225206588
    0.0239598291
    0.0248157218
    0.0264037135
    0.0301317356
    0.0270251324
    0.0261394073
    0.0325182333
    0.0262421147
    0.0377626825
    0.0304079790
    0.0264275843
    0.0244306081
    0.0272137816
    0.0276982662
    0.0249765313
    0.0249567260
   -0.0037656911
    0.0079756843
    0.0166327086
    0.0086599076
    0.0074478653
    0.0130794503
    0.0131665793
    0.0029773629
    0.0141763669
    0.0117792933
    0.0066962515
    0.0025518749
    0.0058214413
    0.0098357884
    0.0069251463
    0.0097293734
    0.0109319952
    0.0119407305
    0.0065857938
    0.0149877194
    0.0130388783
    0.0020890925
    0.0088593572
    0.0153179013
   -0.0096314362
    0.0034582836
    0.0079432122
    0.0112104304
   -0.0075549443
    0.0010397014
    0.0057262948
   -0.0005887185
    0.0035844850
    0.0146991777
    0.0324979608
    0.0099252619
    0.0161253969
    0.0222345121
    0.0271864038
    0.0079629812
    0.0121711792
    0.0139623478
    0.0097963492
    0.0058169918
    0.0070990881
   -0.0009099185
    0.0068303104
    0.0054538355
    0.0065723390
    0.0127736681
    0.0146341651
    0.0072526820
   -0.0070320176
    0.0041038605
    0.0202958918
    0.0287088586
    0.0160282900
    0.0081516236
    0.0157425804
    0.0093642837
    0.0058430911
    0.0167002601
    0.0074680046
    0.0012502344
   -0.0013448452
   -0.0103602438
   -0.0226742383
    0.0047528519
   -0.0040293890
    0.0092147321
    0.0062008858
    0.0025627039
   -0.0021237080
    0.0182598386
   -0.0046804345
   -0.0099754589
   -0.0227664713
    0.0060252563
    0.0240311907
    0.0236945869
    0.0309521352
    0.0317118036
    0.0266720508
    0.0284142563
    0.0160999755
    0.0139176654
    0.0222653414
    0.0264243395
    0.0315047702
    0.0312028104
    0.0340849406
    0.0282080543
    0.0249080605
    0.0090909082
    0.0106100357
    0.0076443017
    0.0049632803
    0.0091076828
    0.0077828965
    0.0166159301
    0.0069886228
    0.0145994341
    0.0164586930
    0.0075855247
    0.0039365293
    0.0139764875
    0.0004200105
    0.0122982579
    0.0175436698
    0.0095206303
    0.0006810325
    0.0047736051
    0.0110242902
    0.0004042498
    0.0117404427
    0.0115887766
    0.0156994580
    0.0092938394
    0.0018910929
    0.0037084130
    0.0009822028
    0.0025544273
    0.0027726973
    0.0087414752
    0.0048610045
    0.0055018923
    0.0041911858
    0.0110307016
    0.0041818048
    0.0193161327
    0.0199199052
    0.0191300226
    0.0264098957
    0.0266318027
    0.0216017798
    0.0222606171
    0.0260352234
    0.0247165876
    0.0191842108
    0.0164202635
    0.0181931816
    0.0112249149
   -0.0077051572
   -0.0133607243
   -0.0056217220
   -0.0086773421
   -0.0203689779
   -0.0262211189
   -0.0258957129
   -0.0206583470
   -0.0098951049
   -0.0132060174
   -0.0233270028
   -0.0300568145
   -0.0325878092
   -0.0312657113
   -0.0266535531
   -0.0173148205
   -0.0117313653
   -0.0228312946
   -0.0303571840
   -0.0335052204
   -0.0323978835
   -0.0267112164
   -0.0115103051
   -0.0106593165
   -0.0127902057
   -0.0223139709
   -0.0296633633
   -0.0312325180
   -0.0249293301
   -0.0250155314
   -0.0333605522
   -0.0301417707
   -0.0336008332
   -0.0350624852
   -0.0335611496
   -0.0297470905
   -0.0280416116
   -0.0214765126
   -0.0261929426
   -0.0315223370
   -0.0334157134
   -0.0330657301
   -0.0294204415
   -0.0229086582
   -0.0190511309
   -0.0176271989
   -0.0188745137
   -0.0189896041
   -0.0265053893
   -0.0283770786
   -0.0275996693
   -0.0225566375
   -0.0096507755
   -0.0156894483
   -0.0185019419
   -0.0167386061
   -0.0070760388
    0.0093450269
    0.0082921539
    0.0155452567
    0.0050607808
    0.0113554867
    0.0079594228
    0.0058785630
    0.0170093779
    0.0066959303
    0.0042832765
    0.0084567482
    0.0036115329
    0.0034354269
    0.0134457783
    0.0071278935
    0.0049041434
    0.0034605423
    0.0030884971
    0.0086450429
    0.0191190924
    0.0098025666
    0.0145315181
    0.0064530358
    0.0054336027
    0.0119139128
   -0.0034928299
    0.0146754225
    0.0269153351
    0.0089781504
   -0.0011397109
   -0.0002742492
    0.0130580551
    0.0242910803
    0.0188711314
    0.0143444646
    0.0182702854
    0.0276776815
    0.0245624282
    0.0060789660
    0.0148584262
    0.0142349201
    0.0039386438
   -0.0033622889
    0.0089788897
    0.0197146066
    0.0208640245
    0.0173167207
    0.0094683718
   -0.0080607254
    0.0136461476
    0.0268642135
    0.0213084286
    0.0152454630
    0.0083422794
    0.0211505456
    0.0258155023
    0.0202453149
    0.0235230083
    0.0243325309
    0.0142494191
    0.0241735090
    0.0243674990
    0.0215595191
    0.0302601830
    0.0261252566
    0.0204994622
    0.0082125057
    0.0176855464
    0.0104091177
    0.0071105502
    0.0195636165
    0.0053109233
    0.0041998238
    0.0100495037
    0.0105888091
    0.0056317279
    0.0093664107
    0.0031047169
    0.0027918754
    0.0081989393
    0.0020351573
    0.0032326410
    0.0064299140
    0.0106532074
    0.0135164275
    0.0026961394
    0.0140306990
    0.0049116479
    0.0034099904
    0.0020470830
    0.0054069112
    0.0103520344
    0.0048948815
    0.0052030142
    0.0029012165
    0.0076963718
    0.0078435539
    0.0154028772
    0.0067879215
   -0.0065204219
    0.0038304038
    0.0156171176
    0.0065836676
    0.0022480642
   -0.0399159094
   -0.0245639731
   -0.0372368940
   -0.0080968401
   -0.0294429480
   -0.0281601130
   -0.0348869526
   -0.0016322086
   -0.0187673602
   -0.0452376084
   -0.0234679504
   -0.0306361577
   -0.0198235558
   -0.0214343048
   -0.0314449890
   -0.0206707952
   -0.0252442213
   -0.0160747732
   -0.0061932005
   -0.0286202885
   -0.0114447742
   -0.0208832021
   -0.0045734854
   -0.0264284934
   -0.0169641160
   -0.0063050142
   -0.0194968352
    0.0059390894
    0.0054144600
   -0.0145414917
   -0.0151377073
   -0.0115487453
    0.0020608724
   -0.0066705563
   -0.0260273394
   -0.0275073564
    0.0190838896
   -0.0341804444
   -0.0300022283
   -0.0150080826
   -0.0269041154
    0.0208100167
    0.0138760239
    0.0055467595
    0.0065696992
   -0.0043278607
    0.0121985836
    0.0119629966
    0.0032499458
    0.0189025225
    0.0147575209
    0.0054142935
    0.0243621625
    0.0185643179
    0.0125538782
    0.0009665351
    0.0220687745
    0.0156154980
    0.0083967858
   -0.0023010456
    0.0140372443
    0.0178696487
    0.0205282922
    0.0222245584
    0.0232634229
    0.0228155048
    0.0235793622
    0.0253212007
    0.0217403301
    0.0318701329
    0.0220305593
    0.0088851638
    0.0229868624
   -0.0000024001
    0.0172949075
    0.0279330305
   -0.0067013304
    0.0115017775
    0.0235455003
    0.0067282442
    0.0124936903
    0.0224803996
    0.0156843808
   -0.0092897727
   -0.0249663716
   -0.0208048175
   -0.0079173655
   -0.0378512846
   -0.0343390561
   -0.0313951345
   -0.0259134681
   -0.0123505845
   -0.0415729147
   -0.0403492314
   -0.0375080529
   -0.0343470551
   -0.0285397549
   -0.0123630052
   -0.0333701937
   -0.0366750404
   -0.0348238501
   -0.0293417742
   -0.0138092798
   -0.0258342297
   -0.0302518592
   -0.0245067336
   -0.0110299988
   -0.0087908289
   -0.0195377030
   -0.0279798409
   -0.0362357861
   -0.0214420646
   -0.0101751935
   -0.0192277599
   -0.0312836324
   -0.0374934353
   -0.0442883393
   -0.0067496272
   -0.0225034388
   -0.0346532989
   -0.0402855674
   -0.0437294213
   -0.0484578093
   -0.0321964847
   -0.0384657464
   -0.0418476331
   -0.0452745832
   -0.0277711691
   -0.0344353906
   -0.0369480783
   -0.0386475206
   -0.0215547073
   -0.0262242586
   -0.0071774084
   -0.0202139375
   -0.0068264912
   -0.0056790030
    0.0008366681
   -0.0003265770
   -0.0008524291
    0.0009924772
    0.0010936678
   -0.0167019478
    0.0145716652
    0.0083638592
   -0.0061051760
   -0.0026395504
    0.0053285094
    0.0077432812
    0.0045102279
   -0.0007919568
    0.0023934062
    0.0047025533
    0.0025324421
    0.0018910260
   -0.0354637243
   -0.0243151209
   -0.0175308980
   -0.0159277473
   -0.0034161303
   -0.0071642906
   -0.0070833807
   -0.0071288771
    0.0044692125
    0.0010028534
   -0.0011526510
   -0.0024721285
    0.0003740013
   -0.0021542411
    0.0018550263
    0.0080271233
    0.0090419749
    0.0050187485
   -0.0018706808
    0.0005784126
    0.0034281164
    0.0071727390
    0.0061243878
    0.0025922348
    0.0002204183
    0.0024743440
    0.0051202408
    0.0033583637
    0.0123597928
    0.0056922812
   -0.0106917927
    0.0043077914
    0.0054578984
    0.0025990576
   -0.0049274635
    0.0304679129
    0.0232860331
    0.0281448957
    0.0305302848
    0.0271288307
    0.0230873549
    0.0183851007
    0.0206602915
    0.0216504234
    0.0220758695
    0.0240267820
    0.0245164346
    0.0220737743
    0.0222246885
    0.0310998060
    0.0247825145
    0.0306774110
    0.0256291757
    0.0221071914
    0.0191759736
    0.0255477506
    0.0230747317
    0.0212082934
    0.0227795074
    0.0232388159
    0.0220436253
    0.0225223833
    0.0220030174
   -0.0017486750
    0.0043150682
    0.0108895178
    0.0121496243
    0.0070766650
    0.0081375502
    0.0110468256
    0.0099196655
    0.0041027321
    0.0001528081
    0.0113385794
    0.0093737392
    0.0036776885
    0.0067060693
    0.0027546044
    0.0055042383
    0.0067286998
    0.0085138280
    0.0064941252
    0.0093932806
    0.0094510133
    0.0096106647
    0.0064231089
    0.0038835388
    0.0119326733
    0.0106834758
   -0.0012688630
    0.0059771392
    0.0097990779
   -0.0069541384
    0.0017314470
    0.0068263061
    0.0102320358
   -0.0169117004
   -0.0062146211
    0.0006305895
    0.0044904659
    0.0056196616
   -0.0034681243
    0.0012271827
    0.0039076093
    0.0095819402
    0.0146684757
    0.0214213032
    0.0076587661
    0.0108051730
    0.0137038408
    0.0152171115
    0.0134894069
    0.0063888138
    0.0084263703
    0.0092332751
    0.0062491992
    0.0047367563
    0.0003459645
    0.0050893908
    0.0008824572
    0.0080047027
    0.0099873063
    0.0073639767
   -0.0017399321
    0.0114809393
    0.0154628852
    0.0170721563
    0.0153256098
    0.0086971636
    0.0162879551
    0.0096306585
    0.0065249600
    0.0158276520
    0.0082598663
    0.0043018788
    0.0026903751
    0.0060837508
    0.0006487699
   -0.0053818761
   -0.0100369855
   -0.0182697129
    0.0025031868
   -0.0038780428
    0.0057310179
    0.0057387983
    0.0032465737
   -0.0001544858
   -0.0039848329
    0.0159315980
   -0.0008484943
   -0.0058443095
   -0.0106359807
   -0.0217843889
   -0.0154806371
   -0.0214109638
    0.0034894556
    0.0157901389
    0.0182178471
    0.0118157255
    0.0239402282
    0.0245577200
    0.0221837269
    0.0253383362
    0.0243339489
    0.0246824743
    0.0186228592
    0.0182521334
    0.0074650379
    0.0146772573
    0.0180789869
    0.0229396858
    0.0244965698
    0.0076242076
    0.0225436877
    0.0266442177
    0.0263548237
    0.0251879911
    0.0228266164
    0.0022423284
    0.0079963418
    0.0053863467
    0.0087026367
    0.0063456504
    0.0112335589
    0.0067172473
    0.0017456110
    0.0098938323
    0.0060844766
    0.0080900504
    0.0036847951
    0.0111077509
   -0.0011351338
    0.0111202174
    0.0051695072
    0.0061147838
   -0.0031958963
    0.0108334360
    0.0086136879
    0.0060360741
    0.0102410485
    0.0063898859
   -0.0032151789
   -0.0023133996
    0.0081955038
    0.0082068447
    0.0056026352
    0.0055611293
    0.0063934049
    0.0105119446
    0.0051203977
    0.0045444333
    0.0050425208
    0.0099933439
    0.0047825104
    0.0129859590
    0.0142037161
    0.0082964059
    0.0177490989
    0.0207179485
    0.0191777280
    0.0146803989
    0.0143955133
    0.0188827849
    0.0195656342
    0.0166557382
    0.0113197782
    0.0130660280
    0.0100239423
   -0.0065855775
   -0.0083608415
    0.0006922118
   -0.0090223112
   -0.0169507911
   -0.0201899618
   -0.0190115908
   -0.0138558327
   -0.0041273490
   -0.0056528692
   -0.0140972297
   -0.0206174892
   -0.0246768786
   -0.0256968089
   -0.0238354024
   -0.0189338671
   -0.0094799830
   -0.0050944488
   -0.0142484586
   -0.0213744604
   -0.0256812966
   -0.0267687039
   -0.0245267015
   -0.0177903635
   -0.0068820832
   -0.0164151853
   -0.0231271150
   -0.0242330231
   -0.0174128650
   -0.0180200443
   -0.0267662791
   -0.0235845540
   -0.0266866130
   -0.0282681016
   -0.0266874730
   -0.0233870674
   -0.0220916316
   -0.0151111869
   -0.0183093386
   -0.0236305910
   -0.0264365855
   -0.0267608524
   -0.0246358567
   -0.0196293620
   -0.0151042502
   -0.0136328366
   -0.0132111970
   -0.0140724209
   -0.0098404972
   -0.0189613666
   -0.0220202825
   -0.0221181354
   -0.0192342464
   -0.0109799632
   -0.0093736920
   -0.0135018003
   -0.0133487994
   -0.0084576149
    0.0130420457
    0.0118028093
    0.0074690870
    0.0060873561
    0.0129980891
    0.0086990514
    0.0052761367
    0.0164063014
    0.0043069654
    0.0042024896
    0.0078681724
   -0.0027352942
    0.0043001026
    0.0040179031
    0.0173116912
    0.0106942232
    0.0056577510
    0.0062250691
    0.0046539481
    0.0043630865
    0.0084756287
    0.0206249809
    0.0048845666
    0.0080016345
    0.0137784775
    0.0181680808
    0.0104793549
    0.0054297569
    0.0164537619
    0.0137032053
    0.0077221370
    0.0135833589
   -0.0000718463
    0.0149671730
    0.0005340015
    0.0002852744
    0.0128341679
    0.0229201466
    0.0161456892
    0.0109626492
    0.0145380307
    0.0240163178
    0.0211249121
    0.0024704217
    0.0116003955
    0.0106131594
    0.0000365629
    0.0061512748
    0.0167463051
    0.0176159779
    0.0147895976
    0.0087811066
   -0.0035199900
    0.0192588941
    0.0139252219
    0.0080298742
    0.0182141350
    0.0225559438
    0.0171118120
    0.0197175984
    0.0208577264
    0.0215503042
    0.0124337486
    0.0200610916
    0.0209228211
    0.0195032386
    0.0242552191
    0.0179436460
    0.0199650734
    0.0092883615
    0.0072257218
    0.0184093251
    0.0050873257
    0.0091306063
    0.0171922194
    0.0053835983
    0.0097459773
    0.0108194690
    0.0093589717
    0.0018899744
    0.0069469529
    0.0040004320
    0.0057184058
    0.0085627781
    0.0168023709
    0.0115772856
    0.0134978726
    0.0062643881
    0.0027983561
    0.0031464330
    0.0049340399
    0.0065242617
    0.0004250487
   -0.0033060490
    0.0078714145
    0.0037166975
    0.0033258503
    0.0053909965
    0.0077608989
    0.0039292729
    0.0057548563
   -0.0070570075
    0.0010234369
   -0.0023604469
    0.0074284923
    0.0010188553
   -0.0319232386
   -0.0152640310
   -0.0267889905
   -0.0301178489
   -0.0245012999
   -0.0011130675
   -0.0093989463
   -0.0204990912
   -0.0268694149
   -0.0246109587
   -0.0142846674
   -0.0164784914
   -0.0295304116
   -0.0271667614
   -0.0172085375
   -0.0083326943
   -0.0133370104
   -0.0064477098
   -0.0143083412
   -0.0239602475
   -0.0082177647
   -0.0156385867
   -0.0028183726
   -0.0241733271
   -0.0274898512
   -0.0154736463
   -0.0030353437
   -0.0153006518
   -0.0065941438
    0.0055668871
    0.0046712231
    0.0031698608
   -0.0014768150
    0.0062714931
   -0.0134710022
   -0.0183858140
   -0.0103842085
   -0.0085001865
    0.0011068633
    0.0036242103
   -0.0050687865
   -0.0182606126
   -0.0193750949
    0.0000719759
    0.0088620890
    0.0133044837
   -0.0259508923
   -0.0230245759
   -0.0124653378
   -0.0272371156
   -0.0238343745
    0.0216178340
    0.0144299075
    0.0086068885
    0.0042799381
    0.0090170650
   -0.0000584016
    0.0174848964
    0.0144897201
    0.0094342203
   -0.0011019849
    0.0186745753
    0.0136223810
    0.0071256444
   -0.0056402688
    0.0167381381
    0.0111267816
    0.0038197156
    0.0116742004
    0.0151633623
    0.0157294848
    0.0176644936
    0.0197668618
    0.0191724608
    0.0192831195
    0.0211607046
    0.0260638831
    0.0204088939
    0.0180598182
    0.0197005571
    0.0021912603
    0.0170121407
    0.0107608787
    0.0214094804
    0.0050468088
    0.0170919913
    0.0094746447
    0.0194474857
    0.0135287102
   -0.0174496583
   -0.0160251255
   -0.0080681255
   -0.0302484779
   -0.0269023949
   -0.0248340356
   -0.0208172691
   -0.0113203524
   -0.0329951175
   -0.0304294246
   -0.0278160007
   -0.0232400401
   -0.0121894639
   -0.0273873084
   -0.0297166667
   -0.0283032496
   -0.0241207920
   -0.0135437424
   -0.0202072231
   -0.0238040917
   -0.0179372160
   -0.0063478984
   -0.0143688879
   -0.0225706357
   -0.0302903785
   -0.0174122923
   -0.0145082581
   -0.0249773022
   -0.0310019053
   -0.0381430691
   -0.0083759881
   -0.0208175464
   -0.0295366007
   -0.0340260714
   -0.0369446360
   -0.0154719941
   -0.0272186149
   -0.0321872998
   -0.0351882417
   -0.0383479880
   -0.0234348053
   -0.0283606114
   -0.0304091256
   -0.0321045678
   -0.0072404800
   -0.0179735633
   -0.0201287053
   -0.0043168720
   -0.0110429935
   -0.0052914281
   -0.0080643244
   -0.0120467026
    0.0032834583
   -0.0016224120
   -0.0040615692
    0.0009302055
    0.0001966437
   -0.0002992663
    0.0011974223
    0.0011761677
   -0.0204054110
   -0.0070242780
   -0.0060092450
    0.0006030322
    0.0063653665
    0.0058310443
   -0.0012425069
    0.0013017799
    0.0038097430
    0.0022091850
    0.0014636967
   -0.0177345698
   -0.0068153555
   -0.0082993848
   -0.0077881129
   -0.0072347184
    0.0025727772
   -0.0005310142
   -0.0021129386
   -0.0026015494
   -0.0020229427
    0.0016144806
    0.0072789562
    0.0075536892
    0.0044190134
   -0.0015749787
    0.0006233753
    0.0030019444
    0.0059883825
    0.0048136142
    0.0018101135
    0.0019617527
    0.0039637755
    0.0026248762
    0.0121920848
    0.0057581425
    0.0087143216
   -0.0110734074
    0.0052501052
   -0.0051735867
    0.0003054424
    0.0045269833
    0.0048453041
    0.0023671725
    0.0220314040
    0.0255661562
    0.0227511618
    0.0190133439
    0.0180144441
    0.0194443581
    0.0195920851
    0.0208149917
    0.0211151607
    0.0190096006
    0.0193455182
    0.0290484514
    0.0230034580
    0.0200520217
    0.0170812714
    0.0224861166
    0.0204744068
    0.0188790353
    0.0198578618
    0.0201923962
    0.0193731784
    0.0197526203
   -0.0015355546
    0.0037365037
    0.0102014340
    0.0064824486
    0.0067145989
    0.0091660886
    0.0080288011
    0.0029623853
    0.0092909953
    0.0058173510
    0.0021637540
    0.0044833483
    0.0055720892
    0.0071091995
    0.0059022830
    0.0075825801
    0.0076701637
    0.0079707589
    0.0053214617
    0.0100276670
    0.0090454176
   -0.0033515666
    0.0044142046
    0.0083428146
   -0.0089939221
    0.0000100589
    0.0056978433
    0.0089372104
   -0.0146850737
   -0.0054700981
    0.0001418648
    0.0034306186
   -0.0029143835
    0.0010980071
    0.0034487105
    0.0126487582
    0.0179823141
    0.0069318966
    0.0092280515
    0.0115226203
    0.0130316522
    0.0124968189
    0.0071145633
    0.0077345263
    0.0058697157
   -0.0011267359
    0.0038535144
   -0.0008886029
    0.0043682535
    0.0001080886
    0.0085217175
    0.0078488209
    0.0028239334
   -0.0069520629
    0.0078655895
    0.0125949258
    0.0142475629
    0.0079433004
    0.0168497871
    0.0095175649
    0.0065262692
    0.0159526628
    0.0077958657
    0.0038364646
    0.0021874184
   -0.0001759407
   -0.0057171617
   -0.0109258453
   -0.0216987263
    0.0012276375
   -0.0051092333
    0.0046654175
    0.0048804087
    0.0024006667
   -0.0013024163
   -0.0053051506
   -0.0033612357
   -0.0082614375
   -0.0131186782
    0.0127878404
    0.0145788589
    0.0198210172
    0.0200891990
    0.0191468721
    0.0201113398
    0.0198072744
    0.0140965381
    0.0055201283
    0.0144455900
    0.0185505874
    0.0202743387
    0.0218530027
    0.0221077064
    0.0214476783
    0.0199407533
    0.0051911654
    0.0027704365
    0.0013172296
    0.0061821669
    0.0054543920
    0.0005719306
    0.0089349921
    0.0036393999
    0.0030619704
    0.0044418556
    0.0077519279
    0.0096755157
    0.0058406404
    0.0042095058
    0.0027273174
    0.0013702177
    0.0057098663
    0.0100991855
    0.0038821251
    0.0042194300
   -0.0031557754
    0.0037183361
    0.0094158332
    0.0077557560
    0.0100725139
    0.0067809746
    0.0040726056
    0.0036283977
    0.0098421825
    0.0010296606
   -0.0013818974
   -0.0011125491
    0.0062148479
    0.0074480633
    0.0044595108
    0.0068103981
    0.0069531737
    0.0088533897
    0.0017569676
    0.0117476638
    0.0150592515
    0.0143682859
    0.0112236910
    0.0132041015
    0.0159042112
    0.0157402854
    0.0133118909
    0.0097465917
    0.0123257922
    0.0131187203
    0.0108712600
    0.0056901156
   -0.0014816877
   -0.0026859304
   -0.0099147039
   -0.0125999987
   -0.0113625584
   -0.0065323938
   -0.0039476251
   -0.0093311656
   -0.0143173784
   -0.0176345337
   -0.0187585721
   -0.0177136493
   -0.0144763761
   -0.0085881101
    0.0005263359
   -0.0040561295
   -0.0105780893
   -0.0157033406
   -0.0194035548
   -0.0212746596
   -0.0211184894
   -0.0188359509
   -0.0138370481
   -0.0044668862
   -0.0029372078
   -0.0095760452
   -0.0152354596
   -0.0192574954
   -0.0212811830
   -0.0210330088
   -0.0181148234
   -0.0111907416
   -0.0042852374
   -0.0124374224
   -0.0179120738
   -0.0185252599
   -0.0122327349
   -0.0130191476
   -0.0218228198
   -0.0193616208
   -0.0217487591
   -0.0231222246
   -0.0218183154
   -0.0193478356
   -0.0183995843
   -0.0133926030
   -0.0153952055
   -0.0190113978
   -0.0216236498
   -0.0224585881
   -0.0216156059
   -0.0189659250
   -0.0154587671
   -0.0132923395
   -0.0125607665
   -0.0124236638
   -0.0128283422
   -0.0088322055
   -0.0157579974
   -0.0189519075
   -0.0197513208
   -0.0186230030
   -0.0149006518
   -0.0081441644
   -0.0016884939
   -0.0012521411
   -0.0030997478
   -0.0038655538
   -0.0054459290
   -0.0121051278
   -0.0144624446
   -0.0144520725
   -0.0119650992
   -0.0051448428
   -0.0058713669
   -0.0067562110
   -0.0043536693
    0.0122665916
    0.0118767041
    0.0060830260
    0.0146042347
    0.0070154412
    0.0049098795
    0.0134610436
    0.0089576485
    0.0052563162
    0.0154037398
    0.0021446328
    0.0034153773
    0.0067687902
    0.0145373695
    0.0041483169
    0.0047661849
    0.0084202904
    0.0058165820
    0.0002218423
    0.0101240142
    0.0060127465
    0.0040239338
    0.0049947897
    0.0139902420
    0.0081709698
    0.0047328401
    0.0083314866
    0.0146572053
    0.0138148417
    0.0089094153
    0.0196389546
    0.0129081047
    0.0080854771
    0.0061746686
    0.0106354383
    0.0141226808
    0.0051449511
    0.0161787825
    0.0019266987
   -0.0033523226
    0.0021288414
    0.0116613576
    0.0202828177
    0.0147485446
    0.0101118566
    0.0128812413
    0.0208636768
    0.0184418379
    0.0000262527
    0.0083167530
    0.0071016069
   -0.0024381540
    0.0036394922
    0.0130344413
    0.0136284476
    0.0111383384
    0.0054069674
   -0.0069705446
    0.0186525268
    0.0160293597
    0.0121428790
    0.0069537799
   -0.0012761347
    0.0162334014
    0.0150647994
    0.0171045920
    0.0185825957
    0.0115755084
    0.0162459307
    0.0175155644
    0.0175416882
    0.0193564720
    0.0181755875
    0.0243571888
    0.0154864036
    0.0174001227
    0.0158724012
    0.0173112798
    0.0176837410
    0.0097039572
    0.0078505924
    0.0032846686
    0.0165949299
   -0.0023221794
    0.0049883191
    0.0079319207
    0.0146291303
    0.0060106558
    0.0093125302
    0.0106139851
    0.0095257129
    0.0061007095
    0.0053339269
    0.0092201999
    0.0119160455
    0.0122809790
    0.0164786312
    0.0104708183
    0.0129210656
    0.0070839531
    0.0022865347
    0.0036585418
    0.0044498652
    0.0045622808
   -0.0008905722
    0.0085922718
    0.0180573996
    0.0131000006
    0.0087486567
    0.0032874004
   -0.0024207793
    0.0066661344
    0.0033697790
    0.0037914899
    0.0037405262
    0.0072239030
    0.0073371007
    0.0034796942
    0.0051872549
   -0.0069603145
   -0.0004594834
   -0.0001771557
    0.0079712749
    0.0005941622
   -0.0285858317
   -0.0251610734
   -0.0206599056
   -0.0004949615
   -0.0029188220
   -0.0108737755
   -0.0209451679
   -0.0276523915
   -0.0247210621
   -0.0105317076
   -0.0241586168
   -0.0155733768
   -0.0141469695
   -0.0075478680
   -0.0252947204
   -0.0070206265
   -0.0025115006
   -0.0095654071
   -0.0172190141
   -0.0059625044
   -0.0118259120
   -0.0017054896
   -0.0218814696
    0.0001559281
   -0.0119867686
   -0.0061033996
    0.0077129043
    0.0052025946
    0.0041509980
    0.0023965167
   -0.0014648735
    0.0055537614
   -0.0062957265
   -0.0129214543
    0.0059491042
    0.0031692239
   -0.0073226431
   -0.0062737524
    0.0007115128
    0.0022879407
   -0.0038754163
   -0.0132119521
   -0.0140210589
   -0.0010376870
    0.0056874284
    0.0095607342
   -0.0198138004
   -0.0177040539
   -0.0100446553
    0.0152225641
    0.0162809515
   -0.0225374582
   -0.0187526547
   -0.0104514590
   -0.0012006151
    0.0186690473
    0.0149119404
    0.0108022150
    0.0063831128
    0.0062701905
   -0.0015058917
    0.0109608338
    0.0062605953
   -0.0032515040
    0.0181010905
    0.0134832416
    0.0090195452
    0.0019194794
    0.0146814791
    0.0099095639
    0.0036374028
   -0.0076801190
    0.0089484516
    0.0030414951
    0.0125075943
    0.0128376935
    0.0145274420
    0.0165273047
    0.0150243959
    0.0157093132
    0.0169486897
    0.0182159604
    0.0166567856
    0.0164381117
    0.0181648202
    0.0154878053
    0.0023131798
    0.0154952449
    0.0052620933
    0.0162125473
    0.0059876114
    0.0160251573
    0.0043047690
    0.0143375720
    0.0081646271
    0.0163991789
   -0.0097307872
   -0.0059598657
    0.0025856533
   -0.0179343338
   -0.0174462357
   -0.0152422517
   -0.0093118126
   -0.0276329863
   -0.0242719741
   -0.0225091712
   -0.0203302959
   -0.0160861786
   -0.0072141371
   -0.0268203645
   -0.0250886573
   -0.0230638052
   -0.0195135106
   -0.0119457671
   -0.0209353022
   -0.0232839419
   -0.0225933542
   -0.0196592237
   -0.0130341346
   -0.0153771996
   -0.0181723422
   -0.0130922704
   -0.0043863305
   -0.0106800162
   -0.0185808704
   -0.0249047012
   -0.0073488429
   -0.0121793312
   -0.0202517881
   -0.0254007223
   -0.0317218797
   -0.0115531006
   -0.0197774854
   -0.0254337904
   -0.0287901990
   -0.0309656847
   -0.0169764392
   -0.0241987197
   -0.0280069091
   -0.0306390185
   -0.0334391198
   -0.0193099617
   -0.0243335784
   -0.0269627494
   -0.0289444636
   -0.0319096493
   -0.0100308133
   -0.0182497196
   -0.0214798053
   -0.0222957694
   -0.0071848468
   -0.0127813880
   -0.0075624054
   -0.0025082098
   -0.0045607401
   -0.0085680461
    0.0018293781
   -0.0009933168
   -0.0028507731
    0.0011424717
    0.0005976857
    0.0000630274
    0.0013347495
    0.0012307205
   -0.0146044326
    0.0059452189
   -0.0052411241
   -0.0044801468
    0.0002578219
    0.0045936729
    0.0046636241
   -0.0008990529
    0.0008663774
    0.0029522492
    0.0012545049
   -0.0225455103
   -0.0139358393
   -0.0117116162
   -0.0102864319
    0.0001309522
   -0.0038118258
   -0.0050321225
   -0.0050858731
   -0.0000656574
   -0.0014311655
   -0.0002091701
   -0.0001749893
    0.0026009867
    0.0062374135
    0.0055718399
    0.0032795935
   -0.0009011277
    0.0010010295
    0.0026679742
    0.0047203476
    0.0036517287
    0.0015273118
    0.0018239408
    0.0031383275
    0.0021718693
    0.0083046852
    0.0049449783
    0.0067796299
   -0.0048661250
   -0.0002747220
    0.0023278581
    0.0037986909
    0.0051001617
    0.0059294597
   -0.0019497465
    0.0052963625
    0.0043606925
    0.0024111417
   -0.0024322012
    0.0021425266
    0.0227943990
    0.0187048212
    0.0208910257
    0.0207641499
    0.0191846306
    0.0166072416
    0.0160961443
    0.0173039317
    0.0174500706
    0.0180177690
    0.0181381494
    0.0166967074
    0.0170648925
    0.0219153614
    0.0188417961
    0.0198802706
    0.0180292703
    0.0162755175
    0.0188510520
    0.0177316617
    0.0168421605
    0.0175714847
    0.0172731661
    0.0014694496
    0.0014855022
    0.0048638724
    0.0084438924
    0.0079281406
    0.0050593241
    0.0062630502
    0.0076343225
    0.0065061327
    0.0026879915
    0.0078527812
    0.0002891972
    0.0027365987
    0.0040720298
    0.0056036712
    0.0036277534
    0.0049085205
    0.0055209704
    0.0063341569
    0.0053554270
    0.0071471265
    0.0068550069
    0.0068725088
    0.0047685573
    0.0087474386
   -0.0046080578
    0.0027818709
    0.0053940808
   -0.0097329570
   -0.0013965591
    0.0047668973
    0.0079786406
   -0.0151120532
   -0.0061992591
   -0.0008549499
    0.0023932599
    0.0048483027
   -0.0080665142
   -0.0024227708
    0.0009895578
    0.0031503691
    0.0125504111
    0.0183463026
    0.0090248090
    0.0114528494
    0.0139585636
    0.0161338508
    0.0072343487
    0.0084821986
    0.0089695803
    0.0076944392
    0.0024312835
    0.0056272717
    0.0055133018
    0.0032093206
    0.0028162370
    0.0068045972
    0.0055142742
    0.0008586311
    0.0093473881
    0.0100066342
    0.0084417949
    0.0152149558
    0.0089111210
    0.0063684289
    0.0103218389
    0.0061093065
    0.0043644820
    0.0045955866
    0.0103136457
    0.0039708062
    0.0000279250
   -0.0021542858
   -0.0012576160
   -0.0065373382
   -0.0123533730
    0.0004567595
   -0.0041067596
    0.0032168479
    0.0038893315
    0.0017679072
   -0.0015894869
   -0.0048786002
   -0.0029548018
   -0.0071389743
   -0.0111948825
   -0.0166430193
    0.0109291233
    0.0156376987
    0.0159951545
    0.0150572933
    0.0176441676
    0.0171180757
    0.0158620619
    0.0146066945
    0.0082944364
    0.0100914632
    0.0139852623
    0.0160400574
    0.0143170956
    0.0171803696
    0.0182642661
    0.0188525247
    0.0188735439
    0.0173296901
