    0.0196561124
    0.0171890544
    0.0153251571
    0.0218570126
    0.0174365665
    0.0224738874
    0.0165415793
    0.0177330146
    0.0212718958
    0.0451013799
    0.0119248803
    0.0272732151
    0.0148462487
    0.0139803289
    0.0213423069
    0.0262969999
    0.0212155406
    0.0288985004
    0.0061886478
    0.0104075694
    0.0368734332
    0.0209646325
    0.0155703650
    0.0197683477
    0.0255745729
    0.0423351877
    0.0275170127
    0.0368395623
    0.0328912296
    0.0297282851
    0.0416328440
    0.0396510483
    0.0256390877
    0.0203869730
    0.0376240039
    0.0377652443
    0.0312867104
   -0.0076395989
   -0.0121752656
   -0.0058370222
   -0.0281407827
   -0.0299837261
   -0.0229089066
    0.0008752424
   -0.0153731147
   -0.0335955680
   -0.0375022258
   -0.0365050183
   -0.0297832147
   -0.0042553288
   -0.0100931162
   -0.0291396655
   -0.0374207666
   -0.0389240333
   -0.0353464540
   -0.0158733965
   -0.0198791896
   -0.0324794726
   -0.0348284597
   -0.0241804532
   -0.0053533910
   -0.0034612098
   -0.0242362350
   -0.0116347658
    0.0130290142
    0.0005038289
   -0.0223157465
   -0.0286512686
   -0.0172447653
   -0.0070855458
   -0.0277067329
   -0.0350516390
   -0.0353921848
   -0.0270031645
   -0.0015219100
   -0.0283249181
   -0.0368540757
   -0.0373632869
   -0.0340051654
   -0.0225068662
    0.0066616789
   -0.0219954542
   -0.0340229386
   -0.0329183582
   -0.0249809202
   -0.0044913035
   -0.0116146139
   -0.0234152992
   -0.0127128662
    0.0000718143
    0.0072311347
    0.0108453870
    0.0134394009
    0.0204293113
    0.0224302752
    0.0196785922
    0.0184559421
    0.0107350440
    0.0154290243
    0.0356643254
    0.0163116647
    0.0251029245
    0.0220009083
    0.0190706823
    0.0151605223
    0.0140450050
    0.0274578187
    0.0285931793
    0.0257093919
    0.0273389531
    0.0126924621
    0.0172226315
    0.0047325504
    0.0171787520
   -0.0033403158
    0.0169531317
    0.0271316642
    0.0238956408
    0.0327154178
    0.0101402305
    0.0233050209
    0.0322420768
    0.0392121873
    0.0167267983
    0.0284166747
    0.0335059286
    0.0123767634
    0.0239685165
    0.0237886481
    0.0311301968
    0.0339436560
    0.0445066892
    0.0385483123
    0.0365415832
    0.0372495960
    0.0340909072
    0.0191612799
    0.0068067042
    0.0054284941
    0.0076344212
    0.0066514994
    0.0157540888
    0.0144827638
    0.0049339656
    0.0019612737
    0.0031501658
    0.0089760850
    0.0169352334
    0.0142272466
    0.0069235130
    0.0021248673
   -0.0023597942
    0.0034770827
   -0.0003321418
   -0.0022987354
    0.0090432528
    0.0023130805
   -0.0004378308
   -0.0001361816
    0.0063454876
    0.0028225783
    0.0034588388
    0.0132375737
    0.0005130530
   -0.0026154910
    0.0017531477
   -0.0027173486
   -0.0020495656
    0.0004899514
    0.0085295340
    0.0091723810
   -0.0005154160
   -0.0012373790
    0.0042523081
    0.0096389678
    0.0048644144
    0.0044257436
    0.0017218528
   -0.0032353043
   -0.0018493508
    0.0040688959
   -0.0017659680
   -0.0040103584
   -0.0018507542
   -0.0003916804
    0.0037006925
   -0.0031292269
    0.0006627370
    0.0032457727
    0.0098802841
    0.0023689968
    0.0011468577
   -0.0022560537
    0.0005066339
    0.0090756985
    0.0066339246
    0.0002355638
   -0.0025014684
   -0.0012923851
    0.0094566659
   -0.0010439852
   -0.0003579817
    0.0062482171
    0.0012618000
    0.0050886659
    0.0097395350
    0.0083453164
    0.0016042902
    0.0036991714
    0.0039965229
    0.0057874072
    0.0083298424
    0.0133330859
    0.0123255597
    0.0152291162
    0.0285429252
    0.0138704473
    0.0201462069
    0.0141327335
    0.0232638748
    0.0207743503
    0.0146894579
    0.0240654192
    0.0228239428
    0.0246305597
    0.0321026521
    0.0163871035
    0.0176784872
    0.0290062207
    0.0153471775
    0.0232225957
    0.0209477443
    0.0142665324
    0.0244118046
    0.0221177626
    0.0206109970
    0.0185470452
    0.0159183144
    0.0140333969
    0.0421318142
    0.0236099064
    0.0356461079
    0.0269869735
    0.0258213519
    0.0277337190
    0.0285747702
    0.0161153179
    0.0376853145
    0.0244352418
    0.0105123595
    0.0273260220
    0.0241422748
    0.0159012466
    0.0290751506
    0.0234670767
    0.0235590724
    0.0150680823
    0.0161117793
    0.0346133372
    0.0346831784
   -0.0089973370
   -0.0148779406
    0.0021082764
   -0.0119316595
   -0.0202953879
   -0.0289800749
   -0.0162176125
    0.0063274666
   -0.0075438110
    0.0030419049
    0.0133904377
   -0.0118647455
    0.0044455832
    0.0011133030
   -0.0125182336
   -0.0051817865
   -0.0001752829
   -0.0117794278
   -0.0125182748
   -0.0024566032
   -0.0030404338
   -0.0187616149
   -0.0082374447
   -0.0307869244
   -0.0125432975
   -0.0107037626
   -0.0027560161
    0.0012732035
    0.0093981869
    0.0061984480
   -0.0112673594
   -0.0167357699
    0.0043360579
   -0.0005043923
   -0.0130380321
   -0.0073640179
   -0.0130172872
   -0.0065025024
   -0.0068127342
    0.0117183283
   -0.0088404198
   -0.0054832597
    0.0035810793
    0.0088878342
    0.0003352099
    0.0011936699
    0.0119032436
    0.0085375870
   -0.0026421888
    0.0085924099
    0.0177104654
    0.0114784256
    0.0358829204
    0.0285527600
    0.0169253317
   -0.0032595117
    0.0214267145
    0.0278670281
    0.0367875855
    0.0335850087
    0.0243425123
    0.0304546135
    0.0336783069
    0.0351167004
    0.0359982434
    0.0275667262
    0.0341394903
    0.0382459146
    0.0458330957
    0.0364353891
    0.0171420884
    0.0024883521
    0.0169661423
    0.0181729800
    0.0098078794
    0.0151837774
   -0.0366728626
   -0.0379288694
   -0.0359351785
   -0.0342154304
   -0.0300429193
   -0.0302867237
   -0.0367765604
   -0.0323776270
   -0.0273427096
   -0.0283047310
   -0.0260744438
   -0.0154961121
   -0.0122143775
   -0.0114407583
   -0.0166111799
   -0.0286301948
   -0.0364809489
   -0.0081854818
   -0.0131475635
   -0.0131121256
    0.0094534878
   -0.0296361788
   -0.0085358213
   -0.0028735189
   -0.0145409394
   -0.0201587651
   -0.0285416513
   -0.0361017843
   -0.0336748912
   -0.0201392787
   -0.0028443656
   -0.0203620152
   -0.0288173873
   -0.0342244176
   -0.0380165858
   -0.0333362544
   -0.0238205588
   -0.0148897523
   -0.0201028322
   -0.0317389630
   -0.0357655227
   -0.0307752572
    0.0095346250
    0.0137502782
    0.0185467807
    0.0192785616
    0.0196362540
    0.0187020321
    0.0254399631
    0.0210228868
    0.0198979609
    0.0166372307
    0.0158810086
    0.0138325291
    0.0127993758
    0.0073082834
    0.0192570651
    0.0250957964
    0.0166880505
    0.0264502975
    0.0159895910
    0.0294597946
    0.0243135079
    0.0223800074
    0.0250305734
    0.0212551034
    0.0208373846
    0.0209119139
    0.0049887653
    0.0062510843
   -0.0050990404
   -0.0171112859
    0.0044557009
   -0.0229207650
    0.0129901909
    0.0048023718
   -0.0115187809
    0.0154046397
    0.0068748502
   -0.0027428611
    0.0076840432
   -0.0270733539
   -0.0386036341
   -0.0280164210
   -0.0395394659
   -0.0445183052
   -0.0309088387
   -0.0263587246
   -0.0410985512
   -0.0459537146
   -0.0446330578
   -0.0339059951
   -0.0425721106
   -0.0464417921
   -0.0396562125
   -0.0241427670
   -0.0324518167
   -0.0422635761
   -0.0291354715
   -0.0064853302
   -0.0293399842
   -0.0022430974
   -0.0106354756
    0.0103348134
    0.0027682594
   -0.0044108353
    0.0021159032
    0.0220821485
    0.0165006904
    0.0172956538
    0.0092342416
    0.0184397542
   -0.0100952247
    0.0103344195
    0.0161719100
    0.0184372946
   -0.0043142682
    0.0116988813
    0.0155775035
    0.0144436253
    0.0039918418
    0.0121513991
    0.0137731488
    0.0112077990
    0.0183473704
    0.0107193401
    0.0041088249
    0.0079334903
    0.0183086313
    0.0123934586
    0.0026018092
   -0.0222591531
   -0.0076423620
   -0.0266491554
    0.0090018863
    0.0126423432
    0.0264779513
    0.0296623166
    0.0163542151
    0.0137978638
    0.0151378752
    0.0202639387
    0.0134344379
    0.0119831116
    0.0153919586
    0.0075283222
    0.0104374550
   -0.0023943263
    0.0135231039
    0.0085141860
   -0.0033438384
    0.0219915610
    0.0146105758
    0.0101836186
    0.0036321445
    0.0139043184
    0.0078258249
   -0.0142423744
   -0.0080343362
    0.0272507097
   -0.0044605177
   -0.0045606632
   -0.0069953112
   -0.0045675582
    0.0020945711
    0.0080510944
   -0.0057420067
   -0.0060439408
    0.0225834984
    0.0083141449
    0.0133342248
   -0.0412167246
   -0.0317865418
   -0.0489550919
   -0.0502163021
   -0.0451795521
   -0.0265571417
   -0.0229120749
   -0.0450063397
   -0.0470944707
   -0.0396753222
   -0.0357678980
   -0.0348769606
   -0.0239792093
   -0.0361963393
   -0.0370527551
   -0.0225980611
   -0.0196529781
   -0.0060386936
    0.0005346047
    0.0055920602
   -0.0091163954
   -0.0127165478
   -0.0000714813
    0.0075833765
    0.0109984490
   -0.0027259328
    0.0037055753
    0.0115843632
    0.0162303281
    0.0048931710
    0.0078785478
    0.0031370492
   -0.0020855015
    0.0160282161
    0.0269562391
    0.0302528095
    0.0286335378
    0.0308480543
    0.0390959160
    0.0403252999
    0.0401572086
    0.0182943561
    0.0154151112
    0.0123508705
    0.0145407375
    0.0090494213
    0.0122385197
    0.0287059777
    0.0145626776
    0.0184955632
    0.0151000044
    0.0150779544
    0.0166465900
    0.0032013004
    0.0160276115
    0.0070609091
    0.0187721870
    0.0116681225
    0.0110259625
    0.0236710928
    0.0192604920
    0.0241036010
    0.0202888617
    0.0050780722
    0.0068932938
    0.0062218436
    0.0274026476
    0.0063532200
    0.0164326735
    0.0126271191
    0.0143670707
    0.0229404066
    0.0234896580
    0.0242644603
    0.0252880190
    0.0139649043
    0.0193320049
    0.0294943154
    0.0309034729
    0.0240628790
    0.0138623128
    0.0293122515
    0.0327261218
    0.0277764594
    0.0175146007
    0.0238169573
    0.0302993754
    0.0262850551
    0.0240349247
   -0.0006612776
   -0.0046709454
   -0.0166843551
   -0.0195528050
   -0.0131239873
   -0.0190457323
   -0.0264829251
   -0.0268031208
   -0.0224748333
   -0.0090730440
   -0.0108722435
   -0.0247044012
   -0.0296595874
   -0.0300150397
   -0.0264622895
   -0.0137564685
   -0.0073843141
   -0.0211324553
   -0.0283091666
   -0.0297990660
   -0.0257662701
   -0.0100873197
   -0.0140501775
   -0.0237853821
   -0.0253252631
   -0.0163871002
   -0.0037274102
   -0.0029251594
   -0.0170460378
   -0.0059385459
    0.0012765240
   -0.0147273951
   -0.0189401255
   -0.0082311122
   -0.0041570418
   -0.0192260586
   -0.0254821380
   -0.0251027594
   -0.0154833653
   -0.0132292679
   -0.0248258918
   -0.0286536784
   -0.0281045313
   -0.0229722307
   -0.0078594486
   -0.0064583877
   -0.0232930764
   -0.0280992271
   -0.0274083599
   -0.0226264938
   -0.0111171924
   -0.0101219409
   -0.0227487410
   -0.0228855217
   -0.0158194349
    0.0004695883
   -0.0032783542
   -0.0138948207
   -0.0060474162
    0.0033352059
    0.0085671481
    0.0078358683
    0.0086524876
    0.0072157214
    0.0178743124
    0.0214376229
    0.0163941216
    0.0160942139
    0.0101949488
    0.0132484547
    0.0279901552
    0.0121670818
    0.0286619768
    0.0167071191
    0.0205907387
    0.0229274527
    0.0225733093
    0.0185472754
    0.0126958331
    0.0218372980
    0.0097840464
    0.0317583621
    0.0253464151
    0.0268669695
    0.0266121235
    0.0091717964
    0.0093504207
    0.0023547606
    0.0124586107
    0.0023361145
    0.0120583996
   -0.0000939148
    0.0120347734
    0.0228368089
    0.0173867910
    0.0220913230
    0.0281887656
    0.0091114582
    0.0131327756
    0.0218958819
    0.0283461863
    0.0357086174
    0.0137089063
    0.0232445067
    0.0288748226
    0.0356833671
    0.0143955330
    0.0231944739
    0.0267576576
    0.0269017279
    0.0340557621
    0.0318590836
    0.0301891444
    0.0348233946
    0.0323553825
    0.0304257021
    0.0309163900
    0.0063769316
    0.0040833748
    0.0042092575
    0.0040153770
    0.0064469402
    0.0252028425
    0.0124450409
    0.0063170357
    0.0033589826
    0.0039737630
    0.0086668583
    0.0156038646
    0.0138989400
    0.0074106299
    0.0047564573
    0.0009434110
   -0.0010845264
    0.0004359567
    0.0046604058
    0.0017824018
   -0.0002720488
    0.0003691259
    0.0079659623
    0.0036563093
    0.0014005375
    0.0016719313
    0.0076446217
    0.0075478548
    0.0045802747
    0.0045651963
    0.0011031973
   -0.0021423786
   -0.0012829682
   -0.0019634124
   -0.0012392006
    0.0007684131
    0.0003622900
   -0.0015508981
   -0.0011901071
    0.0010376715
    0.0028541602
    0.0001739481
    0.0022210674
    0.0081788898
    0.0058596018
    0.0040228151
    0.0020414060
   -0.0013900526
   -0.0002021047
    0.0035680164
   -0.0007176061
   -0.0027358004
   -0.0020846533
   -0.0006296686
    0.0013447160
    0.0051496165
   -0.0022105528
   -0.0025058228
   -0.0005909484
    0.0015898576
    0.0039959888
    0.0086062007
    0.0025096370
    0.0024954587
    0.0010422623
   -0.0011884037
    0.0010813466
    0.0103351580
    0.0061245761
    0.0042429401
    0.0002478979
   -0.0016350913
   -0.0016370413
    0.0090950526
    0.0018494219
   -0.0007814189
   -0.0009243011
    0.0006972624
    0.0021243594
    0.0039853139
    0.0060578279
    0.0054056050
    0.0024107089
    0.0036455740
    0.0036437532
    0.0036897420
    0.0052185059
    0.0084408115
    0.0103320283
    0.0091848693
    0.0103387591
    0.0107157772
    0.0222051915
    0.0151344806
    0.0193596226
    0.0185746149
    0.0134257585
    0.0290620699
    0.0104110486
    0.0212037552
    0.0237912981
    0.0330133833
    0.0199596470
    0.0148517405
    0.0261539237
    0.0120473535
    0.0271645508
    0.0217587449
    0.0227318316
    0.0209777205
    0.0194318398
    0.0123410617
    0.0240362906
    0.0110241470
    0.0141615366
    0.0143745088
    0.0252954817
    0.0223335237
    0.0206739236
    0.0141948992
    0.0189422594
    0.0316823842
    0.0235631808
    0.0098205761
    0.0227413532
    0.0161043864
    0.0187415464
    0.0358779574
    0.0274636491
    0.0115898854
    0.0118023772
    0.0109109892
    0.0035520181
    0.0271740873
    0.0223063491
    0.0196448439
    0.0289938278
   -0.0109239329
   -0.0161631242
   -0.0026295068
   -0.0117817664
   -0.0210299764
   -0.0275401182
   -0.0158963378
    0.0029090306
   -0.0070956984
    0.0015556693
    0.0098136795
   -0.0109707615
   -0.0096081698
   -0.0065786997
   -0.0026193991
   -0.0112727057
   -0.0118392619
   -0.0043019831
   -0.0040296237
    0.0090738935
    0.0079424391
   -0.0186041955
   -0.0111219638
   -0.0091794007
   -0.0032428055
   -0.0011100727
    0.0047549400
    0.0014810364
   -0.0102686668
   -0.0160483320
   -0.0004079068
   -0.0026512259
   -0.0129219458
   -0.0076742839
   -0.0131688285
   -0.0111719449
   -0.0062857833
   -0.0035490372
    0.0032177791
   -0.0079848701
   -0.0008089991
   -0.0090404780
   -0.0113034952
    0.0001681132
    0.0030986649
   -0.0036245281
   -0.0042439968
   -0.0004614492
    0.0070977079
    0.0048726626
    0.0284003045
    0.0227407229
    0.0138588224
    0.0076240616
    0.0354471864
    0.0284755532
    0.0219464861
    0.0105428940
   -0.0018207023
    0.0176302529
    0.0225821959
    0.0287834542
    0.0301669110
    0.0254056641
    0.0184112388
    0.0248313920
    0.0272641291
    0.0305553125
    0.0316989951
    0.0344899115
    0.0246266754
    0.0267577141
    0.0311618632
    0.0341240471
    0.0311221237
    0.0108488912
   -0.0019472151
    0.0101584811
    0.0124499940
    0.0005167308
    0.0070545279
    0.0119103387
    0.0123099170
   -0.0286446941
   -0.0295987587
   -0.0283059463
   -0.0262866866
   -0.0233714258
   -0.0242308258
   -0.0287733730
   -0.0258686228
   -0.0218580352
   -0.0228442045
   -0.0205380637
   -0.0133644268
   -0.0113553457
   -0.0117660264
   -0.0160104402
   -0.0242956861
   -0.0291135349
   -0.0089978962
   -0.0108920958
   -0.0128771934
   -0.0055778071
    0.0022887281
    0.0006525970
    0.0047035041
   -0.0010743309
   -0.0249927801
   -0.0125358058
    0.0076254437
   -0.0080378711
   -0.0150452158
   -0.0195701766
   -0.0253361067
   -0.0292642329
   -0.0260418864
   -0.0166353517
   -0.0046526040
    0.0077204078
   -0.0138605178
   -0.0221728008
   -0.0266836643
   -0.0291538546
   -0.0251775075
   -0.0175263719
   -0.0092624149
   -0.0121983741
   -0.0226968803
   -0.0269369253
   -0.0218187302
    0.0078386424
    0.0093712153
    0.0130649012
    0.0142892972
    0.0143472091
    0.0144933701
    0.0189238759
    0.0170879403
    0.0165190130
    0.0153341642
    0.0142899037
    0.0178241107
    0.0157778556
    0.0141603763
    0.0109752684
    0.0106561496
    0.0083277620
   -0.0121831551
    0.0043460904
    0.0173387065
    0.0145777505
    0.0149496341
    0.0216458687
    0.0117380829
    0.0196646536
    0.0209439217
    0.0181618967
    0.0172131325
    0.0238652448
    0.0197942186
    0.0186366053
    0.0196955768
    0.0130569599
    0.0137431949
    0.0133724835
   -0.0003170237
   -0.0018350597
   -0.0074236759
   -0.0181376887
   -0.0014056588
    0.0086768647
    0.0065760815
   -0.0021212992
   -0.0221534544
    0.0138998179
    0.0079027761
   -0.0012217582
   -0.0104615787
    0.0096814672
    0.0021669815
   -0.0196070189
   -0.0278328831
   -0.0213922633
   -0.0296379986
   -0.0331706528
   -0.0214142854
   -0.0313946486
   -0.0354554829
   -0.0349552353
   -0.0255400429
   -0.0343351520
   -0.0370543371
   -0.0332562122
   -0.0227383017
   -0.0319995769
   -0.0356358076
   -0.0284972521
   -0.0148965123
   -0.0220683642
   -0.0308877118
   -0.0201529107
   -0.0204919716
    0.0075785343
    0.0041194429
    0.0011239458
    0.0033607184
    0.0162301204
    0.0083185120
    0.0155960233
    0.0099016827
    0.0068873118
   -0.0084952907
    0.0062854150
    0.0122627084
   -0.0056613286
    0.0073796680
    0.0121124023
    0.0139734535
   -0.0025555882
    0.0084531881
    0.0119240301
    0.0123996476
    0.0082476725
    0.0031460673
    0.0092473642
    0.0101812034
    0.0080784983
    0.0130163827
    0.0053064962
    0.0030973892
    0.0058454394
    0.0126060956
    0.0068771100
   -0.0058669611
   -0.0132233137
   -0.0039658010
    0.0039594653
   -0.0126899209
    0.0111171318
    0.0092719907
    0.0109514547
    0.0181439024
    0.0239788191
    0.0198930440
    0.0090049364
    0.0119374852
    0.0125204537
    0.0160085547
    0.0155500723
    0.0094796110
    0.0109798672
    0.0129470514
    0.0071563670
   -0.0020750042
    0.0098027238
    0.0051638146
   -0.0045706996
    0.0155745815
    0.0114498441
    0.0082037416
    0.0033957696
   -0.0054099231
    0.0122828086
    0.0084800435
    0.0048043729
    0.0080201580
   -0.0099780411
   -0.0033577823
   -0.0091880902
   -0.0039156245
   -0.0088527508
   -0.0087758904
   -0.0039755901
    0.0023100063
   -0.0078169702
   -0.0157587001
   -0.0104973744
    0.0200991525
    0.0004314193
    0.0134951133
   -0.0318439273
   -0.0255892374
   -0.0373106370
   -0.0386786709
   -0.0345649163
   -0.0226292400
   -0.0189356483
   -0.0343486018
   -0.0378135178
   -0.0345212641
   -0.0318137702
   -0.0297801694
   -0.0281219137
   -0.0328034901
   -0.0275133419
   -0.0192229228
   -0.0141152278
   -0.0140720363
   -0.0147473809
   -0.0191088000
   -0.0214233041
   -0.0110627961
   -0.0061719635
   -0.0018335393
    0.0022416242
   -0.0069279608
   -0.0136196993
   -0.0067020415
    0.0005067257
    0.0043344216
    0.0064497357
   -0.0032763068
   -0.0027198603
    0.0030458019
    0.0079601673
    0.0100240579
    0.0101994509
   -0.0060717289
    0.0043260020
    0.0120956213
    0.0149329652
    0.0140099694
    0.0114729946
    0.0058543513
    0.0145718600
    0.0222250262
    0.0261707854
    0.0267702517
    0.0258691322
    0.0249717843
    0.0301221694
    0.0327806283
    0.0334184633
    0.0326519634
    0.0160684404
    0.0109179706
    0.0112671621
    0.0086495845
    0.0165978506
    0.0166954648
    0.0158682585
    0.0088365760
    0.0216489592
    0.0102217783
    0.0154531905
    0.0135483549
    0.0126536299
    0.0134014966
    0.0010698629
    0.0052495161
    0.0116982938
    0.0201411900
    0.0049067043
    0.0138953107
    0.0092199734
    0.0126054289
    0.0194473168
    0.0231052042
    0.0171859787
    0.0215329941
    0.0150336730
    0.0046637684
    0.0053881537
    0.0119535141
    0.0072324785
    0.0194353088
    0.0075010527
    0.0137958070
    0.0108401255
    0.0116174338
    0.0163507926
    0.0174187568
    0.0206994852
    0.0214194640
    0.0204130335
    0.0162655781
    0.0204145322
    0.0245438012
    0.0222185835
    0.0116597505
    0.0187505312
    0.0254055059
    0.0246280782
    0.0178749302
    0.0175110167
    0.0239032029
    0.0207729587
    0.0189714478
    0.0013138821
   -0.0022535815
   -0.0097543267
   -0.0148010508
   -0.0120862701
   -0.0019488907
   -0.0105692633
   -0.0195721246
   -0.0212785725
   -0.0189506592
   -0.0112009754
   -0.0168338637
   -0.0226998971
   -0.0239794669
   -0.0219767828
   -0.0146499047
    0.0050753306
   -0.0031103090
   -0.0142765569
   -0.0212727661
   -0.0235458993
   -0.0215966971
   -0.0128711811
    0.0068984306
   -0.0093973768
   -0.0180616621
   -0.0192553265
   -0.0108573823
   -0.0003411940
   -0.0000532889
   -0.0120117887
   -0.0022847838
   -0.0102313382
   -0.0133246574
   -0.0025996829
   -0.0091584932
   -0.0174128093
   -0.0199774674
   -0.0171440027
   -0.0048196275
   -0.0009772427
   -0.0144020579
   -0.0208706548
   -0.0225454316
   -0.0207064932
   -0.0140302630
   -0.0108286928
   -0.0197286170
   -0.0219465964
   -0.0202964746
   -0.0147072774
   -0.0032695234
   -0.0120653138
   -0.0176615259
   -0.0160413204
   -0.0087457896
    0.0050901078
    0.0009047324
   -0.0090481893
   -0.0025434892
    0.0059721320
    0.0055720954
    0.0108811485
    0.0202815324
    0.0140181029
    0.0143418134
    0.0098093247
    0.0118463898
    0.0175788073
    0.0228446281
    0.0102427518
    0.0109571547
    0.0103239303
    0.0237388499
    0.0136579305
    0.0185067372
    0.0228848758
    0.0230175064
    0.0184735934
    0.0115132233
    0.0180108772
    0.0246186952
    0.0050985899
    0.0015128635
    0.0022015322
    0.0083655797
    0.0143295749
    0.0184269617
    0.0245084066
    0.0051589286
    0.0123913160
    0.0197679253
    0.0255099161
   -0.0013616475
    0.0131737455
    0.0208145405
    0.0261952596
    0.0139869002
    0.0211334810
    0.0231164368
    0.0229237784
    0.0291997983
    0.0275807280
    0.0261609516
    0.0301506136
    0.0286313097
    0.0275570581
    0.0057448493
    0.0064519426
    0.0067641562
    0.0042417951
    0.0035733331
    0.0033025146
    0.0045402708
    0.0086282049
    0.0221810070
    0.0125477101
    0.0070195622
    0.0041831188
    0.0043851349
    0.0082623417
    0.0142954810
    0.0132459087
    0.0076215428
    0.0055029113
    0.0016058682
   -0.0003531809
    0.0003150676
    0.0061258950
    0.0029888224
    0.0006430523
   -0.0000162445
    0.0054323702
    0.0028278894
    0.0011892880
    0.0014681172
    0.0087363508
    0.0047504043
    0.0027143963
    0.0029875812
    0.0070567580
    0.0083510836
    0.0052897688
    0.0046406221
   -0.0007049199
   -0.0015165904
   -0.0015096043
    0.0000329038
   -0.0011389602
   -0.0013516691
   -0.0006115469
    0.0019855176
    0.0021716055
   -0.0000199211
   -0.0007085069
    0.0001428845
    0.0047008810
    0.0037554998
    0.0013287435
    0.0025558153
    0.0054912578
    0.0034490276
    0.0019917444
   -0.0002596234
    0.0007554943
   -0.0004261703
   -0.0016748824
   -0.0013580772
   -0.0001056099
    0.0017839476
    0.0042238066
   -0.0013504866
   -0.0021132400
   -0.0012355967
    0.0004016364
    0.0024366863
    0.0049929595
    0.0086763783
    0.0000099719
    0.0025899390
    0.0055595304
    0.0022024156
    0.0007964891
   -0.0005683161
    0.0012042526
    0.0064494406
    0.0042166352
    0.0022384516
   -0.0000972089
   -0.0012298667
   -0.0010555451
    0.0063504899
    0.0020039591
   -0.0002310876
   -0.0010880300
   -0.0007831061
    0.0094496095
    0.0022339962
   -0.0004810817
   -0.0000678375
    0.0023986604
    0.0031551559
    0.0042343524
    0.0040032550
    0.0027450202
    0.0035841661
    0.0033080081
    0.0085759109
    0.0032736415
    0.0047575254
    0.0070877611
    0.0082095965
    0.0070776141
    0.0064355835
    0.0065556230
    0.0098626280
    0.0148997713
    0.0173750112
    0.0153760013
    0.0141466821
    0.0112877979
    0.0175825665
    0.0221632810
    0.0171615759
    0.0105223550
    0.0268720310
    0.0202956488
    0.0245067666
    0.0215193535
    0.0217541267
    0.0181837418
    0.0127378948
    0.0116789956
    0.0284138719
    0.0082922852
    0.0128334700
    0.0142486596
    0.0225754019
    0.0191502062
    0.0163862666
    0.0131528288
    0.0237010535
    0.0160693878
    0.0035547152
    0.0151862277
    0.0099130332
    0.0212883223
    0.0185659556
    0.0036841665
    0.0182636686
    0.0222637126
   -0.0108725452
   -0.0169101983
   -0.0193293904
   -0.0143824687
    0.0016667041
    0.0068062266
    0.0144322845
   -0.0064900626
    0.0007564943
   -0.0095740916
   -0.0082709000
   -0.0066005403
   -0.0032878480
   -0.0106565514
   -0.0050721491
   -0.0039889517
    0.0056586737
    0.0049378391
    0.0178059844
   -0.0180796732
   -0.0126167580
   -0.0076597834
   -0.0030715511
    0.0026808101
    0.0050961898
    0.0058999084
   -0.0005891589
   -0.0092231180
   -0.0148247585
   -0.0031919911
   -0.0036629557
   -0.0125274326
   -0.0074049314
   -0.0093714186
   -0.0057636415
   -0.0050528793
    0.0007696411
   -0.0075699591
   -0.0028133392
   -0.0084192814
   -0.0101291130
   -0.0012499847
    0.0001605360
   -0.0051136565
   -0.0049332774
   -0.0014912672
    0.0042536256
    0.0178346110
    0.0061410303
    0.0032651876
    0.0283979321
    0.0226586203
    0.0156353962
    0.0031335334
    0.0137420725
    0.0191259414
    0.0250867635
    0.0262040473
    0.0212752225
    0.0141881244
    0.0208035898
    0.0276111239
    0.0286192525
    0.0211555377
    0.0227763566
    0.0270316136
    0.0300768510
    0.0271302068
    0.0066485609
    0.0059858060
    0.0089219211
    0.0019843934
    0.0097967386
   -0.0227702089
   -0.0234249071
   -0.0224400651
   -0.0202395641
   -0.0176417831
   -0.0188061913
   -0.0228617289
   -0.0192719846
   -0.0168396451
   -0.0158482994
   -0.0096957145
   -0.0060610257
   -0.0067569469
   -0.0085181446
   -0.0135393109
   -0.0203991264
   -0.0228859125
   -0.0069824370
   -0.0039498034
    0.0078154457
    0.0043459742
    0.0050100892
   -0.0198429568
   -0.0100012079
    0.0039064316
   -0.0059971294
   -0.0108136158
   -0.0145432679
   -0.0197113806
   -0.0231910407
   -0.0204027763
   -0.0130181777
   -0.0033694356
    0.0065306109
   -0.0115120835
   -0.0174512984
   -0.0211248613
   -0.0229615309
   -0.0193305448
   -0.0121345015
   -0.0033562733
   -0.0052925813
   -0.0161289520
   -0.0207066033
   -0.0154872789
    0.0063090906
    0.0073837037
    0.0115505479
    0.0118818253
    0.0115819550
    0.0120194077
    0.0153911279
    0.0141163623
    0.0133426882
    0.0122263639
    0.0116003117
    0.0140713755
    0.0126316738
    0.0109983598
    0.0082771794
    0.0082747647
    0.0062485891
    0.0165205348
    0.0146190060
    0.0120817858
    0.0182825857
    0.0102253365
    0.0180930682
    0.0171743555
    0.0151140812
    0.0150872518
    0.0188091860
    0.0162894212
    0.0157820187
    0.0092433921
    0.0106439019
    0.0110780988
   -0.0028172142
   -0.0037068417
   -0.0030977085
    0.0068518843
    0.0033732601
   -0.0056004508
    0.0102741643
    0.0044639866
   -0.0044394639
   -0.0118090229
    0.0064083774
   -0.0006215403
   -0.0145648395
   -0.0211906744
   -0.0166972070
   -0.0233434555
   -0.0258198529
   -0.0184741162
   -0.0256964684
   -0.0284236232
   -0.0274829803
   -0.0189681189
   -0.0190305868
   -0.0277594749
   -0.0297929911
   -0.0261208993
   -0.0257533734
   -0.0285155234
   -0.0221604840
   -0.0185486101
   -0.0244431865
   -0.0154622631
   -0.0159185151
   -0.0082244299
    0.0054996806
    0.0042517538
    0.0034707816
    0.0060153035
    0.0118348185
    0.0044014114
    0.0091597599
    0.0048961688
    0.0041686726
    0.0096097348
   -0.0062188802
    0.0051012540
    0.0095123524
    0.0116146147
   -0.0034520177
    0.0062381370
    0.0098869672
    0.0108105168
    0.0010350520
    0.0073343151
    0.0076210250
    0.0056368012
    0.0102177342
    0.0029866533
    0.0008534356
    0.0037361481
    0.0095892422
   -0.0139683875
   -0.0047898346
    0.0022336201
   -0.0123489990
    0.0085820030
    0.0090550898
    0.0141744892
    0.0211546388
    0.0211695495
    0.0158329119
    0.0105470519
    0.0109829890
    0.0142129247
    0.0140840882
    0.0083325286
    0.0095045635
    0.0113123237
    0.0053237516
   -0.0039776854
    0.0077549795
    0.0037763914
   -0.0037648063
    0.0093970760
    0.0065919082
    0.0027483014
   -0.0038765867
    0.0106073071
    0.0073667578
    0.0045537983
   -0.0105453368
   -0.0043939982
    0.0009213681
   -0.0105274918
   -0.0111455616
   -0.0094397940
   -0.0032062247
   -0.0047587270
   -0.0103326902
    0.0063945315
   -0.0252597795
   -0.0201902236
   -0.0295434988
   -0.0305834550
   -0.0272149154
   -0.0142798040
   -0.0259478994
   -0.0298520026
   -0.0282011233
   -0.0256235836
   -0.0241419584
   -0.0215176319
   -0.0199868625
   -0.0251262301
   -0.0227519813
   -0.0170265545
   -0.0121223115
   -0.0104846208
   -0.0114124302
   -0.0159264191
   -0.0103729602
   -0.0031661997
    0.0006527812
   -0.0079416247
   -0.0142833155
   -0.0076131226
   -0.0009480683
    0.0025071122
    0.0048398197
   -0.0031399675
   -0.0019078691
    0.0026974768
    0.0064692157
    0.0078784782
   -0.0003393842
    0.0068463818
    0.0103494965
    0.0108069538
    0.0086591633
    0.0097270765
    0.0158978095
    0.0198796741
    0.0214052857
    0.0208808638
    0.0203915180
    0.0245295309
    0.0270253719
    0.0279904947
    0.0273431690
    0.0136695720
    0.0097146340
    0.0092559585
    0.0101697021
    0.0119077133
    0.0062699633
    0.0039319307
    0.0131639815
    0.0086549760
    0.0127207992
    0.0173056846
    0.0076524982
    0.0159307363
    0.0129711018
    0.0119423097
    0.0105810275
    0.0110136058
    0.0030406205
    0.0057805228
    0.0021568940
    0.0091492467
    0.0163116031
    0.0039243256
    0.0108787939
    0.0077942399
    0.0097423983
    0.0145867873
    0.0218162647
    0.0150774425
    0.0188610047
    0.0116754348
    0.0044395814
    0.0119287557
    0.0045534785
    0.0030597348
    0.0126182705
    0.0076513457
    0.0169000308
    0.0120820028
    0.0094952695
    0.0124745140
    0.0164566320
    0.0204994836
    0.0193232251
    0.0125539515
    0.0178664297
    0.0178313049
    0.0117143804
    0.0126051469
    0.0193087941
    0.0202785318
    0.0163643198
    0.0142056283
    0.0200755623
    0.0198669673
    0.0152524008
    0.0135122530
    0.0187704245
    0.0169680006
   -0.0031483005
   -0.0089034460
   -0.0084467671
   -0.0030995223
   -0.0123279252
   -0.0152067314
   -0.0142756469
   -0.0097375280
    0.0001811515
   -0.0141826526
   -0.0178425936
   -0.0184381935
   -0.0166311105
   -0.0115313126
   -0.0002728479
   -0.0035875148
   -0.0126105657
   -0.0176927376
   -0.0194387944
   -0.0185833553
   -0.0144433826
   -0.0043237836
   -0.0021792862
   -0.0101147404
   -0.0156983726
   -0.0181526360
   -0.0175262684
   -0.0130278821
   -0.0029415836
   -0.0066059265
   -0.0134020962
   -0.0142384086
   -0.0075462472
    0.0001263793
    0.0002412328
   -0.0084739904
    0.0000325102
   -0.0064581787
   -0.0083930333
    0.0006659916
   -0.0022645896
   -0.0098926637
   -0.0138530556
   -0.0140160202
   -0.0095283087
    0.0035967397
   -0.0068070180
   -0.0137265518
   -0.0168860268
   -0.0170142053
   -0.0139909170
   -0.0057944450
   -0.0037921975
   -0.0127064392
   -0.0168582679
   -0.0178974196
   -0.0165468332
   -0.0124721322
   -0.0042729827
    0.0035761515
   -0.0099872337
   -0.0152667870
   -0.0161398952
   -0.0139215488
   -0.0084256075
    0.0009867183
    0.0004072457
   -0.0095836452
   -0.0119374559
   -0.0095778485
   -0.0030696353
    0.0036814949
   -0.0044484746
    0.0003996606
    0.0038773574
    0.0084851661
    0.0187556528
    0.0120723616
    0.0127399890
    0.0091998475
    0.0106536281
    0.0148920760
    0.0190103121
    0.0090195227
    0.0093267140
    0.0091544052
    0.0231224443
    0.0125325372
    0.0180574991
    0.0216915399
    0.0122137665
    0.0172816172
    0.0228971569
    0.0182012684
    0.0102538743
    0.0150673371
    0.0231395318
    0.0231858231
   -0.0006070645
   -0.0011848544
    0.0159899565
    0.0210957754
    0.0064290446
    0.0113274412
    0.0171780709
    0.0223355510
    0.0057332688
    0.0142454392
    0.0199006947
    0.0251043056
    0.0113833490
    0.0181452695
    0.0231065127
    0.0109117901
    0.0180246006
    0.0193077381
    0.0245206120
    0.0234334777
    0.0262168880
    0.0256868335
    0.0266152339
    0.0055044054
    0.0070969938
    0.0046513662
    0.0043966912
    0.0042746343
    0.0035987869
    0.0047562046
    0.0070645152
    0.0045288686
    0.0035179089
    0.0030618345
    0.0035173364
    0.0061205572
    0.0194569341
    0.0123958700
    0.0073052210
    0.0046370760
    0.0045564751
    0.0078158778
    0.0130752766
    0.0124580852
    0.0076070139
    0.0057032357
    0.0019582778
   -0.0000219343
    0.0069482315
    0.0036373242
    0.0011296550
    0.0001312672
    0.0069285427
    0.0041094902
    0.0019429328
    0.0009276568
    0.0010094802
    0.0059362130
    0.0034943475
    0.0021225790
    0.0023856286
    0.0092320910
    0.0054265005
    0.0035556355
    0.0035538440
    0.0086128892
   -0.0005007351
   -0.0012378495
   -0.0016342752
   -0.0000950795
   -0.0009037077
   -0.0012232711
   -0.0008983806
    0.0006351491
    0.0000323668
   -0.0007828035
   -0.0009247403
   -0.0003126815
    0.0025330873
    0.0029464469
    0.0008689690
   -0.0001492036
   -0.0000097865
    0.0038046422
    0.0018130466
    0.0022325994
    0.0029005239
    0.0017798090
    0.0003586864
    0.0012449601
   -0.0001314054
   -0.0009480503
   -0.0007274452
    0.0003586253
    0.0020282411
   -0.0011230303
   -0.0015543162
   -0.0009504109
    0.0004014382
    0.0022617003
    0.0045044800
   -0.0016453493
   -0.0013222388
   -0.0001002982
    0.0019327420
    0.0046466261
    0.0071737937
    0.0013313946
    0.0017662512
    0.0004444294
   -0.0003057897
    0.0010974180
    0.0043332724
    0.0028608697
    0.0007484920
   -0.0004211257
   -0.0009822571
   -0.0006717909
    0.0038859966
    0.0033524014
    0.0012919357
   -0.0002610579
   -0.0009620006
   -0.0008580222
    0.0033238442
    0.0007083052
   -0.0003594051
   -0.0004384666
    0.0023664647
    0.0024667578
    0.0031237703
    0.0031738775
    0.0027949479
    0.0034238448
    0.0029370943
    0.0045805008
    0.0030805611
    0.0043869637
    0.0061007889
    0.0067352917
    0.0055081440
    0.0039883171
    0.0052840677
    0.0081783329
    0.0115911793
    0.0130647444
    0.0116820584
    0.0094612281
    0.0100554778
    0.0195025747
    0.0095803804
    0.0110228353
    0.0137513155
    0.0195414095
    0.0224896560
    0.0124584762
    0.0159358853
    0.0107537048
    0.0234807764
    0.0100603475
    0.0186678851
    0.0211435921
    0.0198570325
    0.0166799032
    0.0103431506
    0.0233643426
    0.0194895954
    0.0149794592
    0.0103936957
    0.0110031734
    0.0112096033
    0.0070938658
    0.0116070392
    0.0135928585
    0.0235898142
    0.0223466337
    0.0198845179
    0.0189139955
    0.0136358079
    0.0096796592
    0.0219658962
    0.0167836636
    0.0189706608
    0.0090427907
    0.0065398713
    0.0136624713
    0.0198785004
    0.0133617709
    0.0108938638
    0.0053649850
    0.0208256092
    0.0153101373
    0.0203467311
   -0.0105149830
    0.0009836126
    0.0056508069
    0.0118586694
   -0.0061278034
    0.0000441617
   -0.0085713239
   -0.0073764520
   -0.0126962653
   -0.0052147251
   -0.0063085884
   -0.0054591337
   -0.0037878192
    0.0033679582
    0.0031476960
    0.0120314619
    0.0103929965
    0.0093276704
   -0.0003752163
   -0.0174045422
   -0.0133275943
   -0.0065400602
   -0.0028667517
    0.0015343755
    0.0030995446
    0.0033239054
    0.0066748217
    0.0078637772
    0.0025414597
   -0.0016784249
   -0.0084690429
   -0.0137673079
   -0.0043045468
   -0.0070446769
   -0.0080445045
   -0.0053476947
   -0.0056597340
   -0.0005755349
   -0.0109625765
    0.0022483485
   -0.0068917692
   -0.0035901582
   -0.0077145650
   -0.0091434520
   -0.0018832831
   -0.0014110288
   -0.0055407074
   -0.0049215117
    0.0023336514
   -0.0020848045
    0.0024864650
    0.0195088318
    0.0132946954
    0.0038031057
    0.0246770483
    0.0197870849
    0.0136193816
    0.0041799470
    0.0120789051
    0.0167125842
    0.0215049655
    0.0223471328
    0.0181723256
    0.0123903860
    0.0177654398
    0.0249695971
    0.0250138644
    0.0260915042
    0.0193900808
    0.0202974329
    0.0237822796
    0.0265861009
    0.0239417071
    0.0037846045
    0.0031205780
   -0.0015763492
    0.0067699820
   -0.0184474381
   -0.0191022686
   -0.0185140169
   -0.0164850245
   -0.0144289862
   -0.0155042781
   -0.0185816582
   -0.0159180250
   -0.0147434642
   -0.0143082964
   -0.0108457442
   -0.0070371247
   -0.0063981170
   -0.0071007740
   -0.0093196348
   -0.0134675800
   -0.0177077533
   -0.0185379355
   -0.0065273022
   -0.0064158941
    0.0054971686
    0.0039913953
    0.0010699886
   -0.0047970142
    0.0051897730
    0.0018514096
    0.0109430865
    0.0075821888
    0.0013584362
   -0.0014527526
   -0.0162582258
   -0.0097904868
   -0.0011146940
    0.0000169407
   -0.0067573824
   -0.0105138166
   -0.0136361174
   -0.0169947543
   -0.0186991313
   -0.0161096675
   -0.0110927213
   -0.0043822127
    0.0029388326
   -0.0023361721
   -0.0102912006
   -0.0144944586
   -0.0171103671
   -0.0180699601
   -0.0147134242
   -0.0088160714
   -0.0013806011
   -0.0025420358
   -0.0114916751
   -0.0157100537
   -0.0109812794
    0.0086946293
    0.0090738034
    0.0088360204
    0.0119981563
    0.0113568334
    0.0107307989
    0.0100168966
    0.0129480985
    0.0116998309
    0.0106930225
    0.0093809243
    0.0080080196
    0.0109059121
    0.0096874057
    0.0081456618
    0.0055177594
    0.0054320227
    0.0039751257
    0.0171436313
    0.0113176613
    0.0165346282
    0.0140029696
    0.0122215939
    0.0203140930
    0.0158864395
    0.0141460805
    0.0142766573
    0.0135138376
    0.0124636477
    0.0125836717
    0.0057858880
    0.0066452434
   -0.0048155129
    0.0036132622
    0.0005665268
   -0.0076086032
    0.0061302268
    0.0009497840
   -0.0080156972
    0.0080114695
    0.0024237593
   -0.0050941864
   -0.0096508393
    0.0042274109
   -0.0016442137
   -0.0111646746
   -0.0158904962
   -0.0134240909
   -0.0181410146
   -0.0197006044
   -0.0119485736
   -0.0168437814
   -0.0211098851
   -0.0224037576
   -0.0217612272
   -0.0144876651
   -0.0181513606
   -0.0230753078
   -0.0241347134
   -0.0217466321
   -0.0152667569
   -0.0180147814
   -0.0231030356
   -0.0239891835
   -0.0198836217
   -0.0202303395
   -0.0221791905
   -0.0164245626
   -0.0087697788
   -0.0152658085
   -0.0185029490
   -0.0113714107
   -0.0121438164
    0.0054023902
    0.0053065497
    0.0087182975
    0.0035037445
    0.0087009379
   -0.0067689982
    0.0062919002
   -0.0003747754
    0.0055925770
    0.0085167395
    0.0026815250
    0.0079927773
   -0.0067580098
    0.0029701436
    0.0073453238
    0.0099648640
   -0.0049423663
    0.0038443949
    0.0076331432
    0.0096966824
   -0.0028067861
    0.0048651726
    0.0081175343
    0.0090854081
    0.0009617052
    0.0059619286
    0.0056415960
    0.0040948840
    0.0020333883
    0.0004793869
    0.0027204014
    0.0070789110
    0.0000640268
   -0.0079015376
   -0.0093097156
   -0.0034866448
    0.0014093452
   -0.0081005487
    0.0073074851
    0.0208031810
    0.0082977419
    0.0088516243
    0.0124799289
    0.0170328828
    0.0176036770
    0.0148039190
    0.0093816139
    0.0099497594
    0.0123819915
    0.0124521826
    0.0083116451
    0.0084595627
    0.0100815664
    0.0035163635
   -0.0049863046
    0.0056214717
    0.0016735978
   -0.0057948705
    0.0071400105
    0.0046558747
    0.0009878427
   -0.0057474404
    0.0084027564
    0.0060854107
    0.0035286311
    0.0001322982
    0.0095857713
    0.0067382637
    0.0048948210
   -0.0102161139
   -0.0048805767
   -0.0032408210
   -0.0109205612
   -0.0041124295
    0.0010921440
   -0.0107745625
   -0.0087518332
   -0.0033750354
   -0.0126956878
   -0.0068931239
    0.0042801377
    0.0087840726
   -0.0205370329
   -0.0168991540
   -0.0236877445
   -0.0246756170
   -0.0220776892
   -0.0204804466
   -0.0242583115
   -0.0243457868
   -0.0229115182
   -0.0215592973
   -0.0201000529
   -0.0169371953
   -0.0164115497
   -0.0212604715
   -0.0213283531
   -0.0186554420
   -0.0155860730
   -0.0137656041
   -0.0134744468
   -0.0136728070
   -0.0156947713
   -0.0156631259
   -0.0119493178
   -0.0067897657
   -0.0023430815
   -0.0037294897
   -0.0078816212
   -0.0044682326
   -0.0039433303
   -0.0008937175
   -0.0075485209
   -0.0121824669
   -0.0073923538
   -0.0020767440
    0.0006368053
    0.0023095110
   -0.0039994672
   -0.0027837334
    0.0008667381
    0.0035635685
    0.0045544518
    0.0071962302
    0.0017393667
    0.0012616152
    0.0025596774
    0.0013897063
    0.0029163758
    0.0080996597
    0.0113280723
    0.0126665046
    0.0121622664
    0.0094768109
    0.0079061627
    0.0107957195
    0.0148441317
    0.0178295914
    0.0193036158
    0.0194675619
    0.0182274936
    0.0209543791
    0.0231754228
