    0.0109780215
    0.0103333376
    0.0167348706
   -0.0014763997
    0.0007941430
    0.0014279049
   -0.0068616719
    0.0017098415
   -0.0169754092
   -0.0238077890
   -0.0116358778
   -0.0097677169
   -0.0068686112
   -0.0263571845
   -0.0221282559
   -0.0098309305
   -0.0204418237
   -0.0240728099
   -0.0307523139
    0.0177476370
    0.0124999339
    0.0134795670
    0.0139986631
    0.0149076003
   -0.0019377818
    0.0039340248
    0.0103785644
    0.0103579917
    0.0047922156
    0.0007728702
    0.0093083458
    0.0073105513
   -0.0218933364
   -0.0057064489
   -0.0062178051
   -0.0333924713
   -0.0300023243
   -0.0180176157
   -0.0202674220
   -0.0313373100
   -0.0043755290
   -0.0087098105
    0.0069795070
    0.0074299438
    0.0008321614
    0.0091472210
    0.0088150075
   -0.0001507093
    0.0010647025
    0.0089998265
    0.0083785166
   -0.0009494159
    0.0068201580
    0.0055595838
   -0.0320058457
   -0.0265390658
   -0.0208990620
   -0.0246942258
   -0.0292306544
   -0.0105955035
   -0.0145692744
    0.0072348904
    0.0067640524
   -0.0043145933
    0.0022509570
    0.0081208722
    0.0072910587
   -0.0001915334
   -0.0071871521
    0.0070743492
    0.0098114222
    0.0089622279
    0.0056296728
    0.0108052512
   -0.0299460227
   -0.0211100318
   -0.0298884192
   -0.0214844410
   -0.0147038488
   -0.0103734789
   -0.0112013526
   -0.0083218850
   -0.0060524457
   -0.0054398519
   -0.0044626896
   -0.0046574186
    0.0032671817
   -0.0176251338
   -0.0279147241
   -0.0257922058
   -0.0149509375
   -0.0203577934
    0.0073783400
   -0.0050521765
   -0.0123886354
   -0.0213527264
   -0.0216200257
   -0.0186081773
   -0.0158284736
   -0.0076256836
   -0.0317148223
   -0.0343725081
   -0.0319845360
   -0.0217371114
   -0.0324247703
   -0.0328255307
   -0.0383965127
   -0.0045925009
    0.0010483004
    0.0091746525
    0.0081583860
   -0.0006941073
   -0.0025286834
   -0.0000918763
    0.0054966059
    0.0048159846
   -0.0010046317
    0.0027239988
   -0.0208258308
   -0.0221430625
   -0.0105723007
   -0.0065033497
   -0.0106694909
   -0.0081383250
   -0.0058508091
   -0.0018715139
   -0.0027598711
   -0.0045735098
   -0.0022447826
   -0.0165514000
   -0.0198046605
   -0.0080972656
   -0.0054086594
   -0.0102920532
   -0.0077004774
   -0.0022100157
   -0.0019082527
   -0.0061706131
   -0.0048080773
   -0.0027079645
    0.0138218121
    0.0110044934
    0.0111376460
    0.0152126417
    0.0153109766
    0.0115172569
    0.0074939145
    0.0102448950
    0.0178705936
    0.0171898506
    0.0104692433
    0.0081439411
    0.0105003985
    0.0141450436
    0.0119275370
    0.0213647777
    0.0175904069
    0.0119981045
    0.0056664035
    0.0407558750
    0.0207797157
    0.0102912181
    0.0004434792
    0.0114115498
    0.0139754064
    0.0120341897
    0.0217655063
    0.0066550976
    0.0127797211
    0.0179079860
    0.0025977608
    0.0116895029
    0.0214436633
    0.0115747679
    0.0421803825
    0.0327230650
    0.0284040666
    0.0215749852
    0.0267388380
    0.0313004547
    0.0082518357
    0.0042482703
    0.0096052350
    0.0090224400
    0.0092140726
    0.0130683752
    0.0064306827
    0.0072202187
    0.0012084618
    0.0025770897
   -0.0059434933
   -0.0156022775
   -0.0113807015
   -0.0256948801
   -0.0221498547
   -0.0127232764
   -0.0036268268
   -0.0008832529
   -0.0166677889
   -0.0143675904
   -0.0076020542
   -0.0070703517
   -0.0124840953
   -0.0138617305
   -0.0264448955
   -0.0232827092
   -0.0246226560
    0.0150154844
    0.0107162930
    0.0117904079
    0.0115686754
    0.0022381859
    0.0037004938
    0.0076300436
    0.0095358764
    0.0079591180
    0.0049803466
    0.0049930366
   -0.0026080359
    0.0050203187
    0.0079308464
    0.0044342158
   -0.0021671670
   -0.0035568989
   -0.0260636756
   -0.0175550897
   -0.0081910242
   -0.0188226497
   -0.0174951459
   -0.0090864626
   -0.0196200310
   -0.0278913549
   -0.0025818970
   -0.0063733722
    0.0037901142
    0.0072934517
   -0.0034258059
    0.0046225614
    0.0070923862
    0.0044173951
   -0.0037844148
   -0.0007470865
    0.0055064091
    0.0072932205
    0.0048717911
   -0.0021299130
   -0.0029725772
    0.0044695535
    0.0065255256
    0.0033941835
   -0.0054168935
    0.0041103675
    0.0059771532
    0.0020449934
   -0.0263688618
   -0.0238204915
   -0.0279463120
   -0.0185762074
   -0.0146491657
   -0.0075502021
   -0.0002712232
   -0.0110200931
   -0.0176758779
   -0.0211511590
   -0.0089795615
   -0.0035600919
    0.0033338917
    0.0061798870
    0.0021258488
   -0.0019292054
    0.0012089745
    0.0052101840
    0.0066780838
    0.0040835285
   -0.0008306206
   -0.0040498017
    0.0064576787
    0.0074872671
    0.0055366290
    0.0080302293
   -0.0198734608
   -0.0262914411
   -0.0260554622
   -0.0186607082
   -0.0197999915
   -0.0131787903
   -0.0120167841
   -0.0074521462
   -0.0058627438
   -0.0081990810
   -0.0068767034
   -0.0046769696
   -0.0048140839
   -0.0038678710
   -0.0042222088
   -0.0110541955
   -0.0211011491
   -0.0069782023
   -0.0168739631
   -0.0214789999
   -0.0162138447
    0.0040298133
   -0.0044637083
   -0.0092132166
   -0.0041573550
    0.0016259451
   -0.0137805077
   -0.0169306954
   -0.0206071382
   -0.0203465708
   -0.0190023943
   -0.0179095410
   -0.0146580429
   -0.0266547989
   -0.0268126965
   -0.0262890613
   -0.0028037220
   -0.0046607994
   -0.0037198370
   -0.0005374099
    0.0041301947
    0.0068474942
    0.0030738845
   -0.0018503289
   -0.0023624652
   -0.0010105000
    0.0021228474
    0.0039561681
    0.0014707039
   -0.0015548115
    0.0011939666
   -0.0123536277
   -0.0113316897
   -0.0187270930
   -0.0134342762
   -0.0085446324
   -0.0053052415
   -0.0050306076
   -0.0081054798
   -0.0067771531
   -0.0045247495
   -0.0027157790
   -0.0036625703
   -0.0048177393
   -0.0044364924
   -0.0033074630
   -0.0145554894
   -0.0092789922
   -0.0116414880
   -0.0124846403
   -0.0067820371
   -0.0041681389
   -0.0049959035
   -0.0084072872
   -0.0066646941
   -0.0034243651
   -0.0027465695
   -0.0047384531
   -0.0050380128
   -0.0035737499
    0.0113066184
    0.0097693733
    0.0096842484
    0.0112623503
    0.0129169165
    0.0114411165
    0.0099325580
    0.0083017560
    0.0121162187
    0.0147942117
    0.0119886687
    0.0087219797
    0.0081252566
    0.0049165448
    0.0053830762
    0.0115909975
    0.0102387747
    0.0078246504
    0.0160455402
    0.0138397906
    0.0103613568
    0.0064161770
    0.0254340104
    0.0178061444
    0.0119183498
    0.0065947803
    0.0011669596
    0.0190960758
    0.0074703417
   -0.0016696624
    0.0115924067
    0.0081392646
    0.0103516785
    0.0163391572
    0.0071448995
    0.0108758616
    0.0140960504
    0.0267923394
    0.0027928259
    0.0078715624
    0.0127632730
    0.0184386369
    0.0008429322
    0.0088981791
    0.0197342199
    0.0333696804
    0.0288599567
    0.0267938158
    0.0284418782
    0.0162866121
    0.0129656213
    0.0062848247
    0.0112618740
    0.0154756876
    0.0087703439
    0.0083671062
    0.0085500138
    0.0109329277
    0.0065293359
    0.0071672543
    0.0164409544
    0.0033172169
   -0.0044533520
   -0.0014036482
   -0.0083493342
   -0.0057638306
   -0.0138316568
   -0.0100862400
   -0.0251455638
   -0.0216858281
    0.0002861278
   -0.0092209077
   -0.0080214453
   -0.0031016394
   -0.0023051492
   -0.0062447036
   -0.0064553685
   -0.0172302952
   -0.0142332008
   -0.0131230146
   -0.0153534862
   -0.0234424386
    0.0130858718
    0.0089170243
    0.0097129978
    0.0097025462
    0.0019829625
    0.0048418690
    0.0072993654
    0.0073760756
    0.0053786880
    0.0034762809
    0.0014862431
    0.0061129089
    0.0056725282
    0.0011427448
   -0.0133305166
   -0.0048840129
   -0.0055053452
   -0.0238880318
   -0.0182955808
   -0.0112253128
   -0.0126801205
   -0.0194140773
   -0.0245339254
   -0.0134595299
   -0.0046935519
   -0.0071223778
   -0.0156160840
    0.0062854937
    0.0014853872
    0.0050871636
    0.0050235428
    0.0013133877
   -0.0039770245
    0.0023886609
    0.0052170753
    0.0049769318
    0.0016306624
   -0.0054216541
    0.0013890680
    0.0046338189
    0.0042208914
    0.0000497231
    0.0048253423
   -0.0240209570
   -0.0255297941
   -0.0175478975
   -0.0138979207
   -0.0165196047
   -0.0196449826
   -0.0124066607
   -0.0092780521
   -0.0065957855
   -0.0118561730
   -0.0145572320
   -0.0054127260
    0.0000790972
    0.0044625163
    0.0040136614
   -0.0015153161
   -0.0008532139
    0.0024839760
    0.0047867840
    0.0043438945
    0.0011804040
   -0.0027647040
    0.0046722466
    0.0055392712
    0.0038753849
    0.0061821660
   -0.0239918046
   -0.0167821726
   -0.0171354414
   -0.0143761724
   -0.0126020721
   -0.0139433934
   -0.0163285966
   -0.0101721979
   -0.0114120935
   -0.0085275734
   -0.0055264148
   -0.0052498933
   -0.0056055516
   -0.0040829243
   -0.0040004691
   -0.0031470752
   -0.0034661397
   -0.0055951379
   -0.0125746884
   -0.0153968843
   -0.0233104428
   -0.0208605440
   -0.0131107588
   -0.0146356388
    0.0042653783
   -0.0015797493
   -0.0059089369
   -0.0014974536
    0.0030800415
   -0.0102836815
   -0.0123359408
   -0.0149159542
   -0.0156173071
   -0.0141576862
   -0.0127462319
   -0.0106759050
   -0.0203684579
   -0.0202975535
   -0.0198886977
   -0.0019368037
    0.0014323461
    0.0051057453
    0.0045747575
    0.0003431630
   -0.0029839281
   -0.0025333814
   -0.0014019707
    0.0011740732
    0.0027527909
    0.0006318066
   -0.0018358067
    0.0003866952
   -0.0114946572
   -0.0119747306
   -0.0129385848
   -0.0075759583
   -0.0054828190
   -0.0058266107
   -0.0086113363
   -0.0066796488
   -0.0041131412
   -0.0032862588
   -0.0043458192
   -0.0046833015
   -0.0040079816
   -0.0034573834
   -0.0151356824
   -0.0097714026
   -0.0106037471
   -0.0121100847
   -0.0074149247
   -0.0049568687
   -0.0050546863
   -0.0073536751
   -0.0065908565
   -0.0040971741
   -0.0031921604
   -0.0041568735
   -0.0048526987
   -0.0036039709
    0.0096594245
    0.0088457593
    0.0085583129
    0.0095051383
    0.0108236749
    0.0096660529
    0.0087684544
    0.0065992552
    0.0087440810
    0.0120934225
    0.0118695228
    0.0088368454
    0.0071119490
    0.0104365416
    0.0089710911
    0.0072161424
    0.0143356262
    0.0121117608
    0.0092131453
    0.0061247311
    0.0228117060
    0.0156495031
    0.0103154549
    0.0058565662
    0.0013129915
    0.0059880693
   -0.0013607523
    0.0105513033
    0.0091675273
    0.0147594443
    0.0068200190
    0.0097101056
    0.0124455856
    0.0242120677
    0.0028822256
    0.0070188835
    0.0111349801
    0.0163550222
    0.0009306151
    0.0074434060
    0.0270531060
    0.0229536422
    0.0215069826
    0.0227797653
    0.0120547844
    0.0096668201
    0.0087599403
    0.0116097452
    0.0080377286
    0.0077412650
    0.0078972448
    0.0094274454
    0.0064291340
    0.0069438115
    0.0078739661
    0.0090318000
    0.0127866130
    0.0040639483
    0.0049117914
    0.0198242860
   -0.0001980955
    0.0003295218
    0.0017542416
   -0.0034780467
   -0.0067753617
   -0.0087346027
   -0.0133662025
   -0.0101640067
   -0.0043845639
   -0.0018642414
   -0.0007114727
   -0.0025006782
   -0.0111840914
   -0.0096150530
   -0.0056226147
   -0.0002065993
   -0.0052765621
   -0.0083564658
   -0.0092206345
   -0.0173385086
   -0.0143401900
   -0.0156265908
    0.0082140415
    0.0085436358
    0.0088975237
    0.0035344926
    0.0050412724
    0.0065756308
    0.0066928721
    0.0055842789
    0.0048533922
    0.0010709000
    0.0044138565
    0.0056467029
    0.0042766422
    0.0013871255
   -0.0054006728
    0.0005079908
   -0.0157972413
   -0.0106686629
   -0.0047459298
   -0.0056992111
   -0.0114529925
   -0.0163361168
   -0.0108190097
   -0.0047673774
   -0.0063733850
   -0.0122176324
   -0.0173518828
   -0.0054893535
   -0.0077160763
    0.0013874502
    0.0041740607
    0.0042159140
    0.0015612590
    0.0001284201
    0.0033840325
    0.0043381956
    0.0031199068
   -0.0004393242
    0.0000529203
    0.0032104842
    0.0040671986
    0.0027311493
   -0.0009844651
    0.0011171552
    0.0034949426
    0.0031062481
   -0.0001488961
   -0.0171587633
   -0.0186827083
   -0.0128650012
   -0.0102551919
   -0.0060570199
   -0.0083134730
   -0.0123366813
   -0.0146377329
   -0.0067662979
   -0.0055575953
   -0.0088628613
   -0.0032979534
   -0.0005393588
    0.0026174370
    0.0037109147
    0.0018884974
   -0.0020709427
    0.0000926396
    0.0022946400
    0.0038163095
    0.0034754323
    0.0013118280
   -0.0013306556
    0.0037283108
    0.0042377143
    0.0031243716
   -0.0149653431
   -0.0116791235
   -0.0149943760
   -0.0121789096
   -0.0105836656
   -0.0067680560
   -0.0081749120
   -0.0075503992
   -0.0065076741
   -0.0041740773
   -0.0042549618
   -0.0046513362
   -0.0040486622
   -0.0034012346
   -0.0031982071
   -0.0040993820
   -0.0033476388
   -0.0026234499
   -0.0028843348
   -0.0101489462
   -0.0073240231
   -0.0131434946
   -0.0165570818
   -0.0118710294
    0.0057922354
    0.0015551784
    0.0060598963
   -0.0012701666
   -0.0030027056
   -0.0057081452
   -0.0081105983
   -0.0098550687
   -0.0074371777
   -0.0053965492
   -0.0031307318
   -0.0013922256
   -0.0117292178
   -0.0126051803
   -0.0134162413
   -0.0130151041
   -0.0127328870
   -0.0126224950
   -0.0123687252
   -0.0117444527
   -0.0168228397
   -0.0160444647
   -0.0005607208
   -0.0020102567
   -0.0013879384
    0.0010297215
    0.0033573048
    0.0029943433
    0.0002378924
   -0.0021713667
   -0.0021648620
   -0.0012995095
    0.0005743182
    0.0016788046
    0.0001836671
   -0.0016147298
   -0.0000896559
   -0.0085309959
   -0.0071127039
   -0.0082804116
   -0.0118469653
   -0.0088760455
   -0.0054481767
   -0.0043770269
   -0.0047179550
   -0.0064316870
   -0.0055643725
   -0.0038237198
   -0.0033536165
   -0.0040680661
   -0.0034468646
   -0.0115808290
   -0.0121975917
   -0.0156894673
   -0.0100505648
   -0.0069499776
   -0.0063514854
   -0.0081102060
   -0.0085375428
   -0.0058270917
   -0.0042295840
   -0.0041062778
   -0.0052801422
   -0.0055750389
   -0.0039557181
   -0.0033049270
   -0.0037949547
   -0.0035218639
    0.0084597262
    0.0081174064
    0.0078441065
    0.0083283315
    0.0091579930
    0.0084591275
    0.0080020166
    0.0065192805
    0.0078748043
    0.0098997218
    0.0098236042
    0.0079994494
    0.0069169808
    0.0055403968
    0.0057249878
    0.0092092694
    0.0079799564
    0.0116866837
    0.0100529172
    0.0078951081
    0.0057530495
    0.0163069724
    0.0126100918
    0.0092233220
    0.0061519949
    0.0031772917
    0.0151642123
    0.0085622284
    0.0040047347
   -0.0005986243
    0.0082118000
    0.0120435888
    0.0063037444
    0.0083183255
    0.0103643466
    0.0171995490
    0.0042458981
    0.0069905526
    0.0098563405
    0.0131910115
    0.0012867221
    0.0053380720
    0.0095581258
    0.0160366660
   -0.0024042009
    0.0035221190
    0.0203406539
    0.0195471897
    0.0203596576
    0.0139915683
    0.0126268223
    0.0100927060
    0.0107039605
    0.0125367274
    0.0138794003
