   1.7718833179   -0.1644290263    4.3442897118
   1.2468833179   -1.0737557003    4.3442897118
   2.5405366659   -0.1644290263    3.5756363639
  -0.0227869448    1.7991050833    2.5256363639
  -0.8499892532   -1.5569866086    2.5256363639
  -0.0227869448   -2.1279631359    2.5256363639
  -0.2860563421    1.7362188194    2.2664115642
   1.1657009832    1.6643428587    1.2164115642
   0.2258920436    2.0207653759    1.2164115642
  -0.7719052478   -2.0274573693    1.2164115642
   0.2258920436   -2.1486118953    1.2164115642
  -1.6768499251    1.7945765793    2.2344581460
  -1.6768499251   -1.8057075789    2.2344581460
  -1.1649015394    2.0791231358    1.1844581460
  -2.1626988308    1.9579686098    1.1844581460
  -2.9899011391   -1.3981230821    1.1844581460
  -2.1626988308   -1.9690996094    1.1844581460
  -1.1649015394   -2.0902541354    1.1844581460
  -0.6625326638    1.6487397740    0.1344581460
  -1.9663360888   -0.0331101754    3.7974220515
  -1.6611882270    0.9060383752    3.4765706020
  -2.7652235625    0.5473155494    3.4765706020
  -2.7652235625   -0.6135359001    3.4765706020
  -1.6611882270   -0.9722587259    3.4765706020
  -1.6888853808    1.5403909804    2.6365706020
  -2.7652235625    1.3506035186    2.6365706020
  -3.4677534165    0.5133610411    2.6365706020
  -3.4677534165   -0.5795813919    2.6365706020
  -2.7652235625   -1.4168238693    2.6365706020
  -1.6888853808   -1.6066113311    2.6365706020
  -3.4677534165    0.5133610411    1.5982735009
  -3.4677534165   -0.5795813919    1.5982735009
  -2.3621024862    1.8865493683    1.0361828512
  -3.2942457953    1.4608537827    1.0361828512
  -3.2942457953   -1.2880392045    1.0361828512
  -0.9103451609    1.8146734075   -0.0138171488
  -1.8501541005    2.1710959247   -0.0138171488
  -2.8479513919    2.0499413988   -0.0138171488
  -2.8479513919   -1.8771268205   -0.0138171488
  -1.8501541005   -1.9982813465   -0.0138171488
  -3.2942457953    1.4608537827   -1.0638171488
  -3.2942457953   -1.2880392045   -1.0638171488
  -3.9826352299    0.7112962850    1.3368259028
  -3.9826352299   -0.4495551645    1.3368259028
  -3.9826352299    1.5145842542    0.4968259028
  -4.6851650839    0.6773417767    0.4968259028
  -4.6851650839   -0.4156006563    0.4968259028
  -3.9826352299   -1.2528431337    0.4968259028
  -3.9826352299    1.5145842542   -0.5414711983
  -4.6851650839    0.6773417767   -0.5414711983
  -4.6851650839   -0.4156006563   -0.5414711983
  -3.9826352299   -1.2528431337   -0.5414711983
  -3.9826352299    0.7112962850   -1.3814711983
  -3.9826352299   -0.4495551645   -1.3814711983
  -0.6356651497    1.7753944426   -0.1550754363
  -1.1380340253    2.2057778045   -1.2050754363
  -2.1358313167    2.0846232785   -1.2050754363
  -2.1358313167   -1.8424449408   -1.2050754363
  -1.1380340253   -1.9635994667   -1.2050754363
  -1.6499824110    1.9212312480   -2.2550754363
  -1.6499824110   -1.6790529103   -2.2550754363
  -3.4235346411    0.7394746008   -1.6265529487
  -3.4235346411   -0.3534678322   -1.6265529487
  -1.6446666055    1.7665045401   -2.6648500498
  -2.7210047871    1.5767170783   -2.6648500498
  -3.4235346411    0.7394746008   -2.6648500498
  -3.4235346411   -0.3534678322   -2.6648500498
  -2.7210047871   -1.1907103096   -2.6648500498
  -1.6446666055   -1.3804977714   -2.6648500498
  -1.6169694516    1.1321519349   -3.5048500498
  -2.7210047871    0.7734291091   -3.5048500498
  -2.7210047871   -0.3874223404   -3.5048500498
  -1.6169694516   -0.7461451662   -3.5048500498
  -1.9221173134    0.1930033843   -3.8257014993
  -0.2636961303    1.8654586650   -0.1680097997
   0.2482522554    2.1500052215   -1.2180097997
  -0.7495450360   -1.8982175238   -1.2180097997
   0.2482522554   -2.0193720497   -1.2180097997
  -0.2636961303   -1.7348254933   -2.2680097997
   0.0415539268    2.0652638309   -2.5018344740
   0.0415539268   -1.8618043883   -2.5018344740
   2.6048775375    0.1017297213   -3.5518344740
   0.5274028325    1.9018718005   -3.5518344740
   1.8362241896    0.1017297213   -4.3204878219
   1.3112241896    1.0110563953   -4.3204878219
   1.3112241896   -0.8075969527   -4.3204878219
   1.4162710937    1.6270988089    1.0554696127
   0.9139022181    2.0574821708    0.0054696127
  -0.0838950732    1.9363276448    0.0054696127
  -0.0838950732   -1.9907405745    0.0054696127
   0.9139022181   -2.1118951005    0.0054696127
   1.4162710937   -1.6815117386   -1.0445303873
   2.5410075859    1.5349345601    0.9288407679
   3.9764791140   -0.0793980829   -0.0511592321
   3.7138889054    0.9006019171   -0.0511592321
   2.9964791140    1.6180117085   -0.0511592321
   2.0164791140    1.8806019171   -0.0511592321
   2.0164791140   -2.0393980829   -0.0511592321
   2.9964791140   -1.7768078743   -0.0511592321
   3.7138889054   -1.0593980829   -0.0511592321
   3.7138889054   -0.0793980829   -1.0311592321
   3.3897124816    0.9183143596   -1.0311592321
   2.5410075859    1.5349345601   -1.0311592321
   1.4919506420   -1.6937307258   -1.0311592321
   2.5410075859   -1.6937307258   -1.0311592321
   3.3897124816   -1.0771105254   -1.0311592321
   2.9964791140   -0.0793980829   -1.7485690235
   0.3984792907    1.7483170488   -3.8812388853
  -0.6778588910    1.5585295870   -3.8812388853
  -1.3803887450    0.7212871096   -3.8812388853
  -1.3803887450   -0.3716553234   -3.8812388853
  -0.6778588910   -1.2088978009   -3.8812388853
   1.1085078066    0.1748158931   -4.7212388853
   0.4261764445    1.1139644436   -4.7212388853
  -0.6778588910    0.7552416178   -4.7212388853
  -0.6778588910   -0.4056098317   -4.7212388853
   0.4261764445   -0.7643326575   -4.7212388853
   0.1210285827    0.1748158931   -5.0420903348
   1.7016397423   -1.7355405966   -1.2539223251
   2.9942668279   -0.7963920460   -2.0939223251
   0.5976044068   -2.1801057400   -2.0939223251
   1.6739425884   -2.3698932018   -2.0939223251
   2.6204585003   -1.8234219853   -2.0939223251
   2.9942668279   -0.7963920460   -3.1322194262
   0.5976044068   -2.1801057400   -3.1322194262
   1.6739425884   -2.3698932018   -3.1322194262
   2.6204585003   -1.8234219853   -3.1322194262
   2.3839711044   -0.7963920460   -3.9722194262
   1.7016397423   -1.7355405966   -3.9722194262
   1.7729417675    1.8932714049   -1.1603355952
   3.0655688531    0.9541228544   -2.0003355952
   2.6917605255    1.9811527936   -2.0003355952
   1.7452446137    2.5276240101   -2.0003355952
   0.6689064321    2.3378365483   -2.0003355952
   3.0655688531    0.9541228544   -3.0386326963
   2.6917605255    1.9811527936   -3.0386326963
   1.7452446137    2.5276240101   -3.0386326963
   0.6689064321    2.3378365483   -3.0386326963
   2.4552731296    0.9541228544   -3.8786326963
   1.7729417675    1.8932714049   -3.8786326963
   0.0291302941   -0.1811172593    5.0455808143
   1.0166095180   -0.1811172593    4.7247293648
   0.3342781559    0.7580312913    4.7247293648
  -0.7697571796    0.3993084654    4.7247293648
  -0.7697571796   -0.7615429840    4.7247293648
   0.3342781559   -1.1202658098    4.7247293648
   0.3065810021    1.3923838964    3.8847293648
  -0.7697571796    1.2025964347    3.8847293648
  -1.4722870336    0.3653539572    3.8847293648
  -1.4722870336   -0.7275884758    3.8847293648
  -0.7697571796   -1.5648309533    3.8847293648
   0.3065810021   -1.7546184150    3.8847293648
   1.3934331465    0.6867507874    4.3566489979
   2.3809123704    0.6867507874    4.0357975485
   1.6985810083    1.6258993379    4.0357975485
   2.9912080939    0.6867507874    3.1957975485
   2.6173997663    1.7137807266    3.1957975485
   1.6708838545    2.2602519431    3.1957975485
   0.5945456728    2.0704644813    3.1957975485
   2.9912080939    0.6867507874    2.1575004474
   2.6173997663    1.7137807266    2.1575004474
   1.6708838545    2.2602519431    2.1575004474
   0.5945456728    2.0704644813    2.1575004474
   1.6985810083    1.6258993379    1.3175004474
   2.3090120664   -1.0784877877    3.9414250563
   1.6266807043   -2.0176363383    3.9414250563
   2.9193077899   -1.0784877877    3.1014250563
   0.5226453688   -2.4622014817    3.1014250563
   1.5989835505   -2.6519889434    3.1014250563
   2.5454994623   -2.1055177269    3.1014250563
   0.5226453688   -2.4622014817    2.0631279552
   1.5989835505   -2.6519889434    2.0631279552
   2.5454994623   -2.1055177269    2.0631279552
   1.6266807043   -2.0176363383    1.2231279552
   3.3770411933   -0.1408058397    2.1723279383
   3.9873369169   -0.1408058397    1.3323279383
   3.6135285893    0.8862240996    1.3323279383
   2.6670126774    1.4326953161    1.3323279383
   2.6670126774   -1.7143069954    1.3323279383
   3.6135285893   -1.1678357789    1.3323279383
   3.9873369169   -0.1408058397    0.2940308372
   3.6135285893   -1.1678357789    0.2940308372
   1.7632042918   -0.1644290263    4.6879616469
   1.2425438049    0.7373813906    4.6879616469
   1.2425438049   -1.0662394432    4.6879616469
   2.5982788759   -0.1644290263    4.0220118883
   0.4548443876    1.6928675304    4.0220118883
   0.4548443876   -2.0217255830    4.0220118883
  -0.7369749480    1.6649213774    3.0596866054
  -0.7369749480   -1.9937794300    3.0596866054
   0.4934255020    2.2172393818    1.7504618057
  -0.5478954719    2.2172393818    1.7504618057
  -0.5478954719   -2.3450859012    1.7504618057
  -0.5478954719    2.2172393818    0.6823613227
  -0.5478954719   -2.3450859012    0.6823613227
   0.4934255020   -2.3450859012    0.6823613227
  -1.6850674983    1.8517310569    2.6808336705
  -1.6850674983   -1.8628620565    2.6808336705
  -0.8973680810    2.2755971417    1.7185083875
  -1.9386890549    2.2755971417    1.7185083875
  -2.8768868339    1.8237849039    1.7185083875
  -2.8768868339   -1.8349159035    1.7185083875
  -1.9386890549   -2.2867281413    1.7185083875
  -0.8973680810   -2.2867281413    1.7185083875
  -0.8973680810    2.2755971417    0.6504079045
  -1.9386890549   -2.2867281413    0.6504079045
  -0.8973680810   -2.2867281413    0.6504079045
  -1.9663360888   -0.0331101754    4.0374220515
  -2.4463360888    0.7982742123    3.7801908267
  -2.9263360888   -0.0331101754    3.7801908267
  -2.4463360888   -0.8644945630    3.7801908267
  -1.4525122795    1.5482769034    3.0774220515
  -2.4801598980    1.5482769034    3.0774220515
  -3.3115442857    0.9442407887    3.0774220515
  -3.6291048640   -0.0331101754    3.0774220515
  -3.3115442857   -1.0104611394    3.0774220515
  -2.4801598980   -1.6144972542    3.0774220515
  -1.4525122795   -1.6144972542    3.0774220515
  -2.9263360888    1.6296585999    2.1174220515
  -3.6291048640    0.9268898246    2.1174220515
  -3.8863360888   -0.0331101754    2.1174220515
  -3.6291048640   -0.9931101754    2.1174220515
  -2.9263360888   -1.6958789506    2.1174220515
  -3.3320589013    1.5044924333    1.4825583757
  -1.5826206421    2.3675699306    0.5202330927
  -2.6239416160    2.3675699306    0.5202330927
  -3.5621393950   -1.7429431146    0.5202330927
  -2.6239416160   -2.1947553524    0.5202330927
  -2.6239416160    2.3675699306   -0.5478673903
  -3.5621393950   -1.7429431146   -0.5478673903
  -2.6239416160   -2.1947553524   -0.5478673903
  -1.5826206421   -2.1947553524   -0.5478673903
  -3.3320589013    1.5044924333   -1.5101926732
  -3.3320589013   -1.3316778551   -1.5101926732
  -3.6637477562    0.9622549479    1.6404461275
  -4.1437477562    0.1308705602    1.6404461275
  -3.6975715655    1.7122576390    0.9376773523
  -4.5289559531    1.1082215243    0.9376773523
  -4.8465165315    0.1308705602    0.9376773523
  -4.5289559531   -0.8464804038    0.9376773523
  -3.6975715655   -1.4505165186    0.9376773523
  -4.1437477562    1.7936393355   -0.0223226477
  -4.8465165315    1.0908705602   -0.0223226477
  -5.1037477562    0.1308705602   -0.0223226477
  -4.8465165315   -0.8291294398   -0.0223226477
  -4.1437477562   -1.5318982150   -0.0223226477
  -3.6975715655    1.7122576390   -0.9823226477
  -4.5289559531    1.1082215243   -0.9823226477
  -4.8465165315    0.1308705602   -0.9823226477
  -4.5289559531   -0.8464804038   -0.9823226477
  -3.6975715655   -1.4505165186   -0.9823226477
  -3.6637477562    0.9622549479   -1.6850914230
  -4.1437477562    0.1308705602   -1.6850914230
  -3.6637477562   -0.7005138274   -1.6850914230
  -0.8705005669    2.4022518103   -0.6710251948
  -1.9118215408    2.4022518103   -0.6710251948
  -0.8705005669   -2.1600734726   -0.6710251948
  -0.8705005669    2.4022518103   -1.7391256778
  -1.9118215408    2.4022518103   -1.7391256778
  -2.8500193198    1.9504395726   -1.7391256778
  -3.4992723275   -0.8941237141   -1.7391256778
  -2.8500193198   -1.7082612349   -1.7391256778
  -1.9118215408   -2.1600734726   -1.7391256778
  -0.8705005669   -2.1600734726   -1.7391256778
  -1.6581999842   -1.7362073878   -2.7014509608
  -2.8821173134    1.8557721596   -2.1457014993
  -3.5848860887    1.1530033843   -2.1457014993
  -3.8421173134    0.1930033843   -2.1457014993
  -3.5848860887   -0.7669966157   -2.1457014993
  -1.4082935041    1.7743904632   -3.1057014993
  -2.4359411227    1.7743904632   -3.1057014993
  -3.2673255103    1.1703543484   -3.1057014993
  -3.5848860887    0.1930033843   -3.1057014993
  -3.2673255103   -0.7843475797   -3.1057014993
  -2.4359411227   -1.3883836945   -3.1057014993
  -1.4082935041   -1.3883836945   -3.1057014993
  -2.4021173134    1.0243877720   -3.8084702745
  -2.8821173134    0.1930033843   -3.8084702745
  -2.4021173134   -0.6383810033   -3.8084702745
  -1.9221173134    0.1930033843   -4.0657014993
   0.5157857138    2.3464792273   -0.6839595582
  -0.5255352601    2.3464792273   -0.6839595582
  -0.5255352601   -2.2158460556   -0.6839595582
  -0.5255352601    2.3464792273   -1.7520600412
  -0.5255352601   -2.2158460556   -1.7520600412
   0.2655637026    2.3828923628   -1.9677842325
   3.1260511788    0.1017297213   -3.0358847155
   0.2655637026    2.3828923628   -3.0358847155
  -0.6726340763    1.9310801250   -3.0358847155
  -0.6726340763   -1.7276206824   -3.0358847155
   2.6626197475    0.1017297213   -3.9982099984
   0.5191852592    1.9590262780   -3.9982099984
   1.8275451635    0.1017297213   -4.6641597569
   1.3068846765    1.0035401382   -4.6641597569
   1.3068846765   -0.8000806956   -4.6641597569
   1.1814356765    2.2539561766    0.5395198542
   0.1401147026    2.2539561766    0.5395198542
   1.1814356765   -2.3083691063    0.5395198542
   1.1814356765    2.2539561766   -0.5285806288
   0.1401147026   -2.3083691063   -0.5285806288
   1.1814356765   -2.3083691063   -0.5285806288
   3.9501720935    0.9354822829    0.4472876600
   3.2570407916    1.7178657875    0.4472876600
   2.2797117598    2.0885177988    0.4472876600
   2.2797117598   -2.2473139645    0.4472876600
   3.2570407916   -1.8766619533    0.4472876600
   4.2003176372   -0.0793980829   -0.5496061241
   3.9501720935    0.9354822829   -0.5496061241
   3.2570407916    1.7178657875   -0.5496061241
   2.2797117598    2.0885177988   -0.5496061241
   2.2797117598   -2.2473139645   -0.5496061241
   3.2570407916   -1.8766619533   -0.5496061241
   3.9501720935   -1.0942784486   -0.5496061241
   3.7677816347   -0.0793980829   -1.4477763882
   3.4333126155    0.9499917111   -1.4477763882
   3.4333126155   -1.1087878769   -1.4477763882
  -0.8389714173    1.8375846683   -3.3620903348
  -0.8389714173   -1.4879528822   -3.3620903348
   0.6348523920    1.7562029719   -4.3220903348
  -0.3927952266    1.7562029719   -4.3220903348
  -1.2241796142    1.1521668571   -4.3220903348
  -1.5417401925    0.1748158931   -4.3220903348
  -1.2241796142   -0.8025350710   -4.3220903348
  -0.3927952266   -1.4065711857   -4.3220903348
   1.0810285827    0.1748158931   -5.0248591101
   0.6010285827    1.0062002807   -5.0248591101
  -0.3589714173    1.0062002807   -5.0248591101
  -0.8389714173    0.1748158931   -5.0248591101
  -0.3589714173   -0.6565684946   -5.0248591101
   0.6010285827   -0.6565684946   -5.0248591101
   0.1210285827    0.1748158931   -5.2820903348
   0.8826680712   -2.3777791249   -1.6530708757
   1.9103156898   -2.3777791249   -1.6530708757
   2.7417000774   -1.7737430101   -1.6530708757
   3.3164918805   -0.7963920460   -2.6130708757
   0.4364918805   -2.4591608213   -2.6130708757
   1.3964918805   -2.7163920460   -2.6130708757
   2.3564918805   -2.4591608213   -2.6130708757
   3.0592606558   -1.7563920460   -2.6130708757
   3.0592606558   -0.7963920460   -3.5730708757
   0.8826680712   -2.3777791249   -3.5730708757
   1.9103156898   -2.3777791249   -3.5730708757
   2.7417000774   -1.7737430101   -3.5730708757
   2.3564918805   -0.7963920460   -4.2758396510
   0.9164918805   -1.6277764337   -4.2758396510
   1.8764918805   -1.6277764337   -4.2758396510
   2.8130021027    1.9314738185   -1.5594841458
   1.9816177150    2.5355099332   -1.5594841458
   0.9539700965    2.5355099332   -1.5594841458
   3.3877939057    0.9541228544   -2.5194841458
   3.1305626810    1.9141228544   -2.5194841458
   2.4277939057    2.6168916297   -2.5194841458
   1.4677939057    2.8741228544   -2.5194841458
   0.5077939057    2.6168916297   -2.5194841458
   3.1305626810    0.9541228544   -3.4794841458
   2.8130021027    1.9314738185   -3.4794841458
   1.9816177150    2.5355099332   -3.4794841458
   0.9539700965    2.5355099332   -3.4794841458
   2.4277939057    0.9541228544   -4.1822529211
   1.9477939057    1.7855072420   -4.1822529211
   0.0291302941   -0.1811172593    5.2855808143
   0.9891302941   -0.1811172593    5.0283495895
   0.5091302941    0.6502671283    5.0283495895
  -0.4508697059    0.6502671283    5.0283495895
  -0.9308697059   -0.1811172593    5.0283495895
  -0.4508697059   -1.0125016469    5.0283495895
   0.5091302941   -1.0125016469    5.0283495895
  -0.4846935152    1.4002698195    4.3255808143
  -1.3160779028    0.7962337048    4.3255808143
  -1.6336384811   -0.1811172593    4.3255808143
  -1.3160779028   -1.1584682234    4.3255808143
  -0.4846935152   -1.7625043381    4.3255808143
   0.5429541034   -1.7625043381    4.3255808143
  -0.9308697059    1.4816515160    3.3655808143
  -0.9308697059   -1.8438860346    3.3655808143
   2.3534331465    0.6867507874    4.3394177732
   1.8734331465    1.5181351750    4.3394177732
   0.9134331465    1.5181351750    4.3394177732
   3.0562019218    0.6867507874    3.6366489979
   2.7386413434    1.6641017514    3.6366489979
   1.9072569558    2.2681378662    3.6366489979
   0.8796093373    2.2681378662    3.6366489979
   3.3134331465    0.6867507874    2.6766489979
   3.0562019218    1.6467507874    2.6766489979
   2.3534331465    2.3495195626    2.6766489979
   1.3934331465    2.6067507874    2.6766489979
   0.4334331465    2.3495195626    2.6766489979
   2.7386413434    1.6641017514    1.7166489979
   1.9072569558    2.2681378662    1.7166489979
   0.8796093373    2.2681378662    1.7166489979
   2.2815328425   -1.0784877877    4.2450452810
   0.8415328425   -1.9098721753    4.2450452810
   1.8015328425   -1.9098721753    4.2450452810
   2.9843016178   -1.0784877877    3.5422765058
   0.8077090332   -2.6598748665    3.5422765058
   1.8353566518   -2.6598748665    3.5422765058
   2.6667410394   -2.0558387518    3.5422765058
   3.2415328425   -1.0784877877    2.5822765058
   0.3615328425   -2.7412565630    2.5822765058
   1.3215328425   -2.9984877877    2.5822765058
   2.2815328425   -2.7412565630    2.5822765058
   2.9843016178   -2.0384877877    2.5822765058
   0.8077090332   -2.6598748665    1.6222765058
   1.8353566518   -2.6598748665    1.6222765058
   2.6667410394   -2.0558387518    1.6222765058
   3.3495619695   -0.1408058397    2.4759481630
   4.0523307447   -0.1408058397    1.7731793877
   3.7347701664    0.8365451244    1.7731793877
   3.7347701664   -1.1181568037    1.7731793877
   4.3095619695   -0.1408058397    0.8131793877
   4.0523307447    0.8191941603    0.8131793877
   3.3495619695    1.5219629356    0.8131793877
   3.3495619695   -1.8035746149    0.8131793877
   4.0523307447   -1.1008058397    0.8131793877
   1.7551285853   -0.1644290263    5.0201111017
   1.2385059516    0.7303876236    5.0201111017
   1.2385059516   -1.0592456762    5.0201111017
   2.6310716272   -0.1644290263    4.4348246731
   0.4501774925    1.7253264987    4.4348246731
   0.4501774925   -2.0541845513    4.4348246731
   3.2163580557   -0.1644290263    3.5588816313
   0.1668104696    2.2675040218    3.5588816313
  -0.3113619494    2.3300457115    2.5256363639
  -0.3113619494   -2.6589037641    2.5256363639
  -0.5823078334    2.3680097884    2.2496568316
   1.0060102824    2.4305514781    1.2164115642
  -0.0272349850    2.6360767403    1.2164115642
  -0.0272349850   -2.7639232597    1.2164115642
  -0.5823078334    2.3680097884    0.1831662968
  -0.5823078334   -2.4958563078    0.1831662968
  -1.6897343934    1.8841900252    3.0936464552
  -0.8629557196    2.4263675483    2.2177034134
  -1.9731014163    2.4263675483    2.2177034134
  -2.9733081280    1.9446933824    2.2177034134
  -2.9733081280   -1.9558243820    2.2177034134
  -1.9731014163   -2.4374985479    2.2177034134
  -0.8629557196   -2.4374985479    2.2177034134
  -1.4180285680    2.6944345002    1.1844581460
  -2.4512738353    2.4889092380    1.1844581460
  -2.4512738353   -2.5000402376    1.1844581460
  -1.4180285680   -2.7055654998    1.1844581460
  -0.8629557196   -2.4374985479    0.1512128786
  -1.9663360888   -0.0331101754    4.2774220515
  -2.5063360888    0.9021972607    3.9880369236
  -3.0463360888   -0.0331101754    3.9880369236
  -2.5063360888   -0.9684176115    3.9880369236
  -2.2325523418    1.8184645346    3.1974220515
  -3.1913283169    1.3806062181    3.1974220515
  -3.7611779150    0.4939029354    3.1974220515
  -3.7611779150   -0.5601232862    3.1974220515
  -3.1913283169   -1.4468265688    3.1974220515
  -2.2325523418   -1.8846848854    3.1974220515
  -3.5831193048    1.3992347664    2.1174220515
  -4.0635704144    0.4838116595    2.1174220515
  -4.0635704144   -0.5500320102    2.1174220515
  -3.5831193048   -1.4654551172    2.1174220515
  -2.6583539774    2.5183403372    1.0194281186
  -3.6585606891    2.0366661713    1.0194281186
  -3.6585606891   -1.8638515931    1.0194281186
  -1.0700358617    2.5808820269   -0.0138171488
  -2.1032811291    2.7864072891   -0.0138171488
  -3.1365263965    2.5808820269   -0.0138171488
  -3.1365263965   -2.4080674487   -0.0138171488
  -2.1032811291   -2.6135927109   -0.0138171488
  -1.0700358617   -2.4080674487   -0.0138171488
  -2.6583539774    2.5183403372   -1.0470624162
  -3.6585606891    2.0366661713   -1.0470624162
  -3.6585606891   -1.8638515931   -1.0470624162
  -2.6583539774   -2.3455257590   -1.0470624162
  -4.2637477562    0.1308705602    1.8482922245
  -4.4087399843    1.5445869537    1.0576773523
  -4.9785895824    0.6578836710    1.0576773523
  -4.9785895824   -0.3961425506    1.0576773523
  -4.4087399843   -1.2828458332    1.0576773523
  -3.9496943122    2.1505056444   -0.0223226477
  -4.8005309723    1.5632155020   -0.0223226477
  -5.2809820819    0.6477923951   -0.0223226477
  -5.2809820819   -0.3860512746   -0.0223226477
  -4.8005309723   -1.3014743816   -0.0223226477
  -3.9496943122   -1.8887645240   -0.0223226477
  -4.4087399843    1.5445869537   -1.1023226477
  -4.9785895824    0.6578836710   -1.1023226477
  -4.9785895824   -0.3961425506   -1.1023226477
  -4.4087399843   -1.2828458332   -1.1023226477
  -4.2637477562    0.1308705602   -1.8929375199
  -0.8360882055    2.5530222170   -0.1718301689
  -0.8360882055   -2.3108438792   -0.1718301689
  -1.3911610539    2.8210891689   -1.2050754363
  -2.4244063213    2.6155639066   -1.2050754363
  -2.4244063213   -2.3733855689   -1.2050754363
  -1.3911610539   -2.5789108311   -1.2050754363
  -0.8360882055    2.5530222170   -2.2383207037
  -1.9462339023    2.5530222170   -2.2383207037
  -2.9464406139   -1.8291697134   -2.2383207037
  -1.9462339023   -2.3108438792   -2.2383207037
  -0.8360882055   -2.3108438792   -2.2383207037
  -1.6628668793   -1.7686663562   -3.1142637455
  -3.5389005295    1.6253483261   -2.1457014993
  -4.0193516390    0.7099252192   -2.1457014993
  -4.0193516390   -0.3239184505   -2.1457014993
  -3.5389005295   -1.2393415575   -2.1457014993
  -2.1883335664    2.0445780943   -3.2257014993
  -3.1471095415    1.6067197778   -3.2257014993
  -3.7169591396    0.7200164951   -3.2257014993
  -3.7169591396   -0.3340097265   -3.2257014993
  -3.1471095415   -1.2207130091   -3.2257014993
  -2.1883335664   -1.6585713256   -3.2257014993
  -2.4621173134    1.1283108204   -4.0163163714
  -3.0021173134    0.1930033843   -4.0163163714
  -2.4621173134   -0.7423040517   -4.0163163714
  -1.9221173134    0.1930033843   -4.3057014993
  -0.5599476216    2.4972496340   -0.1847645323
  -0.0048747732    2.7653165859   -1.2180097997
  -0.0048747732   -2.6346834141   -1.2180097997
   1.0283704942   -2.4291581519   -1.2180097997
  -0.5599476216    2.4972496340   -2.2512550671
  -0.5599476216   -2.3666164622   -2.2512550671
   3.4862241896    0.1017297213   -2.5018344740
  -0.2470210778    2.5962044591   -2.5018344740
  -0.2470210778   -2.3927450165   -2.5018344740
   3.2806989274    0.1017297213   -3.5350797413
   0.2311513412    2.5336627694   -3.5350797413
  -0.7690553704   -1.8485291609   -3.5350797413
   2.6954124988    0.1017297213   -4.4110227832
   0.5145183641   -1.7880258037   -4.4110227832
   1.8194694570    0.1017297213   -4.9963092117
   1.3028468233    0.9965463712   -4.9963092117
   1.3028468233   -0.7930869286   -4.9963092117
   1.2158480379    2.4047265832    1.0387148801
   1.6940204569    2.4672682729    0.0054696127
   0.6607751896    2.6727935352    0.0054696127
  -0.3724700778    2.4672682729    0.0054696127
  -0.3724700778   -2.5216812026    0.0054696127
   0.6607751896   -2.7272064648    0.0054696127
   1.2158480379   -2.4591395129   -1.0277756547
   4.2299959512    0.9865754443    0.5095935215
   3.5482802932    1.8414198410    0.5095935215
   2.5631726252    2.3158226907    0.5095935215
   2.5631726252   -2.4746188564    0.5095935215
   3.5482802932   -2.0002160068    0.5095935215
   4.4732974527   -0.0793980829   -0.6119119856
   4.2299959512    0.9865754443   -0.6119119856
   3.5482802932    1.8414198410   -0.6119119856
   2.5631726252    2.3158226907   -0.6119119856
   2.5631726252   -2.4746188564   -0.6119119856
   3.5482802932   -2.0002160068   -0.6119119856
   4.2299959512   -1.1453716100   -0.6119119856
   3.9866944498   -0.0793980829   -1.6223535327
   3.6739297256    0.9857807468   -1.6223535327
   3.6739297256   -1.1445769126   -1.6223535327
  -0.1451876703    2.0263906031   -4.4420903348
  -1.1039636454    1.5885322865   -4.4420903348
  -1.6738132435    0.7018290039   -4.4420903348
  -1.6738132435   -0.3521972177   -4.4420903348
  -1.1039636454   -1.2389005004   -4.4420903348
  -0.1451876703   -1.6767588169   -4.4420903348
   1.2010285827    0.1748158931   -5.2327052070
   0.6610285827    1.1101233292   -5.2327052070
  -0.4189714173    1.1101233292   -5.2327052070
  -0.9589714173    0.1748158931   -5.2327052070
  -0.4189714173   -0.7604915430   -5.2327052070
   0.6610285827   -0.7604915430   -5.2327052070
   0.1210285827    0.1748158931   -5.5220903348
   1.1302756275   -2.6479667560   -1.5330708757
   2.1735733820   -2.4979631848   -1.5330708757
   3.5564918805   -0.7963920460   -2.6130708757
   0.6305453245   -2.8160271302   -2.6130708757
   1.6568511099   -2.9406432141   -2.6130708757
   2.6235117334   -2.5740371964   -2.6130708757
   3.3090768959   -1.8001940977   -2.6130708757
   3.2671067527   -0.7963920460   -3.6930708757
   1.1302756275   -2.6479667560   -3.6930708757
   2.1735733820   -2.4979631848   -3.6930708757
   2.9701532503   -1.8077227997   -3.6930708757
   2.4764918805   -0.7963920460   -4.4836857479
   0.8564918805   -1.7316994821   -4.4836857479
   1.9364918805   -1.7316994821   -4.4836857479
   3.0414552755    1.9654536080   -1.4394841458
   2.2448754072    2.6556939931   -1.4394841458
   1.2015776527    2.8056975644   -1.4394841458
   3.6277939057    0.9541228544   -2.5194841458
   3.3803789212    1.9579249060   -2.5194841458
   2.6948137587    2.7317680047   -2.5194841458
   1.7281531351    3.0983740224   -2.5194841458
   0.7018473497    2.9737579386   -2.5194841458
   3.3384087779    0.9541228544   -3.5994841458
   3.0414552755    1.9654536080   -3.5994841458
   2.2448754072    2.6556939931   -3.5994841458
   1.2015776527    2.8056975644   -3.5994841458
   2.5477939057    0.9541228544   -4.3900990180
   2.0077939057    1.8894302905   -4.3900990180
   0.0291302941   -0.1811172593    5.5255808143
   1.1091302941   -0.1811172593    5.2361956864
   0.5691302941    0.7541901768    5.2361956864
  -0.5108697059    0.7541901768    5.2361956864
  -1.0508697059   -0.1811172593    5.2361956864
  -0.5108697059   -1.1164246954    5.2361956864
   0.5691302941   -1.1164246954    5.2361956864
  -0.2370859589    1.6704574507    4.4455808143
  -1.1958619340    1.2325991341    4.4455808143
  -1.7657115321    0.3458958515    4.4455808143
  -1.7657115321   -0.7081303701    4.4455808143
  -1.1958619340   -1.5948336527    4.4455808143
  -0.2370859589   -2.0326919693    4.4455808143
   2.4734331465    0.6867507874    4.5472638701
   1.9334331465    1.6220582234    4.5472638701
   0.8534331465    1.6220582234    4.5472638701
   3.2640480187    0.6867507874    3.7566489979
   2.9670945163    1.6980815410    3.7566489979
   2.1705146480    2.3883219261    3.7566489979
   1.1272168935    2.5383254973    3.7566489979
   3.5534331465    0.6867507874    2.6766489979
   3.3060181619    1.6905528390    2.6766489979
   2.6204529995    2.4643959377    2.6766489979
   1.6537923759    2.8310019554    2.6766489979
   0.6274865905    2.7063858716    2.6766489979
   2.1705146480    2.3883219261    1.5966489979
   1.1272168935    2.5383254973    1.5966489979
   2.4015328425   -1.0784877877    4.4528913780
   1.8615328425   -2.0137952238    4.4528913780
   3.1921477147   -1.0784877877    3.6622765058
   1.0553165895   -2.9300624977    3.6622765058
   2.0986143440   -2.7800589264    3.6622765058
   2.8951942123   -2.0898185413    3.6622765058
   3.4815328425   -1.0784877877    2.5822765058
   0.5555862865   -3.0981228719    2.5822765058
   1.5818920719   -3.2227389558    2.5822765058
   2.5485526955   -2.8561329380    2.5822765058
   3.2341178579   -2.0822898393    2.5822765058
   1.0553165895   -2.9300624977    1.5022765058
   2.0986143440   -2.7800589264    1.5022765058
   3.4695619695   -0.1408058397    2.6837942599
   4.2601768417   -0.1408058397    1.8931793877
   3.9632233393    0.8705249140    1.8931793877
   3.9632233393   -1.1521365933    1.8931793877
   4.5495619695   -0.1408058397    0.8131793877
   4.3021469849    0.8629962119    0.8131793877
   3.6165818224   -1.9184509900    0.8131793877
   4.3021469849   -1.1446078913    0.8131793877
   1.7479437479   -0.1644290263    5.3447142262
   1.2349135329    0.7241653719    5.3447142262
   1.2349135329   -1.0530234245    5.3447142262
   2.6502461470   -0.1644290263    4.8237696932
   0.4474486738    1.7443058496    4.8237696932
   0.4474486738   -2.0731639022    4.8237696932
   1.5229541877   -1.9185295543    4.8237696932
   2.3441253605   -1.2069806825    4.8237696932
   3.3199595293   -0.1644290263    4.0256363639
  -0.5771547877    2.0855709737    4.0256363639
  -0.5771547877   -2.4144290263    4.0256363639
   3.6763065770   -0.1644290263    3.0465808969
  -0.0866329851    2.6772110250    3.0465808969
  -1.0585544685   -2.5221096837    3.0465808969
  -0.0866329851   -3.0060690776    3.0465808969
  -0.0866329851   -3.0060690776    2.0046918309
   0.2453648023    2.8778969506    1.7373560972
  -0.8357512880   -2.9055633110    1.7373560972
   0.2453648023    2.8778969506    0.6954670312
   0.2453648023   -3.0057434700    0.6954670312
  -1.6896014818    2.5782781782    2.6844581460
  -2.7170666736    2.2444345002    2.6844581460
  -2.7170666736   -2.2555654998    2.6844581460
  -1.6896014818   -2.5894091778    2.6844581460
  -1.1454287807    2.9362547105    1.7054026790
  -2.2265448710    2.8360745515    1.7054026790
  -3.1984663544    2.3521151576    1.7054026790
  -3.9299298490   -1.5608689261    1.7054026790
  -3.1984663544   -2.3632461572    1.7054026790
  -2.2265448710   -2.8472055511    1.7054026790
  -1.1454287807   -2.9473857101    1.7054026790
  -1.1454287807    2.9362547105    0.6635136130
  -2.2265448710   -2.8472055511    0.6635136130
  -1.1454287807   -2.9473857101    0.6635136130
  -2.4869965757    0.8687002415    4.2797473344
  -3.0076570627   -0.0331101754    4.2797473344
  -2.4869965757   -0.9349205922    4.2797473344
  -2.2333750191    1.8241863813    3.6137975759
  -3.1951138610    1.3849749689    3.6137975759
  -3.7667244423    0.4955315428    3.6137975759
  -3.7667244423   -0.5617518936    3.6137975759
  -3.1951138610   -1.4511953196    3.6137975759
  -2.2333750191   -1.8904067321    3.6137975759
  -3.4251943547    1.7962402283    2.6514722929
  -4.0744473624    0.9821027076    2.6514722929
  -4.3061630780   -0.0331101754    2.6514722929
  -4.0744473624   -1.0483230583    2.6514722929
  -3.4251943547   -1.8624605791    2.6514722929
  -3.4023192347    2.3364072891    1.4861828512
  -4.2051689367   -1.4407035923    1.4861828512
  -1.8306813418    3.0282274994    0.5071273842
  -2.9117974321    2.9280473404    0.5071273842
  -3.8837189155    2.4440879465    0.5071273842
  -3.8837189155   -2.2712733683    0.5071273842
  -2.9117974321   -2.7552327622    0.5071273842
  -1.8306813418    3.0282274994   -0.5347616818
  -2.9117974321    2.9280473404   -0.5347616818
  -3.8837189155    2.4440879465   -0.5347616818
  -3.8837189155   -2.2712733683   -0.5347616818
  -2.9117974321   -2.7552327622   -0.5347616818
  -1.8306813418   -2.8554129211   -0.5347616818
  -3.4023192347    2.3364072891   -1.5138171488
  -3.4023192347   -2.1635927109   -1.5138171488
  -4.4125255285    1.5489557045    1.4740528767
  -4.9841361098    0.6595122784    1.4740528767
  -4.9841361098   -0.3977711579    1.4740528767
  -4.4125255285   -1.2872145840    1.4740528767
  -4.6426060221    1.9602209640    0.5117275938
  -5.2918590298    1.1460834432    0.5117275938
  -5.5235747455    0.1308705602    0.5117275938
  -5.2918590298   -0.8843423227    0.5117275938
  -4.6426060221   -1.6984798435    0.5117275938
  -4.6426060221    1.9602209640   -0.5563728892
  -5.2918590298    1.1460834432   -0.5563728892
  -5.5235747455    0.1308705602   -0.5563728892
  -5.2918590298   -0.8843423227   -0.5563728892
  -4.6426060221   -1.6984798435   -0.5563728892
  -4.4125255285    1.5489557045   -1.5186981722
  -4.9841361098    0.6595122784   -1.5186981722
  -4.9841361098   -0.3977711579   -1.5186981722
  -4.4125255285   -1.2872145840   -1.5186981722
  -1.1185612666    3.0629093791   -0.6841309033
  -1.1185612666   -2.8207310414   -0.6841309033
  -1.1185612666    3.0629093791   -1.7260199693
  -2.1996773569    2.9627292202   -1.7260199693
  -3.1715988403    2.4787698262   -1.7260199693
  -3.1715988403   -2.2365914885   -1.7260199693
  -2.1996773569   -2.7205508825   -1.7260199693
  -1.1185612666   -2.8207310414   -1.7260199693
  -1.6627339677    2.7049328469   -2.7050754363
  -2.6901991595   -2.1289108311   -2.7050754363
  -1.6627339677   -2.4627545092   -2.7050754363
  -1.6655956980   -1.7876457071   -3.5032087657
  -3.3809755793    2.0223537881   -2.6797517408
  -4.0302285870    1.2082162673   -2.6797517408
  -4.2619443026    0.1930033843   -2.6797517408
  -4.0302285870   -0.8222094986   -2.6797517408
  -3.3809755793   -1.6363470194   -2.6797517408
  -2.1891562438    2.0502999410   -3.6420770237
  -3.1508950856    1.6110885286   -3.6420770237
  -3.7225056670    0.7216451025   -3.6420770237
  -3.7225056670   -0.3356383338   -3.6420770237
  -3.1508950856   -1.2250817599   -3.6420770237
  -2.1891562438   -1.6642931723   -3.6420770237
  -2.4427778003    1.0948138012   -4.3080267822
  -2.9634382873    0.1930033843   -4.3080267822
  -2.4427778003   -0.7088070325   -4.3080267822
   0.2677250141    3.0071367961   -0.6970652667
   0.2677250141    3.0071367961   -1.7389543327
  -0.8133910762   -2.7763234655   -1.7389543327
   0.2677250141   -2.8765036244   -1.7389543327
   3.7406474486    0.1017297213   -3.0227790070
  -0.0222921134    2.9433697726   -3.0227790070
  -0.9942135968   -2.2559509361   -3.0227790070
  -0.0222921134   -2.7399103300   -3.0227790070
   3.3843004009    0.1017297213   -4.0018344740
   0.5146512758    2.6855733993   -4.0018344740
  -0.5128139161   -2.1482702787   -4.0018344740
   2.7145870187    0.1017297213   -4.7999678033
   2.4084662321    1.1442813776   -4.7999678033
   1.5872950593    1.8558302493   -4.7999678033
   0.5117895454   -1.8070051546   -4.7999678033
   2.4084662321   -0.9408219349   -4.7999678033
   1.8122846196    0.1017297213   -5.3209123363
   1.2992544046    0.9903241195   -5.3209123363
   1.2992544046   -0.7868646769   -5.3209123363
   0.9333749768    2.9146137454    0.5264141457
   0.9333749768   -2.9690266751    0.5264141457
   0.9333749768    2.9146137454   -0.5154749203
  -0.1477411134   -2.8688465162   -0.5154749203
   0.9333749768   -2.9690266751   -0.5154749203
   3.7474281150    1.8430155402    1.0203543786
   2.8158636476    2.3808545362    1.0203543786
   2.8158636476   -2.5396507019    1.0203543786
   4.8164791140   -0.0793980829   -0.0511592321
   4.6274013563    0.9320785825   -0.0511592321
   4.0857040822    1.8069497193   -0.0511592321
   3.2645465101    2.4270591329   -0.0511592321
   2.2748305204    2.7086576108   -0.0511592321
   2.2748305204   -2.8674537765   -0.0511592321
   3.2645465101   -2.5858552987   -0.0511592321
   4.0857040822   -1.9657458851   -0.0511592321
   4.6274013563   -1.0908747482   -0.0511592321
   4.6033418050   -0.0793980829   -1.1226728427
   4.3796957749    0.9727737642   -1.1226728427
   3.7474281150    1.8430155402   -1.1226728427
   2.8158636476    2.3808545362   -1.1226728427
   1.7460783322   -2.6520896694   -1.1226728427
   2.8158636476   -2.5396507019   -1.1226728427
   3.7474281150   -2.0018117059   -1.1226728427
   4.3796957749   -1.1315699299   -1.1226728427
   3.9963781013   -0.0793980829   -2.0310582194
   3.7311219339   -1.0693475765   -2.0310582194
  -1.3378296832    2.0041662968   -3.8961405763
  -1.3378296832   -1.6545345106   -3.8961405763
  -0.1460103476    2.0321124498   -4.8584658593
  -1.1077491895    1.5929010373   -4.8584658593
  -1.6793597708    0.7034576113   -4.8584658593
  -1.6793597708   -0.3538258251   -4.8584658593
  -1.1077491895   -1.2432692511   -4.8584658593
  -0.1460103476   -1.6824806636   -4.8584658593
   1.1623495566    0.1748158931   -5.5244156178
   0.6416890697    1.0766263099   -5.5244156178
  -0.3996319042    1.0766263099   -5.5244156178
  -0.9202923912    0.1748158931   -5.5244156178
  -0.3996319042   -0.7269945238   -5.5244156178
   0.6416890697   -0.7269945238   -5.5244156178
   0.1210285827    0.1748158931   -5.7620903348
   0.8758313936   -3.0775546875   -2.0790206342
   1.9171523674   -3.0775546875   -2.0790206342
   2.8553501464   -2.6257424498   -2.0790206342
   3.5046031541   -1.8116049290   -2.0790206342
   3.7363188697   -0.7963920460   -3.1471211172
   0.8758313936   -3.0775546875   -3.1471211172
   1.9171523674   -3.0775546875   -3.1471211172
   2.8553501464   -2.6257424498   -3.1471211172
   3.5046031541   -1.8116049290   -3.1471211172
   3.2728874384   -0.7963920460   -4.1094464002
   1.1294529501   -2.6536886027   -4.1094464002
   2.1759747656   -2.5032214815   -4.1094464002
   2.9750162726   -1.8108480743   -4.1094464002
   1.9171523674   -1.6982024629   -4.7753961587
   2.2472767908    2.6609522898   -1.0231086213
   1.2007549754    2.8114194111   -1.0231086213
   3.8076208950    0.9541228544   -1.9854339043
   3.5759051793    1.9693357374   -1.9854339043
   2.9266521717    2.7834732581   -1.9854339043
   1.9884543927    3.2352854959   -1.9854339043
   0.9471334188    3.2352854959   -1.9854339043
   3.8076208950    0.9541228544   -3.0535343873
   3.5759051793    1.9693357374   -3.0535343873
   2.9266521717    2.7834732581   -3.0535343873
   1.9884543927    3.2352854959   -3.0535343873
   0.9471334188    3.2352854959   -3.0535343873
   3.3441894637    0.9541228544   -4.0158596703
   3.0463182978    1.9685788827   -4.0158596703
   2.2472767908    2.6609522898   -4.0158596703
   1.2007549754    2.8114194111   -4.0158596703
   1.9884543927    1.8559332713   -4.6818094288
   0.0291302941   -0.1811172593    5.7655808143
   1.0704512680   -0.1811172593    5.5279060972
   0.5497907811    0.7206931576    5.5279060972
  -0.4915301928    0.7206931576    5.5279060972
  -1.0121906798   -0.1811172593    5.5279060972
  -0.4915301928   -1.0829276762    5.5279060972
   0.5497907811   -1.0829276762    5.5279060972
  -0.2379086362    1.6761792974    4.8619563387
  -1.1996474781    1.2369678849    4.8619563387
  -1.7712580594    0.3475244589    4.8619563387
  -1.7712580594   -0.7097589775    4.8619563387
  -1.1996474781   -1.5992024035    4.8619563387
  -0.2379086362   -2.0384138160    4.8619563387
  -1.4297279718    1.6482331444    3.8996310558
  -1.4297279718   -2.0104676630    3.8996310558
   2.4347541204    0.6867507874    4.8389742809
   1.9140936335    1.5885612042    4.8389742809
   3.2698287045    0.6867507874    4.1730245224
   2.9719575386    1.7012068157    4.1730245224
   2.1729160316    2.3935802228    4.1730245224
   1.1263942162    2.5440473440    4.1730245224
   3.7332601358    0.6867507874    3.2106992394
   3.5015444201    1.7019636703    3.2106992394
   2.8522914124    2.5161011911    3.2106992394
   1.9140936335    2.9679134288    3.2106992394
   0.8727726596    2.9679134288    3.2106992394
   3.5015444201    1.7019636703    2.1425987564
   2.8522914124    2.5161011911    2.1425987564
   1.9140936335    2.9679134288    2.1425987564
   0.8727726596    2.9679134288    2.1425987564
   1.8421933295   -1.9802982046    4.7446017887
   3.1979284004   -1.0784877877    4.0786520302
   1.0544939122   -2.9357843444    4.0786520302
   2.1010157276   -2.7853172231    4.0786520302
   2.9000572346   -2.0929438160    4.0786520302
   3.6613598318   -1.0784877877    3.1163267473
   0.8008723556   -3.3596504292    3.1163267473
   1.8421933295   -3.3596504292    3.1163267473
   2.7803911084   -2.9078381914    3.1163267473
   3.4296441161   -2.0937006707    3.1163267473
   0.8008723556   -3.3596504292    2.0482262643
   1.8421933295   -3.3596504292    2.0482262643
   2.7803911084   -2.9078381914    2.0482262643
   3.4296441161   -2.0937006707    2.0482262643
   1.0544939122   -2.9357843444    1.0859009813
   2.1010157276   -2.7853172231    1.0859009813
   4.2659575274   -0.1408058397    2.3095549122
   3.9680863616    0.8736501886    2.3095549122
   3.9680863616   -1.1552618680    2.3095549122
   4.7293889587   -0.1408058397    1.3472296292
   4.4976732431    0.8744070433    1.3472296292
   3.8484202354    1.6885445640    1.3472296292
   2.9102224564   -2.4219684812    1.3472296292
   3.8484202354   -1.9701562434    1.3472296292
   4.4976732431   -1.1560187227    1.3472296292
