    0.0073386904
   -0.0003820561
    0.0008253229
    0.0024725360
    0.0173239600
    0.0086433417
    0.0034551065
    0.0080401913
   -0.0106336400
   -0.0017016319
    0.0057880859
   -0.0187774896
   -0.0066524699
   -0.0000155682
    0.0016979850
    0.0009353621
   -0.0019181395
    0.0005813933
    0.0010808605
    0.0019919284
   -0.0005754256
    0.0030367538
    0.0068546375
    0.0054575140
   -0.0046445951
    0.0049489384
    0.0087139402
    0.0088821746
    0.0071126429
    0.0063490526
    0.0084991320
    0.0058226532
    0.0068801526
    0.0015617291
    0.0010720507
    0.0178788558
    0.0112783583
    0.0083320133
    0.0063173389
    0.0043005578
    0.0143005108
    0.0135282315
    0.0109850828
    0.0077953854
    0.0083629696
    0.0117177948
   -0.0117187824
   -0.0008742860
   -0.0009526494
   -0.0114422547
   -0.0185631798
   -0.0213854730
   -0.0185438574
   -0.0086415542
   -0.0130178082
   -0.0198959249
   -0.0181090746
    0.0063657472
    0.0024068090
   -0.0030985901
   -0.0110234436
   -0.0149592310
    0.0088197807
    0.0080421935
    0.0061033905
    0.0134288674
    0.0039150888
   -0.0045474417
    0.0113373719
    0.0119958374
    0.0121273837
    0.0079823940
    0.0093279774
    0.0152336959
    0.0160793440
    0.0192959882
    0.0148356082
    0.0141675203
    0.0164327012
    0.0045903244
   -0.0022499517
    0.0117885065
    0.0017344918
    0.0174060542
    0.0106719205
    0.0079646389
    0.0067734544
    0.0110470975
    0.0103213184
    0.0109923199
    0.0119113075
    0.0128828105
    0.0152735059
    0.0140464940
    0.0116195940
    0.0145189977
    0.0149796183
    0.0126944076
    0.0087245352
    0.0077670051
    0.0037744351
    0.0101827640
    0.0096819017
    0.0058501092
    0.0045980090
    0.0090481014
    0.0105928738
    0.0042409767
   -0.0067208264
   -0.0161798059
   -0.0053954524
    0.0049705661
    0.0117057730
    0.0116675380
    0.0149503275
    0.0122366738
    0.0115952460
    0.0140974559
    0.0145625016
    0.0139272571
    0.0088350282
    0.0127214046
    0.0066669319
    0.0007069124
   -0.0344937038
   -0.0443510039
   -0.0508026942
   -0.0432928769
   -0.0339162666
   -0.0477005512
   -0.0523908810
   -0.0508722850
   -0.0425460418
   -0.0229521406
   -0.0227707901
   -0.0399436434
   -0.0479443210
   -0.0501023417
   -0.0465495604
   -0.0363908242
   -0.0181642747
   -0.0150664932
   -0.0335889485
   -0.0426675190
   -0.0401515983
    0.0010023201
   -0.0056028710
    0.0005106954
    0.0008775428
    0.0008058417
    0.0016906599
    0.0028663471
    0.0050165636
    0.0077998999
    0.0044459222
    0.0072258225
    0.0123171184
    0.0137550974
   -0.0248254725
   -0.0090130340
   -0.0035192862
   -0.0165006339
   -0.0062914513
   -0.0017104660
   -0.0000753218
    0.0011843056
   -0.0086313446
   -0.0049255920
   -0.0015416135
    0.0001946732
    0.0004917890
    0.0023804208
    0.0028674150
    0.0044283959
    0.0005888365
    0.0039944624
    0.0061218177
    0.0060955817
    0.0031031883
    0.0027530429
    0.0052504710
    0.0070141211
    0.0068922806
    0.0071117504
    0.0040141314
    0.0059214091
    0.0069488584
    0.0118091844
    0.0056055828
    0.0033085623
    0.0024291595
    0.0019133164
    0.0144541299
    0.0104312714
    0.0080193808
    0.0065101002
    0.0051299889
    0.0039545629
    0.0117222845
    0.0111860393
    0.0094798350
    0.0077303559
    0.0066377443
    0.0084900359
    0.0095229159
    0.0008739589
    0.0041438511
   -0.0076084876
   -0.0002134400
   -0.0091858546
   -0.0141235567
   -0.0153537497
   -0.0128677621
   -0.0037150655
   -0.0095488241
   -0.0077947064
    0.0040885367
   -0.0033403238
   -0.0109284577
   -0.0205247832
    0.0043841683
    0.0025740623
   -0.0001465114
   -0.0032602984
    0.0079474703
    0.0074736306
    0.0068207159
    0.0119370197
    0.0058792021
    0.0075809301
    0.0003058240
   -0.0000574441
    0.0029457474
    0.0101135882
    0.0107061652
    0.0122329078
    0.0091898441
    0.0080710274
    0.0089812165
    0.0124315220
    0.0131566928
    0.0150684945
    0.0139715166
    0.0119642689
    0.0118126203
    0.0134115444
   -0.0053968438
    0.0070518733
    0.0046697306
    0.0061608161
    0.0061241594
   -0.0049127369
    0.0054998545
    0.0076250437
    0.0055879609
    0.0088604413
    0.0095293953
    0.0029085734
    0.0010730481
   -0.0006672786
    0.0092102208
    0.0071293311
    0.0102739663
    0.0114275433
    0.0106332227
    0.0097488335
    0.0112874568
    0.0121716188
    0.0114681256
    0.0096314314
    0.0116270995
    0.0102103932
    0.0096991158
    0.0073510275
    0.0044298154
    0.0011537011
   -0.0036922551
    0.0070589387
    0.0073667940
    0.0044707977
    0.0021726038
    0.0047506802
    0.0075397766
    0.0083250721
    0.0071597404
    0.0036425103
   -0.0030830188
   -0.0101272059
   -0.0076731270
    0.0003929914
    0.0055857043
    0.0081571358
    0.0089841640
    0.0109951193
    0.0088422186
    0.0099486784
    0.0109846675
    0.0118015142
    0.0106841561
    0.0091358787
    0.0097092091
    0.0113760649
    0.0095393498
    0.0095708721
    0.0053342918
    0.0082098108
    0.0002915053
   -0.0036917069
   -0.0329000122
   -0.0383006040
   -0.0320418983
   -0.0265976522
   -0.0377922003
   -0.0418532306
   -0.0405531586
   -0.0335363808
   -0.0184271222
   -0.0179231020
   -0.0315094471
   -0.0384844215
   -0.0411411240
   -0.0400261708
   -0.0348365885
   -0.0249485388
   -0.0116517811
   -0.0258559355
   -0.0339298756
   -0.0374264549
   -0.0360017203
   -0.0280932823
   -0.0267715949
    0.0043523738
    0.0002954471
   -0.0021105936
   -0.0015764404
    0.0002128485
    0.0008687838
    0.0015435665
    0.0021223042
    0.0033887252
    0.0052497804
    0.0073668931
    0.0027259284
    0.0015431927
    0.0041717835
    0.0107004714
    0.0116802632
   -0.0103278653
   -0.0040075679
   -0.0222451974
   -0.0103630560
   -0.0045116219
   -0.0016866293
   -0.0000751939
   -0.0066030342
   -0.0033459671
   -0.0011420692
   -0.0000612798
    0.0031716878
    0.0035050079
   -0.0017988554
    0.0020517823
    0.0040236065
    0.0051352961
    0.0044293841
    0.0011986783
    0.0032792047
    0.0050087487
    0.0058453805
    0.0055662998
    0.0064811066
    0.0051903422
    0.0062441088
    0.0050560996
    0.0025185054
    0.0017375526
    0.0015032951
    0.0093252897
    0.0068560751
    0.0054934376
    0.0045599984
    0.0037949071
    0.0104278401
    0.0094921746
    0.0077663923
    0.0063964557
    0.0058603176
    0.0077435525
    0.0081150088
   -0.0038572806
    0.0007403901
   -0.0060994754
   -0.0092913735
   -0.0097431562
   -0.0075901522
   -0.0029265945
   -0.0058356883
   -0.0038859317
   -0.0107551202
   -0.0187386510
    0.0031628954
    0.0012838282
   -0.0011464539
   -0.0038659634
   -0.0058421348
    0.0066532914
    0.0058974942
    0.0051804043
    0.0053444532
    0.0045875260
    0.0061649689
   -0.0013853486
   -0.0007307156
    0.0020383145
    0.0082441968
    0.0088908963
    0.0100396879
    0.0071399154
    0.0064716279
    0.0072703061
    0.0103158602
    0.0111442589
    0.0130261840
    0.0101010024
    0.0097826760
    0.0113432731
    0.0012482874
    0.0054785238
   -0.0047662677
    0.0019956242
    0.0029955636
    0.0070356889
    0.0067397575
    0.0077367629
    0.0075078629
    0.0076433018
    0.0002837007
   -0.0012912010
    0.0084361938
    0.0048607623
   -0.0053303258
    0.0078032373
    0.0068740681
    0.0089056927
    0.0093833752
    0.0088521238
    0.0080728910
    0.0094220095
    0.0097793344
    0.0090626935
    0.0079370447
    0.0079625099
    0.0079306381
    0.0071627083
    0.0051774358
   -0.0006657974
    0.0050695375
    0.0057299875
    0.0025434583
    0.0001077225
    0.0028370342
    0.0059125637
    0.0067966997
    0.0028181599
   -0.0032351575
   -0.0106542463
   -0.0117347162
   -0.0048784346
    0.0018678262
    0.0057488492
    0.0075826643
    0.0089275455
    0.0072059759
    0.0086705123
    0.0091600763
    0.0094121493
    0.0084730166
    0.0067679290
    0.0082712994
    0.0092527479
    0.0072858160
    0.0071884069
    0.0044626333
    0.0064213481
   -0.0015895498
   -0.0254195090
   -0.0302147219
   -0.0246446843
   -0.0192627698
   -0.0290221479
   -0.0334432821
   -0.0337250884
   -0.0300173556
   -0.0215593543
   -0.0124481321
   -0.0237400839
   -0.0301652971
   -0.0331818119
   -0.0332541545
   -0.0302690687
   -0.0239903663
   -0.0140168076
   -0.0184097409
   -0.0254866172
   -0.0292564802
   -0.0294692405
   -0.0251317908
   -0.0200692810
    0.0005531138
   -0.0059976266
    0.0000832509
    0.0010412578
    0.0033669779
    0.0000855098
    0.0004110608
    0.0008569720
    0.0019484489
    0.0020997937
    0.0065705732
    0.0052492086
    0.0068834573
    0.0025096579
    0.0045331091
    0.0071779503
    0.0094211645
   -0.0127289531
   -0.0136547100
   -0.0068758962
   -0.0033365931
   -0.0008491689
   -0.0121912421
   -0.0070531663
   -0.0036751548
   -0.0016305229
   -0.0004214895
   -0.0027353038
   -0.0013028703
   -0.0002985844
    0.0025997898
    0.0031101929
    0.0020651463
    0.0034701806
    0.0038969049
    0.0022708563
    0.0028935136
    0.0041437555
    0.0046716696
    0.0040814273
    0.0025540848
    0.0032225215
    0.0043510006
    0.0050346233
    0.0051819348
    0.0065524633
    0.0047228883
    0.0057395385
    0.0059305419
    0.0037144948
    0.0027657702
    0.0023677497
    0.0021609171
    0.0107657582
    0.0081145543
    0.0062193916
    0.0051014249
    0.0043812703
    0.0038981961
    0.0089392953
    0.0081218805
    0.0066887792
    0.0057089331
    0.0055769107
    0.0071288289
    0.0070938960
   -0.0000004195
    0.0015847253
    0.0016081505
   -0.0006589215
   -0.0031369134
   -0.0045558530
   -0.0038078886
   -0.0018323227
   -0.0010945331
   -0.0038145789
   -0.0058841585
   -0.0058423462
   -0.0040310949
    0.0005771370
   -0.0023606228
   -0.0056557363
   -0.0093071618
   -0.0127845920
    0.0039619241
    0.0027708182
    0.0013594702
   -0.0000861763
   -0.0010384210
    0.0058907228
    0.0055556800
    0.0018545868
    0.0053234374
    0.0061903300
    0.0021787522
    0.0026200338
    0.0040177731
    0.0075672395
    0.0081163514
    0.0090471543
    0.0069511729
    0.0064534181
    0.0069066744
    0.0089620960
    0.0097224443
    0.0111221799
    0.0089485347
    0.0085847322
    0.0098006895
   -0.0074650113
    0.0043054197
   -0.0048355387
   -0.0057631410
    0.0036012848
    0.0033856850
   -0.0017678853
    0.0057545188
    0.0055400122
    0.0064381295
    0.0064525902
    0.0064170411
    0.0048560563
    0.0003762144
    0.0014009299
    0.0071609499
    0.0072009343
    0.0024821658
    0.0017488362
    0.0072307329
    0.0060123873
    0.0053099795
    0.0071115327
    0.0077202442
    0.0076541874
    0.0043862354
    0.0067438298
    0.0079278487
    0.0081900505
    0.0077942845
    0.0062035150
    0.0071023118
    0.0076604709
    0.0075061944
    0.0066975297
    0.0058368314
    0.0052527365
    0.0052320520
    0.0044172990
    0.0025054489
    0.0037095796
    0.0045057048
    0.0017270284
   -0.0002079925
    0.0019706452
    0.0046686099
    0.0055075695
    0.0050893005
    0.0022121199
   -0.0024770965
   -0.0074919297
   -0.0081600874
   -0.0036211387
    0.0014376966
    0.0046944362
    0.0071552597
    0.0055969914
    0.0076024363
    0.0077699123
    0.0067164154
    0.0045739502
    0.0075639974
    0.0079446479
    0.0072615330
    0.0067312026
    0.0057803799
    0.0063149573
    0.0070795428
    0.0044438932
    0.0043722352
    0.0017481262
    0.0036375320
   -0.0194951333
   -0.0234727169
   -0.0188612022
   -0.0145240021
   -0.0223396985
   -0.0265231361
   -0.0276583498
   -0.0259677633
   -0.0212607932
   -0.0130521210
   -0.0101638637
   -0.0190495924
   -0.0245841398
   -0.0275297891
   -0.0282751197
   -0.0268744927
   -0.0232103475
   -0.0170970697
   -0.0143605820
   -0.0204147192
   -0.0242747093
   -0.0262142537
   -0.0262033970
   -0.0240101134
   -0.0194405652
   -0.0160601558
   -0.0201835784
   -0.0216170447
