    0.0185331035
    0.0135015477
    0.0148782238
    0.0192959331
    0.0225174326
    0.0155622223
    0.0142534062
    0.0210560147
    0.0264701532
    0.0132318949
    0.0004330032
    0.0104147667
    0.0218147992
    0.0122278698
    0.0306727309
    0.0159305482
    0.0187567848
    0.0200443421
    0.0086457660
    0.0160257302
    0.0198272295
    0.0304774902
    0.0169287246
    0.0129094325
    0.0223771480
    0.0339109398
    0.0193561837
    0.0258181636
    0.0236228081
    0.0249594372
    0.0365741841
    0.0392951096
    0.0326293439
    0.0224536932
    0.0348687999
    0.0397456612
    0.0352476737
    0.0144833773
    0.0285867830
   -0.0047527814
   -0.0089424206
    0.0085958099
   -0.0060901292
   -0.0221206301
   -0.0280613801
   -0.0300780616
   -0.0258943649
   -0.0142813410
   -0.0039300561
   -0.0300788451
   -0.0363871074
   -0.0387294573
   -0.0383577193
   -0.0327139322
   -0.0236664873
   -0.0141189972
   -0.0073758993
   -0.0292257092
   -0.0361581693
   -0.0403374553
   -0.0401492417
   -0.0351295214
   -0.0294752612
   -0.0380516241
   -0.0365374905
   -0.0297694527
   -0.0271766729
   -0.0311473145
   -0.0372645151
   -0.0391896973
   -0.0367223539
   -0.0000176611
   -0.0076651304
   -0.0155834003
   -0.0252308668
   -0.0336555961
   -0.0378575155
   -0.0367787590
   -0.0331681485
   -0.0249132973
   -0.0049527653
   -0.0152519577
   -0.0258843382
   -0.0290687429
   -0.0259911797
   -0.0189706323
   -0.0034770694
    0.0028586858
   -0.0083997602
   -0.0005596829
    0.0045011495
    0.0090861595
    0.0140539080
    0.0171620620
    0.0211892942
    0.0105119877
    0.0127889073
    0.0097076321
    0.0174159745
    0.0214604954
    0.0171232100
    0.0108920291
    0.0328157321
    0.0162070508
    0.0197785499
    0.0252990308
    0.0224232609
    0.0090480789
    0.0114608232
   -0.0048572960
    0.0107270654
    0.0073923681
    0.0151196475
    0.0166416946
    0.0246402616
    0.0316720160
    0.0257476507
    0.0167870450
    0.0120238969
    0.0258421145
    0.0392917817
    0.0377614810
    0.0073490021
    0.0228805460
    0.0308695800
    0.0352854315
    0.0335291778
    0.0263397560
    0.0377021270
    0.0318041409
    0.0327711503
    0.0325799565
    0.0158628394
    0.0235967847
    0.0117200598
    0.0056179134
    0.0081450625
    0.0083196262
    0.0053781551
    0.0012393923
    0.0125613664
    0.0079586734
    0.0004041978
    0.0006129736
    0.0002767363
   -0.0002918702
    0.0023619911
   -0.0020094359
   -0.0022051958
   -0.0045115313
   -0.0065162795
   -0.0021556390
    0.0056029668
   -0.0007105400
   -0.0043126705
   -0.0057658181
   -0.0013588954
   -0.0019892432
   -0.0022898996
    0.0020964944
   -0.0057034008
   -0.0017746911
   -0.0045208891
   -0.0050560217
   -0.0026264710
    0.0043957383
   -0.0031982705
   -0.0048363544
   -0.0018794308
    0.0060215513
    0.0012621024
    0.0061335119
   -0.0029196922
   -0.0005294794
    0.0127163010
    0.0013582307
   -0.0052685627
   -0.0039231673
   -0.0011835355
    0.0052950231
   -0.0026984291
   -0.0064246681
   -0.0046546713
   -0.0005530854
    0.0022346135
   -0.0063532942
    0.0166732279
    0.0039266673
   -0.0014493908
   -0.0039165982
    0.0002345170
    0.0041240037
   -0.0029899983
   -0.0053770380
   -0.0050256506
   -0.0049412953
   -0.0052395444
   -0.0029715971
    0.0048792224
    0.0044509975
   -0.0004345406
   -0.0005933665
    0.0040792984
    0.0162243134
    0.0141931960
    0.0107222422
    0.0023324136
    0.0013365285
    0.0033446154
    0.0021833190
    0.0091330850
    0.0242008988
    0.0073123945
    0.0164495500
    0.0249028048
    0.0214414151
    0.0116577872
    0.0087763157
    0.0065365125
    0.0256805672
    0.0179921150
    0.0216314563
    0.0264600492
    0.0135543401
    0.0107318243
    0.0256207710
    0.0212454062
    0.0076508867
    0.0129086815
    0.0113474346
    0.0156467180
    0.0176960822
    0.0164705726
    0.0167082395
    0.0259986775
    0.0112273924
    0.0112534465
    0.0078109069
    0.0164960363
    0.0111584461
    0.0279969131
    0.0178921901
    0.0188839578
    0.0146829854
    0.0261034951
    0.0160449212
    0.0121901699
    0.0166900965
    0.0110426807
    0.0250066252
    0.0310564829
    0.0107087834
   -0.0034924468
    0.0293429930
    0.0203758027
    0.0318325506
    0.0221352651
    0.0144016628
    0.0242932333
    0.0335137784
    0.0103292399
    0.0297818051
   -0.0290365333
   -0.0352357706
   -0.0098021656
   -0.0071948925
   -0.0314575252
    0.0025786038
   -0.0188036593
   -0.0247504406
   -0.0034866127
   -0.0074417240
   -0.0055958822
    0.0008250010
   -0.0140871724
   -0.0220145632
   -0.0215455028
   -0.0178886666
   -0.0192634370
   -0.0154834007
   -0.0315166537
   -0.0216336350
    0.0070732702
   -0.0092149185
   -0.0199699617
   -0.0243451580
   -0.0155535137
   -0.0017499634
   -0.0023376456
   -0.0076259221
   -0.0054754143
    0.0010839971
   -0.0055484391
   -0.0194283105
   -0.0241661140
   -0.0126272420
    0.0071195241
    0.0183135341
    0.0121881876
    0.0183128774
    0.0189571734
    0.0145738660
   -0.0029000736
    0.0076715808
    0.0217099861
    0.0216276741
    0.0108880418
    0.0173836155
    0.0170968590
    0.0139074537
    0.0157672812
    0.0154406560
    0.0148840837
    0.0165958879
    0.0102106463
    0.0031788307
    0.0051987204
    0.0043065886
    0.0056488004
    0.0132816173
    0.0240063156
    0.0155078742
    0.0335989252
    0.0274048988
    0.0171503295
    0.0368419689
    0.0294348681
    0.0203249358
    0.0023773653
    0.0288099801
    0.0209636392
    0.0207227384
    0.0278086776
    0.0311430915
    0.0336922184
    0.0412639545
    0.0317046593
    0.0341827615
    0.0400054160
    0.0273669915
    0.0285669118
    0.0156508979
    0.0038363850
    0.0124876846
   -0.0037110117
    0.0136430337
    0.0042003847
    0.0109838533
    0.0108425089
   -0.0220041289
   -0.0347875617
   -0.0381812457
   -0.0302981117
   -0.0101074692
   -0.0058537150
   -0.0469396069
   -0.0471552951
   -0.0436544929
   -0.0376585379
   -0.0204851999
   -0.0463123818
   -0.0474342178
   -0.0449143851
   -0.0416459289
   -0.0307343741
   -0.0308837255
   -0.0386118753
   -0.0380441450
   -0.0307572897
   -0.0109042772
   -0.0240866180
   -0.0141951427
   -0.0077968014
   -0.0247848193
   -0.0230992119
   -0.0326202200
   -0.0196665797
   -0.0348048839
   -0.0413837761
   -0.0452670522
   -0.0368521529
   -0.0121570222
   -0.0342369446
   -0.0411354857
   -0.0443793566
   -0.0456472718
   -0.0179352491
   -0.0358226681
   -0.0393656955
   -0.0371973761
   -0.0031760787
   -0.0256040583
   -0.0286691446
   -0.0113630734
    0.0009441607
    0.0025025957
    0.0045849234
    0.0040726623
    0.0078332513
    0.0075202788
   -0.0017890217
    0.0071404220
    0.0031619010
    0.0054702396
    0.0110746227
    0.0173331939
    0.0162566211
    0.0075747082
    0.0113679584
    0.0094166293
    0.0080731095
   -0.0118888976
    0.0150464756
    0.0062744574
   -0.0015997633
   -0.0000197240
    0.0022150024
    0.0087879949
    0.0076188583
    0.0052316528
    0.0069794227
    0.0114472328
    0.0175557790
    0.0123235282
    0.0057954916
    0.0061419785
    0.0141006091
    0.0138432480
    0.0096899076
    0.0097480089
    0.0099025397
    0.0193584613
    0.0169664058
    0.0120573410
    0.0131433875
    0.0177181060
    0.0128432176
    0.0017135937
    0.0061010888
    0.0153539396
    0.0171818157
    0.0116569419
    0.0038135155
    0.0145633006
    0.0182698286
    0.0172295491
    0.0089286504
    0.0128299903
    0.0172134973
    0.0125121029
    0.0038175153
    0.0062891762
    0.0146797695
    0.0186792695
    0.0160259861
    0.0156186100
    0.0163281049
    0.0110094217
    0.0140541838
    0.0118898032
    0.0091693163
    0.0067897082
    0.0146817937
    0.0145965308
    0.0120951650
    0.0215412066
    0.0099095528
    0.0049895593
    0.0042454475
    0.0209236488
    0.0103795695
    0.0112296346
    0.0098928577
    0.0205162148
    0.0208085738
    0.0169418302
    0.0086099819
    0.0196947640
    0.0062065889
    0.0121798321
    0.0256209223
    0.0095538599
    0.0109643013
    0.0122217510
    0.0142301677
    0.0184267328
    0.0192695866
    0.0151402672
    0.0237945681
    0.0275156842
    0.0250656368
    0.0156368186
    0.0260730700
    0.0306635322
    0.0308706073
    0.0267286742
    0.0174174726
    0.0260736503
    0.0278139587
    0.0236550335
    0.0114618754
    0.0162717283
   -0.0065637494
   -0.0139092756
   -0.0160647611
   -0.0116989909
    0.0026093595
   -0.0190337850
   -0.0244504520
   -0.0264514824
   -0.0255851264
   -0.0207560428
   -0.0137522909
   -0.0076240712
    0.0001510059
   -0.0237817426
   -0.0295609245
   -0.0312554829
   -0.0303416373
   -0.0261670702
   -0.0200357917
   -0.0136037937
   -0.0085605617
   -0.0222027811
   -0.0274606245
   -0.0316289614
   -0.0314597158
   -0.0276115054
   -0.0231709051
   -0.0293795720
   -0.0277337129
   -0.0215838537
   -0.0205259652
   -0.0243616758
   -0.0289144220
   -0.0304134801
   -0.0277265763
   -0.0016945864
   -0.0087644191
   -0.0146312884
   -0.0210217602
   -0.0266110992
   -0.0297127811
   -0.0293498632
   -0.0262341456
   -0.0185116755
   -0.0077209524
   -0.0137500049
   -0.0202390368
   -0.0246137247
   -0.0249315100
   -0.0221151301
   -0.0160617276
   -0.0023040406
    0.0029345830
   -0.0106402354
   -0.0146567443
   -0.0117784940
   -0.0036852640
    0.0082342858
    0.0065503690
    0.0066668635
    0.0212475865
    0.0137731935
    0.0165835860
    0.0107509988
    0.0103979311
    0.0074551839
    0.0108425761
    0.0176465624
    0.0231253623
    0.0158698529
    0.0196067764
    0.0197066703
    0.0097869923
    0.0076986864
    0.0253543433
    0.0224643248
    0.0068734248
   -0.0006299766
    0.0075707668
    0.0018157837
    0.0069952871
    0.0105902974
    0.0189850505
    0.0252718554
    0.0221414633
    0.0157567470
    0.0081052240
    0.0122069313
    0.0214863057
    0.0313490852
    0.0298808385
    0.0088422139
    0.0200857041
    0.0264508966
    0.0154047653
    0.0219782933
    0.0291201488
    0.0303636855
    0.0282209884
    0.0236566782
    0.0318609349
    0.0272738973
    0.0219549478
    0.0300384440
    0.0288702090
    0.0250209727
    0.0253575770
    0.0108625179
    0.0146500008
    0.0067115524
    0.0037477097
    0.0042886891
    0.0062602675
    0.0058344178
    0.0039360611
    0.0012497296
    0.0061591211
    0.0045581308
    0.0006907215
    0.0008617806
    0.0010107334
    0.0006237013
    0.0006817454
   -0.0020175719
   -0.0047625553
   -0.0047708133
    0.0060597644
    0.0025680995
   -0.0017520809
   -0.0035755920
   -0.0049722330
   -0.0038057449
    0.0023598716
   -0.0002205070
   -0.0029710173
   -0.0040012174
   -0.0010385712
    0.0074993527
   -0.0008584220
   -0.0011505371
    0.0055567993
   -0.0007258387
   -0.0035741181
   -0.0043598976
   -0.0025438264
    0.0029128180
   -0.0036542142
   -0.0044835625
   -0.0035950214
   -0.0014698390
    0.0049472685
   -0.0020598325
   -0.0034535242
   -0.0012934568
    0.0037816409
    0.0012073243
   -0.0007952905
    0.0014772098
    0.0040435637
   -0.0024235808
   -0.0030561874
   -0.0011418936
    0.0025537698
   -0.0027895003
   -0.0045125598
   -0.0035342337
   -0.0012715456
    0.0031742535
   -0.0048267950
   -0.0048080379
   -0.0023193524
    0.0007122075
   -0.0015355007
    0.0012956176
   -0.0013284897
   -0.0037663089
   -0.0040573428
   -0.0026747158
    0.0006377386
   -0.0030887935
   -0.0044222235
   -0.0045425058
   -0.0025270843
   -0.0046765721
   -0.0024629762
    0.0057298517
    0.0050295078
    0.0010422711
    0.0011758496
    0.0055324526
    0.0152929848
    0.0135357748
    0.0062254461
    0.0013814509
    0.0000577480
    0.0007138641
    0.0009612894
    0.0034842715
    0.0129240162
    0.0099351551
    0.0034309357
    0.0066420569
    0.0151035983
    0.0096445814
    0.0217332995
    0.0069356574
    0.0069035474
    0.0065980271
    0.0212250948
    0.0180221838
    0.0206434184
    0.0078964287
    0.0190809652
    0.0101216413
    0.0091310649
    0.0217179651
    0.0234205742
    0.0071132113
    0.0174546492
    0.0188546304
    0.0152183806
    0.0200207441
    0.0059459618
    0.0069391706
    0.0094531730
    0.0070922303
    0.0180513286
    0.0126394643
    0.0098684809
    0.0242720728
    0.0182187136
    0.0173536228
    0.0179453912
    0.0127868469
    0.0118433778
    0.0205616107
    0.0239340799
    0.0093791326
   -0.0004661840
    0.0027972256
    0.0146726478
    0.0266378095
    0.0115323312
    0.0178272180
    0.0261384634
    0.0102453492
    0.0220949144
   -0.0294541367
   -0.0046450671
   -0.0021209786
   -0.0227721615
   -0.0254233496
   -0.0034796041
   -0.0140570961
   -0.0341201698
   -0.0296425143
   -0.0264459109
   -0.0021150640
    0.0028864633
   -0.0004136599
   -0.0059743971
   -0.0131825796
   -0.0171214032
   -0.0128171267
   -0.0089057188
   -0.0224429431
   -0.0229906888
   -0.0247136797
   -0.0335268504
   -0.0116718543
   -0.0211820647
   -0.0131789241
   -0.0188118620
   -0.0259767393
   -0.0225138978
   -0.0028505412
   -0.0114918873
   -0.0160073429
   -0.0077138765
    0.0018151428
   -0.0027333674
   -0.0022715932
    0.0025610208
   -0.0017226263
   -0.0130370418
   -0.0171656351
   -0.0067625072
   -0.0036541373
   -0.0154337399
   -0.0203033425
   -0.0092162299
    0.0031391862
    0.0148687941
    0.0112024739
    0.0126641550
    0.0161648615
    0.0139481325
    0.0135836075
   -0.0002781708
    0.0040173895
    0.0137998311
    0.0187450237
    0.0150960928
    0.0076585674
    0.0188545092
    0.0240971337
    0.0177644591
    0.0044112896
    0.0136922589
    0.0135695503
    0.0118250307
    0.0118546952
    0.0137952036
    0.0120759675
    0.0126132486
    0.0133484736
    0.0099280122
    0.0054856500
    0.0048814324
    0.0119833102
    0.0099735934
    0.0056177169
    0.0075859401
    0.0118701710
    0.0178537441
    0.0103366161
    0.0246965061
    0.0189961691
    0.0076062572
    0.0294330500
    0.0236108279
    0.0163665183
    0.0014252739
    0.0275494222
    0.0217631070
    0.0132996958
    0.0010189520
    0.0212901745
    0.0150967969
    0.0263558549
    0.0286766765
    0.0278006179
    0.0294864967
    0.0344183158
    0.0262103188
    0.0284007452
    0.0221582424
    0.0055951427
    0.0060261073
    0.0023708839
    0.0011470996
    0.0055694715
    0.0065856228
   -0.0149525288
   -0.0245423071
   -0.0282641460
   -0.0216479177
   -0.0064430684
   -0.0358884051
   -0.0364682021
   -0.0338430271
   -0.0278952958
   -0.0143010169
   -0.0404659403
   -0.0394007774
   -0.0372109956
   -0.0341767508
   -0.0272138381
   -0.0337387200
   -0.0356412417
   -0.0347856557
   -0.0321563327
   -0.0240227474
   -0.0183131020
   -0.0269575898
   -0.0271552539
   -0.0198298420
   -0.0148623162
   -0.0071968225
   -0.0039229626
   -0.0150259263
   -0.0229746090
   -0.0115881289
   -0.0248098755
   -0.0312253898
   -0.0344559508
   -0.0143664242
   -0.0272686076
   -0.0329117208
   -0.0361279645
   -0.0378330295
   -0.0116418560
   -0.0271621957
   -0.0323897746
   -0.0341412978
   -0.0327956751
   -0.0084375562
   -0.0247421273
   -0.0286365565
   -0.0250878674
   -0.0001854558
   -0.0160721208
   -0.0188532823
   -0.0056396735
   -0.0065221310
   -0.0097182372
    0.0026878669
    0.0199409791
    0.0046385674
    0.0065176062
    0.0062917785
   -0.0096917518
   -0.0012103043
   -0.0002201644
    0.0055900433
    0.0182906421
    0.0249935585
    0.0039106688
    0.0068317393
    0.0111440442
    0.0131031416
    0.0057716704
    0.0078632154
    0.0087288384
    0.0067372351
   -0.0174492331
   -0.0098571659
   -0.0042812618
    0.0094655158
    0.0024056581
   -0.0003343106
    0.0006714325
    0.0069907499
    0.0049197734
    0.0041952159
    0.0057772692
    0.0118557146
    0.0049925207
    0.0073570487
    0.0131729977
    0.0103316531
    0.0061756853
    0.0065303915
    0.0113658197
    0.0105050738
    0.0084860728
    0.0065954722
    0.0061747845
    0.0085681823
    0.0079583142
    0.0136776356
    0.0115142088
    0.0121366875
    0.0138583465
    0.0109188381
    0.0041617132
    0.0072304267
    0.0125740613
    0.0138903450
    0.0110223690
    0.0040999775
    0.0079082527
    0.0128752309
    0.0137734265
    0.0099894407
    0.0049076306
    0.0121904450
    0.0135972848
    0.0100288111
    0.0023469409
    0.0060332552
    0.0121391104
    0.0141032735
    0.0115492799
    0.0067473177
    0.0033960452
    0.0080486191
    0.0127382247
    0.0153394812
    0.0145627166
    0.0139916827
    0.0073457423
    0.0083131402
    0.0117755028
    0.0100683103
    0.0079757960
    0.0099407504
    0.0141368518
    0.0093041213
    0.0123152569
    0.0130076153
    0.0215708941
    0.0095795301
    0.0085960881
    0.0107124334
    0.0078915528
    0.0030875591
    0.0226223487
    0.0078179384
    0.0136923116
    0.0040014712
    0.0088361175
    0.0079269226
    0.0181306456
    0.0024085835
    0.0120170127
    0.0072677299
    0.0052252234
    0.0138340288
    0.0102056274
    0.0178430714
    0.0086830084
    0.0203322154
    0.0205523067
    0.0158849377
    0.0176905076
    0.0225077327
    0.0244521692
    0.0231700108
    0.0190114176
    0.0061375837
    0.0164091109
    0.0209836719
    0.0207907228
   -0.0019340220
   -0.0088644382
   -0.0115315188
   -0.0096507100
   -0.0007193360
   -0.0120672137
   -0.0181060311
   -0.0203689793
   -0.0202052052
   -0.0171268975
   -0.0115981435
   -0.0064951253
   -0.0024477699
   -0.0155677613
   -0.0224383338
   -0.0247119831
   -0.0246400461
   -0.0222508765
   -0.0181280059
   -0.0132967951
   -0.0082842395
   -0.0039299632
   -0.0159988492
   -0.0208799239
   -0.0252217249
   -0.0251079566
   -0.0216288697
   -0.0174698584
   -0.0230680911
   -0.0213285427
   -0.0147259103
   -0.0145320203
   -0.0186397481
   -0.0227116056
   -0.0239903700
   -0.0210192468
   -0.0036317415
   -0.0088665179
   -0.0138358346
   -0.0183362368
   -0.0219021615
   -0.0234581665
   -0.0224964373
   -0.0188963345
   -0.0105324789
   -0.0024496652
   -0.0065285437
   -0.0110111689
   -0.0160353573
   -0.0188481053
   -0.0185713333
   -0.0156160961
   -0.0092622482
    0.0012014034
   -0.0079271216
   -0.0097637915
   -0.0065097435
    0.0010242298
    0.0032096864
    0.0047117127
    0.0198354711
    0.0105109016
    0.0153987371
    0.0104554316
    0.0083627814
    0.0075206049
    0.0126557948
    0.0165444615
    0.0209767610
    0.0165003010
    0.0206218766
    0.0098450947
    0.0211670156
    0.0039886917
   -0.0006123133
    0.0000074887
    0.0036198203
   -0.0025734690
    0.0032288338
    0.0066366403
    0.0150233458
    0.0213639854
    0.0185750718
    0.0123081482
    0.0038992976
    0.0079761344
    0.0174425261
    0.0277403935
    0.0269696379
    0.0089468481
    0.0177772637
    0.0233218711
    0.0143158044
    0.0201946873
    0.0265848969
    0.0242477177
    0.0200096872
    0.0279683706
    0.0234893322
    0.0261320794
    0.0251787954
    0.0066554448
    0.0080693537
    0.0112790771
    0.0128230021
    0.0030123345
    0.0019314717
    0.0031046390
    0.0047941371
    0.0047438582
    0.0033287608
    0.0013065148
    0.0034679259
    0.0028142296
    0.0007523586
    0.0010890804
    0.0014253464
    0.0009689214
    0.0006195667
    0.0004171826
   -0.0019821113
   -0.0038294296
   -0.0042978383
   -0.0028939912
    0.0043142636
    0.0024927952
   -0.0012868055
   -0.0028939860
   -0.0038443363
   -0.0031650041
    0.0018862397
    0.0002604311
   -0.0019347597
   -0.0027844671
   -0.0008268913
    0.0039293142
   -0.0001899273
   -0.0005831361
   -0.0043948425
   -0.0034640427
    0.0003636722
   -0.0026327158
   -0.0034184161
   -0.0038623840
   -0.0032428661
   -0.0016440151
   -0.0031411866
   -0.0036875935
   -0.0032936631
   -0.0020747200
    0.0014455884
   -0.0014680334
   -0.0025208431
   -0.0010141634
    0.0024385716
    0.0008701376
    0.0003714212
    0.0025560001
    0.0028929696
   -0.0010631771
   -0.0016016995
    0.0001816172
    0.0038260477
   -0.0006444177
   -0.0028665781
   -0.0028209960
   -0.0013601503
    0.0016485819
   -0.0026783667
   -0.0038545522
   -0.0036303904
   -0.0021744867
    0.0014390348
   -0.0040323068
   -0.0041656130
   -0.0019883102
    0.0011087734
   -0.0002264619
    0.0022565301
   -0.0009120940
   -0.0028541232
   -0.0026970712
   -0.0014315652
   -0.0021754369
   -0.0035702171
   -0.0038643081
   -0.0034526587
   -0.0012684436
   -0.0032991727
   -0.0039750167
   -0.0038321633
   -0.0026849696
   -0.0043247318
   -0.0025719255
    0.0062221194
    0.0053504302
    0.0019852705
    0.0023197659
    0.0063647700
    0.0142972406
    0.0126742614
    0.0047467290
    0.0010934697
    0.0002154819
    0.0005759105
    0.0012492545
    0.0037770327
    0.0117989876
    0.0040054509
    0.0012347781
    0.0019552246
    0.0027501656
    0.0142388107
    0.0072288558
    0.0216554637
    0.0047751618
    0.0027828337
    0.0053751615
    0.0181643692
    0.0178822774
    0.0196067282
    0.0058279615
    0.0148494994
    0.0081767125
    0.0080639288
    0.0068402468
    0.0133886550
    0.0201093204
    0.0148805398
    0.0172378057
    0.0127154328
    0.0047986424
    0.0058746307
    0.0084541176
    0.0068343576
    0.0144831970
    0.0104641723
    0.0089842998
    0.0215766703
    0.0185310140
    0.0163370879
    0.0135658019
    0.0107618724
    0.0095271797
    0.0198338748
    0.0087667743
    0.0018502899
    0.0042359981
    0.0035502062
    0.0114529937
    0.0143067389
    0.0217962437
    0.0173720008
   -0.0312931476
   -0.0012167038
    0.0012608779
   -0.0155994391
   -0.0163609298
    0.0000783885
   -0.0081807961
   -0.0199892798
   -0.0205681273
    0.0010492232
    0.0051501841
   -0.0018894593
   -0.0077343385
   -0.0104863657
   -0.0068442107
   -0.0039121217
    0.0027517435
   -0.0134441961
   -0.0195012093
   -0.0140023300
   -0.0238419977
   -0.0265020519
   -0.0215823429
   -0.0218797769
    0.0073607186
   -0.0019145108
   -0.0102141427
   -0.0173140919
   -0.0135413684
   -0.0054609470
    0.0036741196
    0.0002411434
   -0.0065022015
   -0.0107578462
   -0.0038933240
    0.0043012909
    0.0038967693
   -0.0002501554
   -0.0094752064
   -0.0041062510
    0.0002425909
   -0.0086803914
   -0.0176106236
   -0.0200421704
   -0.0116880810
   -0.0030825191
   -0.0026844535
    0.0029194252
    0.0125153566
    0.0091775736
    0.0101946147
    0.0135591951
    0.0116405161
    0.0116524633
   -0.0001905929
    0.0076054801
    0.0152014571
    0.0156541432
    0.0102999176
    0.0042493413
    0.0212080164
    0.0112331127
    0.0112030976
    0.0110898858
    0.0094940069
    0.0096490417
    0.0116498839
    0.0099442526
    0.0102810082
    0.0112243318
    0.0084191497
    0.0044943976
    0.0028108554
    0.0067467915
    0.0061205577
    0.0042738001
    0.0066559207
    0.0101798326
    0.0197140669
    0.0132234462
   -0.0000300143
    0.0233597899
    0.0178959111
    0.0098390028
    0.0283904693
    0.0216631209
    0.0159985149
    0.0072936443
    0.0179091288
    0.0118908296
    0.0239930556
    0.0247162433
    0.0264602244
    0.0207593327
    0.0230174107
    0.0254240154
    0.0186148795
    0.0019992318
   -0.0001266443
   -0.0037263009
   -0.0032828453
    0.0019524138
   -0.0099001552
   -0.0184782391
   -0.0221312757
   -0.0160782379
   -0.0026963096
   -0.0297757562
   -0.0279224986
   -0.0236448838
   -0.0143575543
   -0.0001064974
   -0.0325797648
   -0.0308009409
   -0.0283395189
   -0.0232309279
   -0.0104176008
   -0.0291081567
   -0.0285511311
   -0.0265272294
   -0.0209104170
   -0.0209824737
   -0.0218300120
   -0.0174071836
   -0.0106282136
   -0.0042688356
   -0.0104672872
   -0.0177780299
    0.0028953282
   -0.0120092651
   -0.0209922332
   -0.0257323970
   -0.0285482434
   -0.0135881077
   -0.0227063170
   -0.0271354040
   -0.0296735555
   -0.0313924028
   -0.0119169630
   -0.0223563347
   -0.0263323353
   -0.0274872582
   -0.0259460548
   -0.0097106829
   -0.0200610672
   -0.0223106697
    0.0027821660
   -0.0105786691
   -0.0134044977
   -0.0020348492
    0.0001879519
   -0.0034710285
   -0.0040394817
    0.0137921031
    0.0046575068
    0.0057252803
    0.0057478424
    0.0049700136
    0.0056083712
   -0.0125320166
   -0.0024374064
   -0.0030051617
   -0.0001892430
    0.0024427711
    0.0039471486
    0.0075276845
    0.0110842269
    0.0116766241
    0.0049212192
    0.0064416818
    0.0076305320
   -0.0097322939
   -0.0043077974
    0.0105095418
    0.0052941181
   -0.0008707946
   -0.0015997657
    0.0001350463
    0.0061070838
    0.0037812850
    0.0035383590
    0.0105874725
    0.0043221048
    0.0069905656
    0.0111271503
    0.0088658816
    0.0055496222
    0.0060730211
    0.0098588667
    0.0087117527
    0.0070627485
    0.0071322802
    0.0067364568
    0.0115019866
    0.0097615166
    0.0102884062
    0.0113496842
    0.0091956675
    0.0041730784
    0.0067599663
    0.0105195534
    0.0113817236
    0.0092056830
    0.0039719529
    0.0071056139
    0.0107035471
    0.0116008781
    0.0087654784
    0.0105392686
    0.0115012804
    0.0086867496
    0.0025987552
    0.0057499946
    0.0104429894
    0.0116486741
    0.0097583021
    0.0060150831
    0.0028332392
    0.0071880309
    0.0106929740
    0.0128230020
    0.0123517401
    0.0116786577
    0.0109672102
    0.0078938780
    0.0096029417
    0.0084355319
    0.0076804214
    0.0127665562
    0.0055216443
    0.0022742136
    0.0089821154
    0.0107067515
    0.0096954745
    0.0120160828
    0.0095420799
    0.0122313812
    0.0105996939
    0.0029651109
    0.0007830222
    0.0172931898
    0.0047627850
    0.0096543225
    0.0070461755
    0.0117022416
    0.0062303003
    0.0180331098
    0.0191066910
    0.0160756036
    0.0077815399
    0.0043495578
    0.0117978545
    0.0026977296
    0.0050468856
    0.0101945072
    0.0146191794
    0.0078736219
    0.0104536199
    0.0063220673
    0.0094602844
    0.0142370397
    0.0173899438
    0.0140143710
    0.0131507314
    0.0075306198
    0.0166219598
    0.0186249945
    0.0183504736
    0.0156067130
    0.0144190314
    0.0179492814
    0.0189876911
    0.0177169386
    0.0083052933
    0.0137247847
    0.0145998196
   -0.0042402912
   -0.0034451779
    0.0036543920
   -0.0074932935
   -0.0113600173
   -0.0129273015
   -0.0124082527
   -0.0092755309
   -0.0033369091
    0.0033389069
   -0.0095421213
   -0.0153540499
   -0.0177075729
   -0.0182122888
   -0.0170076374
   -0.0141170907
   -0.0104327231
   -0.0071015407
   -0.0036515439
    0.0007992920
   -0.0117040117
   -0.0176587580
   -0.0201526474
   -0.0206710606
   -0.0196230410
   -0.0172483941
   -0.0141334374
   -0.0106740565
   -0.0072156366
   -0.0041410716
   -0.0129849924
   -0.0167411053
   -0.0203627155
   -0.0203046770
   -0.0175326535
   -0.0141928674
   -0.0184308113
   -0.0166276571
   -0.0112302467
   -0.0113504242
   -0.0149029010
   -0.0181225369
   -0.0190438104
   -0.0163253644
   -0.0028209381
   -0.0071488857
   -0.0107463776
   -0.0139960544
   -0.0167669453
   -0.0186621898
   -0.0190807530
   -0.0177380144
   -0.0142062162
   -0.0072483365
   -0.0035072058
   -0.0068730697
   -0.0098216572
   -0.0130408392
   -0.0156672549
   -0.0166331156
   -0.0156965471
   -0.0127691345
   -0.0068381669
    0.0040409793
   -0.0009889807
   -0.0068453150
   -0.0104197870
   -0.0111337531
   -0.0093877380
   -0.0052797213
    0.0019432935
   -0.0011825354
   -0.0022481446
    0.0013205427
    0.0042054570
    0.0006666398
    0.0129876555
    0.0076746159
    0.0209229268
    0.0139261470
    0.0096710992
    0.0066434673
    0.0075421762
    0.0074190116
    0.0064054147
    0.0113819504
    0.0161564010
    0.0205753487
    0.0134297483
    0.0169756743
    0.0189112877
    0.0182981537
    0.0098372420
    0.0058165475
    0.0198901148
   -0.0015005777
   -0.0020956596
   -0.0031383140
    0.0013477577
    0.0121218960
    0.0175803161
    0.0154523806
    0.0100647895
    0.0032011669
    0.0062991480
    0.0141568125
    0.0226620054
    0.0217346419
    0.0067665904
    0.0147421370
    0.0195792276
    0.0040070064
    0.0130455711
    0.0184035099
    0.0237176618
    0.0234725482
    0.0213268179
    0.0180073661
    0.0248617891
    0.0208152343
    0.0240812676
    0.0226672875
    0.0212907985
    0.0144912092
    0.0031330285
    0.0056497491
    0.0082921257
    0.0094135037
    0.0078024618
    0.0052115503
    0.0012638533
    0.0009647641
    0.0023521619
    0.0038700424
    0.0040207992
    0.0029612739
    0.0012980455
    0.0021410200
    0.0017898425
    0.0006823515
    0.0011846507
    0.0015963181
    0.0010381348
    0.0025293348
   -0.0006290846
   -0.0027956242
    0.0003625630
   -0.0018040257
   -0.0032353592
   -0.0036031520
   -0.0030417008
    0.0037724246
    0.0023724881
   -0.0008636776
   -0.0022719079
   -0.0029995546
   -0.0025740771
    0.0017338878
    0.0005676886
   -0.0012188187
   -0.0019777820
   -0.0007098737
    0.0021702301
    0.0001873761
   -0.0003003990
   -0.0033923235
   -0.0035607713
   -0.0027471994
   -0.0010279706
   -0.0032200659
   -0.0034221298
   -0.0031368779
   -0.0025296925
   -0.0008488410
   -0.0026503997
   -0.0030617504
   -0.0029458046
   -0.0022952447
   -0.0002242840
   -0.0011799804
   -0.0019653677
   -0.0009373689
    0.0015243863
    0.0004911412
    0.0010493486
    0.0031541010
   -0.0002836433
   -0.0005164168
    0.0011815415
    0.0045316299
   -0.0000459042
   -0.0017822030
   -0.0017986420
   -0.0004355808
    0.0026301723
   -0.0023988672
   -0.0029100789
   -0.0024400661
   -0.0010337872
    0.0021220677
   -0.0029469541
   -0.0034620835
   -0.0033258845
   -0.0021476414
   -0.0036349763
   -0.0037596401
    0.0007479861
    0.0001852277
    0.0021050270
   -0.0014943636
   -0.0022998296
   -0.0016764957
   -0.0003815970
   -0.0025595580
   -0.0033054264
   -0.0032199462
   -0.0027882147
   -0.0023369096
    0.0005341165
   -0.0027421658
   -0.0034765305
   -0.0035583099
   -0.0032899109
   -0.0033527105
   -0.0036395527
   -0.0034095019
    0.0064292844
    0.0054877304
    0.0025900024
    0.0030399804
    0.0067583564
    0.0132670533
    0.0117716114
    0.0042210370
    0.0011620204
    0.0005483774
    0.0008811194
    0.0017581922
    0.0042409354
    0.0109146800
    0.0009017494
    0.0001850489
    0.0007284429
    0.0012128283
    0.0133871266
    0.0060633286
   -0.0010968471
    0.0035065270
    0.0113753009
    0.0171775629
    0.0182953379
    0.0045897060
    0.0119711423
    0.0067579173
    0.0070965072
    0.0206438917
    0.0063219949
    0.0207086447
    0.0146633212
    0.0157206386
    0.0109937115
    0.0198056979
    0.0166117591
    0.0180457002
    0.0054759085
    0.0076084250
    0.0064257989
    0.0119480099
    0.0089397884
    0.0081049603
    0.0193666216
    0.0182940175
    0.0153738935
    0.0108469756
    0.0091620762
    0.0171741229
    0.0084680011
    0.0051447080
    0.0041489623
    0.0094098033
    0.0121822360
    0.0000027206
    0.0008181907
    0.0032161049
   -0.0106370556
   -0.0004125064
   -0.0049559271
   -0.0229739430
   -0.0133552941
   -0.0226568810
    0.0060383856
    0.0070396904
    0.0012058632
   -0.0033946277
   -0.0058929376
   -0.0020861200
   -0.0027274235
   -0.0000619701
    0.0048253121
   -0.0077879428
   -0.0127968714
   -0.0106967296
   -0.0080102526
   -0.0194024456
   -0.0188496088
   -0.0244531911
   -0.0136665364
   -0.0145492683
   -0.0161465874
   -0.0191505224
   -0.0114110614
    0.0008316533
   -0.0054909720
   -0.0112188210
   -0.0155025623
   -0.0082424762
   -0.0016994204
   -0.0022272875
   -0.0056069018
   -0.0001710092
    0.0078090164
    0.0017884487
   -0.0006518334
    0.0017424280
   -0.0052951284
   -0.0126932354
   -0.0140511837
   -0.0071922924
   -0.0004696572
    0.0009505721
   -0.0063459673
   -0.0140457808
   -0.0167768762
   -0.0088405750
   -0.0014561375
    0.0107736297
    0.0084934304
    0.0089169379
    0.0114213883
    0.0102425871
    0.0105781476
    0.0015969611
    0.0070553502
    0.0125938731
    0.0131483868
    0.0093874669
    0.0052952305
    0.0180219953
    0.0144861322
    0.0063208435
    0.0094032084
    0.0093053488
    0.0081912270
    0.0083983381
    0.0098652245
    0.0087309190
    0.0088336176
    0.0094108528
    0.0075314272
    0.0048639276
    0.0038237935
    0.0066553243
    0.0065964524
    0.0051004343
    0.0065468348
    0.0087960487
    0.0073705765
    0.0099928875
    0.0166163888
    0.0104962433
    0.0233984859
    0.0180256688
    0.0125761989
    0.0033983611
    0.0245309033
    0.0187537123
    0.0136447364
    0.0059042890
    0.0182402799
    0.0133031491
    0.0064594877
    0.0149557298
    0.0101801941
    0.0222703107
    0.0243074785
    0.0205918650
    0.0216113089
    0.0237610972
    0.0188821030
    0.0208780417
    0.0007185360
   -0.0022787865
   -0.0058468336
   -0.0062954079
   -0.0164721475
   -0.0115805819
   -0.0010349448
   -0.0232615674
   -0.0223197835
   -0.0194859228
   -0.0137128339
   -0.0045648451
   -0.0271894688
   -0.0256570227
   -0.0237312374
   -0.0201646148
   -0.0128659194
   -0.0267273983
   -0.0256045518
   -0.0242810385
   -0.0218474303
   -0.0165993421
   -0.0216300477
   -0.0220100041
   -0.0208487643
   -0.0170758631
   -0.0139752277
   -0.0157673728
   -0.0135071660
   -0.0057605806
   -0.0060891616
   -0.0017151257
   -0.0064292910
   -0.0125012483
   -0.0011671981
   -0.0107441635
   -0.0167561861
   -0.0202012688
   -0.0226348108
   -0.0018032408
   -0.0125436305
   -0.0187444866
   -0.0222547718
   -0.0245670059
   -0.0271057137
   -0.0088456400
   -0.0170967055
   -0.0212001305
   -0.0232935897
   -0.0242679987
   -0.0109045120
   -0.0179219372
   -0.0205766030
   -0.0205899950
   -0.0092284266
   -0.0151399563
   -0.0158138081
   -0.0062458567
   -0.0084648522
   -0.0011187977
   -0.0009985395
    0.0021526265
    0.0012446464
    0.0044384690
    0.0068533853
    0.0060786231
    0.0040118881
    0.0053518116
    0.0050584185
    0.0051213499
    0.0044690070
    0.0050413382
   -0.0090979257
   -0.0012034347
    0.0000649186
    0.0049843152
    0.0026210006
    0.0035071014
    0.0059853817
    0.0085193188
    0.0045370288
    0.0054125635
    0.0064761159
   -0.0140411654
   -0.0087811407
   -0.0050248627
    0.0083003907
    0.0048875119
    0.0006064162
   -0.0004082506
    0.0008522800
    0.0053056849
    0.0034175061
    0.0034092694
    0.0088429355
    0.0049042740
    0.0066809021
    0.0109128612
    0.0088518150
    0.0073630360
    0.0051043056
    0.0053977521
    0.0079772626
    0.0071628802
    0.0060745156
    0.0061011915
    0.0058555918
    0.0100891326
    0.0094832672
    0.0095339041
    0.0079529907
    0.0062743591
    0.0089451522
    0.0095491166
    0.0079837853
    0.0043245340
    0.0066954353
    0.0091276582
    0.0096133445
    0.0078673442
    0.0036672720
    0.0063728518
    0.0091396463
    0.0104987112
    0.0081236519
    0.0096377857
    0.0108241016
    0.0078729728
    0.0098063449
    0.0096986817
    0.0079675633
    0.0042497066
    0.0062111913
    0.0090816260
    0.0100442508
    0.0088066200
    0.0064754448
    0.0040715897
    0.0069043702
    0.0093370606
    0.0112315809
    0.0105333195
