   -0.0185613004
    0.0287450401
    0.0101273071
   -0.0172629992
    0.0001990507
   -0.0040619358
   -0.0136930651
   -0.0018169688
    0.0014679526
   -0.0043958920
   -0.0126830005
   -0.0118446538
   -0.0001350407
    0.0029942334
    0.0026105319
   -0.0115965532
   -0.0247283291
   -0.0039549945
   -0.0091562772
    0.0010325464
   -0.0043086721
   -0.0215803116
    0.0023978704
   -0.0023097932
   -0.0181599951
    0.0040470798
   -0.0001995864
   -0.0052595517
   -0.0037168671
   -0.0042582630
   -0.0015236180
   -0.0024864605
    0.0012809757
    0.0029189612
    0.0037296741
    0.0022628915
    0.0030088017
    0.0044600196
    0.0055074433
    0.0091303461
    0.0037276088
    0.0033903886
    0.0061183584
    0.0079308400
    0.0067456152
    0.0035486907
    0.0073061105
    0.0062358172
    0.0043587777
    0.0102669204
    0.0077514415
    0.0055184827
    0.0026027623
    0.0078962410
    0.0061443135
    0.0026453714
    0.0016847155
   -0.0044917423
   -0.0049068482
   -0.0011251284
   -0.0000964003
   -0.0013574066
    0.0028738004
    0.0036389908
    0.0016645228
   -0.0020798010
    0.0025074062
    0.0040702755
   -0.0011744781
    0.0024606165
   -0.0032047470
    0.0003565333
    0.0021169969
    0.0001621668
    0.0019529328
    0.0041056629
    0.0055000405
    0.0033587600
   -0.0014153156
    0.0028740177
    0.0054316574
    0.0032615780
    0.0031219032
    0.0019508598
    0.0011818477
    0.0042294095
    0.0022559005
   -0.0015172052
   -0.0028786134
    0.0039731323
    0.0034110711
    0.0011852977
   -0.0019041617
    0.0016444890
   -0.0507460383
   -0.0441784970
   -0.0456338130
   -0.0394033682
   -0.0485866003
   -0.0509066725
   -0.0176099428
   -0.0213996625
   -0.0305402047
   -0.0238753734
   -0.0460216543
   -0.0476196855
   -0.0317761857
   -0.0409501544
   -0.0292457922
   -0.0191197346
   -0.0160821552
   -0.0024512803
    0.0048075074
    0.0061595410
    0.0077094650
    0.0126209544
    0.0102225277
    0.0100493228
    0.0163305297
    0.0111152110
    0.0096441614
    0.0100999999
   -0.0086040428
    0.0278473193
    0.0062573694
    0.0033633971
    0.0077444722
    0.0134747985
    0.0107209561
    0.0097747737
    0.0099055109
    0.0095008747
    0.0108480934
    0.0189654445
    0.0175095076
    0.0037670375
    0.0059703178
    0.0327379440
    0.0330811388
    0.0265734069
    0.0003378081
    0.0226161888
    0.0365791745
    0.0358641596
    0.0240888284
    0.0330309646
   -0.0131000603
    0.0217347059
    0.0107524390
    0.0085490191
   -0.0083534884
    0.0017531263
    0.0036839661
   -0.0051957178
   -0.0124686242
   -0.0047365453
   -0.0006335133
   -0.0017741498
   -0.0068808373
   -0.0125060974
   -0.0306606582
   -0.0129960499
   -0.0027664755
    0.0010021013
   -0.0319630724
   -0.0042242543
    0.0009420017
    0.0025611683
   -0.0113006178
   -0.0059658988
   -0.0121577275
   -0.0024442714
   -0.0084865660
   -0.0236393107
    0.0009187444
   -0.0025915719
   -0.0110155372
    0.0026555333
    0.0005875942
   -0.0041779944
    0.0027262177
   -0.0040999559
   -0.0048074720
   -0.0031145606
   -0.0037518563
   -0.0030972312
    0.0006353515
   -0.0011725895
    0.0020705869
    0.0028472589
    0.0035524232
    0.0013773984
    0.0025463378
    0.0033605231
    0.0043297162
    0.0053058786
    0.0075668248
    0.0046117250
    0.0029745414
    0.0040368267
    0.0053935796
    0.0067112084
    0.0054998056
    0.0026093710
    0.0044107273
    0.0040280584
    0.0031402236
    0.0065046188
    0.0053662484
    0.0038750261
    0.0020457098
    0.0064190780
    0.0047879365
    0.0027539627
    0.0051134283
    0.0031547223
    0.0020523180
   -0.0043178927
   -0.0036806787
   -0.0014499353
   -0.0023062346
   -0.0005578464
    0.0012485333
    0.0007501420
   -0.0016247247
   -0.0007850392
    0.0016297262
    0.0025069600
    0.0020585352
   -0.0007740010
    0.0016052815
    0.0023997522
    0.0001653830
   -0.0018218155
   -0.0004367564
   -0.0006095133
   -0.0026172488
    0.0003189480
    0.0016344207
    0.0026688342
    0.0022201214
    0.0001645822
    0.0028933679
    0.0040237684
    0.0036224538
    0.0014244478
   -0.0011563372
    0.0034014861
    0.0034679683
    0.0016213465
    0.0023675361
    0.0004526057
   -0.0001865328
    0.0020697050
    0.0017444983
   -0.0002712752
   -0.0022014387
   -0.0025497674
    0.0022951451
    0.0025242092
    0.0016483945
   -0.0001863396
   -0.0022116699
   -0.0048970850
    0.0023336917
    0.0011265767
   -0.0007967091
   -0.0389324903
   -0.0356675230
   -0.0353166565
   -0.0311467006
   -0.0382629417
   -0.0398136797
   -0.0209555163
   -0.0221296076
   -0.0260733749
   -0.0214097507
   -0.0365661414
   -0.0379635759
   -0.0290843040
   -0.0061841469
   -0.0115555453
   -0.0292694076
   -0.0339001436
   -0.0251962827
   -0.0091000282
   -0.0204798333
   -0.0237962850
   -0.0116176660
   -0.0047317051
   -0.0075797367
   -0.0015319337
    0.0019234574
    0.0040272984
    0.0107525037
    0.0070418952
    0.0069052989
    0.0075799152
    0.0126243885
    0.0091935240
    0.0084590845
    0.0100575384
    0.0084967493
    0.0092542714
    0.0027312102
   -0.0017148738
   -0.0047410976
    0.0196610031
    0.0075536708
    0.0051697752
    0.0044953875
    0.0093280403
    0.0113079228
    0.0101269377
    0.0084713088
    0.0083695472
    0.0079313469
    0.0085306704
    0.0091104014
    0.0065067110
    0.0057120644
   -0.0031225993
    0.0202868903
    0.0210517507
    0.0172049561
    0.0105743671
    0.0001959247
    0.0138746492
    0.0270237947
    0.0280107365
    0.0250475191
    0.0087680220
    0.0206837911
    0.0285662197
    0.0290390324
    0.0218875897
    0.0259769476
    0.0171394146
    0.0098573882
   -0.0077263933
    0.0017180746
    0.0040816259
   -0.0055874967
   -0.0126464094
   -0.0053190878
   -0.0012661851
   -0.0020439728
   -0.0067267866
   -0.0123068446
   -0.0145540644
   -0.0044173729
   -0.0002472258
   -0.0057288214
    0.0001185897
    0.0019525372
   -0.0059810067
   -0.0120069718
   -0.0011128766
   -0.0041013907
   -0.0106346480
   -0.0257414741
   -0.0005756712
   -0.0044864989
   -0.0133828672
    0.0016209591
   -0.0007025614
   -0.0058040154
   -0.0033399019
   -0.0029965439
   -0.0021445158
   -0.0025647942
   -0.0002362529
    0.0000343984
    0.0019751726
    0.0023102000
    0.0020827424
    0.0024079193
    0.0029997782
    0.0037039302
    0.0047338084
    0.0071089077
    0.0045641109
    0.0028727797
    0.0034550337
    0.0044805457
    0.0058405217
    0.0048393703
    0.0032891835
    0.0028205277
    0.0013581981
    0.0059221622
    0.0046671418
    0.0035869935
    0.0022319380
    0.0059801804
    0.0044781818
    0.0030233889
    0.0019294829
    0.0048865644
    0.0029962946
   -0.0017345282
   -0.0026989091
   -0.0020259862
   -0.0002350752
    0.0004243480
   -0.0005541927
   -0.0019187308
   -0.0000795048
    0.0012220477
    0.0014262206
    0.0001146661
    0.0013825146
    0.0017856122
   -0.0007240878
   -0.0004369548
   -0.0013233159
    0.0009714883
    0.0017620669
    0.0018554764
    0.0009126208
   -0.0008209992
    0.0021914524
    0.0029052605
    0.0030537801
    0.0020822580
    0.0003192926
    0.0027820916
    0.0027611810
    0.0014991683
    0.0021379393
   -0.0003395969
   -0.0011069259
    0.0009919617
    0.0008686739
   -0.0007124769
   -0.0022925810
   -0.0028852767
    0.0016435023
    0.0012925631
    0.0001534498
   -0.0013063521
    0.0020350377
    0.0012715214
   -0.0000706489
   -0.0306320901
   -0.0281150349
   -0.0273044878
   -0.0304158413
   -0.0315939091
   -0.0165817545
   -0.0166046089
   -0.0192495024
   -0.0176523807
   -0.0300364512
   -0.0291096626
   -0.0223745220
   -0.0028118468
   -0.0074655357
   -0.0245638582
   -0.0254476781
   -0.0180326781
   -0.0064694525
   -0.0169801067
   -0.0165671536
   -0.0063086401
   -0.0001618980
   -0.0023648133
    0.0007162928
    0.0026585478
    0.0107911238
    0.0062739738
    0.0057188294
    0.0061349867
    0.0123978347
    0.0083953213
    0.0073935871
    0.0072358195
    0.0092228941
    0.0075828234
    0.0007249661
   -0.0032889068
    0.0189276014
    0.0054948094
    0.0037549554
    0.0039481552
    0.0094240276
    0.0103675174
    0.0093933684
    0.0075804101
    0.0072493786
    0.0067307442
    0.0074174158
    0.0080139934
    0.0035711491
    0.0035623578
   -0.0035254597
    0.0155037542
    0.0164044862
    0.0140088896
    0.0094759068
    0.0007610473
    0.0105914999
    0.0214752538
    0.0225299229
    0.0207698891
    0.0082678058
    0.0167452614
    0.0230254485
    0.0235657307
    0.0174584394
    0.0210785152
   -0.0071198470
    0.0173577323
    0.0139826440
    0.0061086929
    0.0090036784
   -0.0070651684
    0.0017046151
    0.0020714650
    0.0018887651
    0.0019200210
    0.0043084126
   -0.0056483630
   -0.0110213676
   -0.0054741513
   -0.0020683376
   -0.0025910846
   -0.0062888497
   -0.0107630039
   -0.0122613583
   -0.0046550274
   -0.0010108363
   -0.0077231891
   -0.0016878049
    0.0007024271
   -0.0063659686
   -0.0113901788
   -0.0024258417
   -0.0050422231
   -0.0106456260
   -0.0221411988
   -0.0024844836
   -0.0066803082
   -0.0155577930
   -0.0011904446
   -0.0049737528
   -0.0132959172
   -0.0003253898
   -0.0040931551
   -0.0027894587
   -0.0023974360
   -0.0023992421
   -0.0012486766
   -0.0017131480
   -0.0021037367
   -0.0019644455
    0.0012772141
    0.0001015030
   -0.0004286260
   -0.0015607290
    0.0010226998
   -0.0009163546
   -0.0001714251
    0.0000135893
    0.0008104483
    0.0016956776
    0.0022508509
    0.0025085847
    0.0022145535
    0.0024943942
    0.0029293443
    0.0035224835
    0.0045660558
    0.0062788866
    0.0045381887
    0.0030930180
    0.0032661994
    0.0039946935
    0.0051950430
    0.0044139738
    0.0021901633
    0.0020386664
    0.0036145244
    0.0029228968
    0.0019070490
    0.0046538756
    0.0036423170
    0.0026568253
    0.0053577960
    0.0039249162
    0.0027408600
    0.0045172228
    0.0028994253
   -0.0020937973
   -0.0030420521
   -0.0019777868
   -0.0008510879
   -0.0005915021
   -0.0016803447
   -0.0011137903
    0.0000129868
    0.0005268717
    0.0001619649
   -0.0008894936
    0.0002367613
    0.0009402285
    0.0009771065
    0.0001123682
    0.0010440348
    0.0015402589
   -0.0010477279
    0.0005088009
    0.0007534536
    0.0004006910
   -0.0005537417
    0.0014791587
    0.0018526944
    0.0020483346
    0.0016676042
    0.0006914677
   -0.0005119488
    0.0021866908
    0.0025363000
    0.0025411455
    0.0018513847
    0.0007488333
    0.0023875475
    0.0023239034
    0.0016708643
   -0.0008120214
   -0.0015698407
    0.0001611599
    0.0002548919
   -0.0008389931
   -0.0020445728
   -0.0026935375
    0.0009009831
    0.0008669786
    0.0001293201
   -0.0009396519
    0.0013492004
    0.0012293689
    0.0005904991
   -0.0003423438
   -0.0246613450
   -0.0233419586
   -0.0222317707
   -0.0248373926
   -0.0257339193
   -0.0163702824
   -0.0158081277
   -0.0168059110
   -0.0161095610
   -0.0251785005
   -0.0238400961
   -0.0197790600
   -0.0045114614
   -0.0037043248
   -0.0063942286
   -0.0089200391
   -0.0220551653
   -0.0215568267
   -0.0165300495
   -0.0096661748
    0.0029571663
   -0.0157068031
   -0.0175253413
   -0.0138652219
   -0.0061116056
   -0.0102948008
   -0.0078893293
   -0.0015754431
    0.0009081527
    0.0035486188
    0.0035261175
    0.0041378033
    0.0130017235
    0.0074726497
    0.0060364315
    0.0058593733
    0.0114136531
    0.0079215640
    0.0067928868
    0.0063907385
    0.0085277343
    0.0070196230
    0.0011555777
   -0.0004686861
    0.0012770168
    0.0142898136
    0.0051451911
    0.0040452837
    0.0045866274
    0.0085780363
    0.0090525924
    0.0084979590
    0.0069712853
    0.0064839567
    0.0060836806
    0.0067834638
    0.0072053429
   -0.0024616503
    0.0083961329
    0.0092132653
    0.0072589418
    0.0043084349
    0.0149340282
    0.0159373271
    0.0148870316
    0.0125811244
    0.0051059577
    0.0114278511
    0.0182287423
    0.0192461630
    0.0182423872
    0.0087648851
    0.0146341898
    0.0189288953
    0.0195067646
    0.0149686294
