    0.0048347749
    0.0106092193
    0.0115141185
    0.0051295557
   -0.0002918878
    0.0125192692
    0.0123996695
    0.0112013212
    0.0120400568
    0.0105315521
    0.0091304811
    0.0058877302
    0.0037749861
   -0.0232978624
   -0.0107835983
   -0.0336378944
    0.0014316403
   -0.0115704133
   -0.0144514965
   -0.0270158638
   -0.0166009792
   -0.0367824902
   -0.0341925635
   -0.0153497525
   -0.0062333227
   -0.0267064227
   -0.0075272110
    0.0061139271
    0.0066565723
   -0.0068319121
    0.0109382844
    0.0101196491
    0.0084047966
    0.0058382874
    0.0106856303
   -0.0387857748
   -0.0115647883
   -0.0234820388
   -0.0396205122
   -0.0268068439
   -0.0114502503
   -0.0156064524
   -0.0359001941
   -0.0373314068
    0.0096917255
    0.0055704718
    0.0038542270
    0.0097481064
    0.0103068027
    0.0103305111
   -0.0077431891
    0.0015596652
    0.0053084975
   -0.0122902494
   -0.0270534363
   -0.0201479108
   -0.0122853905
   -0.0044361158
    0.0001991383
    0.0000401315
   -0.0298508409
   -0.0233581943
   -0.0115521868
   -0.0015675686
    0.0153453376
    0.0022734735
    0.0076071156
    0.0109552623
    0.0090682179
    0.0103820898
    0.0125281032
    0.0128823009
    0.0053160845
    0.0092453869
    0.0110703033
    0.0025525188
   -0.0240167721
   -0.0087152852
   -0.0175272909
   -0.0083879456
   -0.0207269236
   -0.0102591226
   -0.0241250064
    0.0108776066
    0.0062511026
    0.0195988832
    0.0027691248
    0.0027651383
    0.0194116135
    0.0011224218
    0.0039503388
    0.0056983906
    0.0017781706
    0.0000859997
    0.0002334959
    0.0006394057
    0.0002605970
    0.0019979476
    0.0083555183
   -0.0089884501
    0.0072931169
    0.0104519863
    0.0105292161
    0.0016520892
   -0.0002496330
    0.0058986573
    0.0047665265
   -0.0051840635
    0.0028562533
    0.0070629177
    0.0013935094
    0.0023928131
    0.0104045564
    0.0133548299
    0.0030655294
   -0.0171765228
   -0.0132856386
   -0.0176763373
   -0.0165570423
   -0.0175433812
   -0.0079237810
   -0.0047949750
   -0.0051293619
   -0.0078512945
    0.0113851645
    0.0047044995
    0.0144672504
    0.0232299133
    0.0268411939
    0.0161917473
    0.0088898608
   -0.0117085827
    0.0075001317
    0.0182920599
    0.0260467215
    0.0233778183
    0.0139301633
    0.0207072976
    0.0012382005
    0.0011298669
    0.0009641675
    0.0019583201
    0.0090581781
    0.0132763649
    0.0123323771
    0.0084753804
    0.0048526803
    0.0150158255
    0.0009040129
    0.0024779013
    0.0189667066
    0.0038636659
    0.0049444786
    0.0077128040
    0.0057031959
    0.0142906605
    0.0179036960
    0.0191768732
    0.0243122693
    0.0242147422
    0.0207710571
    0.0216232272
    0.0278803921
    0.0250456763
    0.0209500539
    0.0204518883
    0.0145840619
    0.0139679379
    0.0258419302
    0.0284463398
    0.0169597008
    0.0274674384
    0.0274268109
    0.0227070230
    0.0255255778
   -0.0026174888
   -0.0050497588
    0.0053359725
    0.0140560868
    0.0146490566
    0.0125281327
    0.0058203402
    0.0085479155
   -0.0053819246
   -0.0042963484
    0.0018120277
    0.0240597789
    0.0179225343
    0.0037149955
    0.0124484076
   -0.0043563056
   -0.0054414508
   -0.0045513012
    0.0110451034
   -0.0043029717
   -0.0023521432
    0.0039824080
   -0.0053444489
    0.0100064491
    0.0084341618
    0.0115906338
    0.0064468461
    0.0029825116
   -0.0055003010
    0.0223948089
    0.0122725033
    0.0054469993
    0.0160865675
    0.0084202755
    0.0113675925
    0.0189799617
    0.0121044064
    0.0173198668
    0.0228237517
    0.0248813733
    0.0233958496
    0.0186256939
    0.0227754701
    0.0261561837
    0.0319846188
    0.0211630369
    0.0235776302
    0.0201252835
    0.0308714289
    0.0280848770
    0.0274008775
    0.0253568818
    0.0289016810
    0.0286617052
    0.0276827322
    0.0041403782
    0.0146406554
    0.0172830293
    0.0054818119
   -0.0005220889
    0.0143649994
    0.0140001947
    0.0065683460
    0.0170510912
    0.0175524876
    0.0151952535
    0.0141853101
    0.0167905847
    0.0253788680
    0.0254425700
    0.0245102925
    0.0267274778
    0.0287509499
    0.0169320956
    0.0144245984
    0.0157807242
    0.0123385434
    0.0136017618
    0.0176053103
    0.0137027708
    0.0191940899
    0.0100861384
    0.0188013388
    0.0214080623
    0.0219745856
    0.0183792292
    0.0145135970
    0.0179824450
    0.0183519743
    0.0143408419
    0.0151784419
    0.0228267133
    0.0169384257
    0.0212073935
    0.0232528781
    0.0282568052
    0.0163411237
    0.0210683129
    0.0224289203
    0.0171359008
    0.0179886516
    0.0095945256
    0.0252588177
    0.0278415501
    0.0202604447
    0.0131869996
    0.0252245791
    0.0232756174
    0.0188589356
    0.0144006512
    0.0204107148
    0.0187139762
    0.0301947343
    0.0203541061
    0.0242905512
    0.0240920131
    0.0195568516
    0.0143090363
    0.0230771492
    0.0195890457
    0.0145436784
    0.0181976020
    0.0263924993
    0.0230305985
    0.0228253139
    0.0194920927
    0.0196798369
    0.0161965174
    0.0117611893
    0.0127041603
    0.0114050807
    0.0107007090
    0.0057800598
    0.0144692636
    0.0158938271
    0.0150591872
    0.0195618466
    0.0144770438
    0.0178978589
    0.0217628944
    0.0189965744
    0.0227611900
    0.0165427493
    0.0231481596
    0.0246675326
    0.0143425303
    0.0061147454
    0.0186545305
    0.0246796470
    0.0185329072
    0.0019783876
    0.0000443191
   -0.0004005850
    0.0052233628
   -0.0067574692
    0.0057306345
    0.0024280403
   -0.0054232999
   -0.0075182803
    0.0048971207
   -0.0017568704
   -0.0036091327
   -0.0100365147
    0.0223511819
    0.0213203771
    0.0233498540
    0.0203016614
    0.0191559990
    0.0187303819
    0.0278430224
    0.0207295236
    0.0150597098
    0.0112544647
    0.0078756469
   -0.0038897404
   -0.0074597951
    0.0128263391
   -0.0094337272
   -0.0081591995
   -0.0049537795
    0.0131294958
   -0.0102191342
   -0.0070808344
   -0.0016332831
    0.0139156780
    0.0089063196
   -0.0025308352
    0.0170481622
    0.0026156148
    0.0122619826
    0.0192260625
    0.0174087366
    0.0129586433
    0.0200006976
    0.0231978600
    0.0219170370
    0.0188129528
    0.0246290947
    0.0262439185
    0.0266612920
    0.0054896676
   -0.0090829572
    0.0126318427
    0.0148376114
    0.0035479862
    0.0060256390
    0.0290233913
    0.0289690592
    0.0247980609
    0.0281084219
    0.0249768916
    0.0281386544
    0.0288627634
    0.0296756868
    0.0051464642
   -0.0059975351
   -0.0173359177
   -0.0009695454
    0.0115782303
    0.0176751921
   -0.0019646013
    0.0041611147
    0.0188383424
    0.0181100488
    0.0114350905
    0.0031767080
   -0.0017021560
    0.0108340582
    0.0096856049
   -0.0214144944
   -0.0525760569
   -0.0445397816
   -0.0313454038
   -0.0161593020
   -0.0058611463
   -0.0120221298
   -0.0516601534
   -0.0470960568
   -0.0386751643
   -0.0278766102
   -0.0214020035
   -0.0299321770
   -0.0363592648
   -0.0465342266
   -0.0485653709
   -0.0454979566
   -0.0383902477
   -0.0338116423
   -0.0394806874
   -0.0448723640
   -0.0449649374
   -0.0478513543
   -0.0489267404
   -0.0436117396
   -0.0430336095
   -0.0440282033
   -0.0463243949
   -0.0497219821
   -0.0475732230
   -0.0339578617
   -0.0314452113
   -0.0316446834
   -0.0276025079
   -0.0271506348
   -0.0352900181
   -0.0397065420
   -0.0460227024
   -0.0523378329
   -0.0103813647
   -0.0069559804
   -0.0111460980
   -0.0196861410
   -0.0275565816
   -0.0377648689
    0.0019658302
    0.0107886047
    0.0031395522
    0.0137057131
    0.0115225489
    0.0057216689
    0.0123894026
    0.0115705087
    0.0055020597
    0.0122557617
    0.0130167775
    0.0050142166
    0.0124947221
    0.0060691098
    0.0043645420
    0.0134752489
   -0.0016891382
   -0.0069810515
    0.0125047481
   -0.0226753387
   -0.0172254685
   -0.0352263909
   -0.0389735329
   -0.0232084505
   -0.0199401824
   -0.0379101659
   -0.0446257490
   -0.0458852178
   -0.0392536927
   -0.0071130181
   -0.0277258402
   -0.0426605424
   -0.0467111345
   -0.0464646215
   -0.0420438633
   -0.0254006214
   -0.0319238927
   -0.0433578472
   -0.0427410938
   -0.0357704175
   -0.0162214119
   -0.0282460597
   -0.0333848026
   -0.0195179837
   -0.0123427658
    0.0065066348
    0.0039888282
    0.0039082400
    0.0030268601
   -0.0005743026
    0.0098853584
    0.0027075899
    0.0266291419
    0.0135056187
    0.0011173113
    0.0098808726
    0.0037322047
    0.0045472666
    0.0043382772
    0.0061319468
    0.0020148650
    0.0078193841
    0.0052229565
    0.0064393420
   -0.0302750991
   -0.0377948173
   -0.0217768511
   -0.0092788150
   -0.0343225219
   -0.0428024043
   -0.0405751224
   -0.0256578712
   -0.0105676255
   -0.0406912030
   -0.0470046626
   -0.0461887296
   -0.0380968048
   -0.0175258519
   -0.0324055822
   -0.0439089429
   -0.0464365951
   -0.0455877207
   -0.0283109743
   -0.0091131553
   -0.0323224207
   -0.0403243321
   -0.0407486377
   -0.0175780405
   -0.0165234272
   -0.0287918889
   -0.0010850358
    0.0003495286
    0.0044485742
    0.0026234931
    0.0022683898
    0.0037431825
   -0.0001861757
    0.0061968841
    0.0006649081
    0.0010342470
    0.0104627611
    0.0038726481
    0.0007182119
    0.0093512476
    0.0076276567
    0.0027196948
    0.0094301397
    0.0021834056
    0.0055403917
    0.0101543986
    0.0039586770
   -0.0201538028
    0.0102180337
    0.0096083472
    0.0003522244
    0.0088727780
    0.0056784414
    0.0011004035
    0.0187298119
    0.0117212791
    0.0126804916
    0.0007463521
    0.0031363057
    0.0099859813
    0.0143617815
   -0.0040927508
   -0.0116716072
   -0.0131008490
   -0.0167169422
   -0.0186572789
   -0.0177777534
   -0.0142971761
   -0.0007813136
   -0.0050471915
    0.0127451074
   -0.0050382849
    0.0214564132
    0.0213802547
   -0.0060212148
    0.0142677535
    0.0265061690
    0.0329305635
    0.0086679658
    0.0199328201
    0.0257377000
    0.0159174514
    0.0183064362
    0.0253592106
    0.0166788253
    0.0328308810
    0.0277632873
    0.0167261865
    0.0285793403
    0.0224486699
    0.0188396403
    0.0150359063
    0.0237395479
    0.0197968016
    0.0317815968
    0.0253834985
    0.0082593918
    0.0283292825
    0.0330439250
    0.0230754353
    0.0207717326
    0.0264326554
    0.0168448800
    0.0020633855
    0.0067660695
    0.0077424862
    0.0045792214
   -0.0042446740
    0.0003439522
    0.0092348591
    0.0095636270
    0.0088709483
    0.0081300529
    0.0065613783
    0.0090992898
    0.0074766063
    0.0063935037
    0.0057853307
    0.0005540871
   -0.0015775908
   -0.0180396669
   -0.0195467748
   -0.0094797675
   -0.0305670868
   -0.0236815963
   -0.0009732281
   -0.0037221035
   -0.0054916023
   -0.0138582930
   -0.0159378731
   -0.0253164432
   -0.0167183870
   -0.0335270250
   -0.0329052635
   -0.0039857979
   -0.0165323972
   -0.0093936951
   -0.0263641189
   -0.0101552789
    0.0025993437
   -0.0041816778
    0.0095560728
    0.0067613287
    0.0044155699
   -0.0058944591
    0.0048642211
    0.0064955503
    0.0073613505
   -0.0004108405
    0.0050911101
   -0.0264520976
   -0.0309869872
   -0.0253874799
   -0.0266328192
   -0.0146143234
   -0.0173532220
    0.0022968668
   -0.0025769731
   -0.0052182707
   -0.0357923285
   -0.0184329319
   -0.0358725855
    0.0024011440
   -0.0009640776
    0.0079277728
    0.0061647155
    0.0056447516
    0.0048898274
    0.0064627262
    0.0071891216
   -0.0108025477
   -0.0008593908
   -0.0002064623
   -0.0155643364
   -0.0249220441
   -0.0203737665
   -0.0137130716
   -0.0076744529
   -0.0046927231
   -0.0026165008
   -0.0151679784
   -0.0257049875
   -0.0074969469
   -0.0205257011
   -0.0119756342
   -0.0012842757
    0.0034189003
    0.0071808906
    0.0094291185
    0.0048458774
    0.0070160370
    0.0088111303
    0.0095850382
    0.0051402660
    0.0096676485
    0.0084834616
    0.0094258501
    0.0088464920
    0.0021911080
    0.0061544588
    0.0066378729
   -0.0001382604
    0.0011552751
   -0.0205284778
   -0.0086037247
   -0.0257395383
   -0.0157625595
   -0.0047270846
   -0.0024903501
   -0.0077872452
   -0.0098647593
   -0.0193282132
   -0.0217777929
    0.0041464324
    0.0034611470
    0.0033707876
    0.0046482794
    0.0172213646
    0.0003211704
    0.0004311828
    0.0023922810
    0.0031287429
    0.0001392457
    0.0008084333
    0.0009436194
    0.0033024134
   -0.0111341017
    0.0012669766
    0.0062280515
    0.0064479169
    0.0047316583
   -0.0050858445
   -0.0082038566
    0.0026840147
    0.0045440324
   -0.0000153367
   -0.0006260371
    0.0044357727
    0.0033479595
   -0.0060970281
    0.0060906175
    0.0069267957
    0.0065421425
    0.0085918486
    0.0020580275
   -0.0102252857
   -0.0076243760
   -0.0120453671
   -0.0121154754
   -0.0111859854
   -0.0053915541
   -0.0053633629
   -0.0063862078
   -0.0058381582
    0.0004670337
    0.0110050437
    0.0177920914
    0.0253644371
    0.0266014250
    0.0190647717
    0.0125244330
    0.0039380421
    0.0050123172
    0.0125957376
    0.0193308309
    0.0212101798
    0.0164893191
    0.0086666391
    0.0157056808
    0.0000666868
    0.0007590007
    0.0012507460
    0.0038607712
    0.0037052528
    0.0025313499
    0.0145439652
    0.0139346934
    0.0091152122
    0.0040980700
    0.0005834946
    0.0062328053
    0.0013552984
    0.0037928213
    0.0044887840
    0.0124890462
    0.0117726198
    0.0167246249
    0.0189829255
    0.0178645336
    0.0144689300
    0.0230869672
    0.0214286997
    0.0190759077
    0.0160371824
    0.0231780602
    0.0197849925
    0.0160496408
    0.0161341995
    0.0145940915
    0.0181923642
    0.0228481866
    0.0261956925
    0.0147514860
    0.0234816767
    0.0247134486
    0.0255398431
    0.0209867342
    0.0245713480
    0.0228366270
    0.0220951656
   -0.0028370055
    0.0035186445
    0.0025610344
    0.0006027520
    0.0101092866
    0.0208545556
    0.0203679799
    0.0150942280
    0.0125870064
    0.0093205834
   -0.0037479164
   -0.0021731111
    0.0109064079
    0.0155431949
    0.0073216927
    0.0136214164
   -0.0048610560
   -0.0049331804
   -0.0063276085
   -0.0053621376
    0.0059538824
   -0.0030003111
    0.0033800461
   -0.0028900371
    0.0078238837
   -0.0036241884
    0.0127849000
    0.0165866539
    0.0120316918
    0.0059654591
    0.0044487895
    0.0160835797
    0.0223904540
    0.0117744371
    0.0094698848
    0.0166007367
    0.0054075581
    0.0066833800
    0.0135479738
    0.0119362540
    0.0111971885
    0.0168282897
    0.0191229071
    0.0186693089
    0.0149125167
    0.0180185753
    0.0207416764
    0.0225755420
    0.0248068491
    0.0145739906
    0.0179027798
    0.0212618764
    0.0267882506
    0.0174796444
    0.0237702595
    0.0226867710
    0.0252301751
    0.0245648136
    0.0247109717
    0.0241389659
    0.0206114453
    0.0243096780
    0.0234042938
    0.0041556169
    0.0148024480
    0.0055429899
    0.0050667066
    0.0114833670
    0.0114943944
    0.0049517344
    0.0132583549
    0.0166342564
    0.0175621539
    0.0150760920
    0.0138213497
    0.0153607786
    0.0159543437
    0.0233958826
    0.0221528625
    0.0216462578
    0.0215292841
    0.0260271681
    0.0247016732
    0.0123954127
    0.0152702941
    0.0132999386
    0.0135097055
    0.0139644854
    0.0167837930
    0.0106682448
    0.0119840589
    0.0155868525
    0.0176363747
    0.0211915136
    0.0130206724
    0.0166983704
    0.0182001361
    0.0185635394
    0.0166382833
    0.0142497464
    0.0155328346
    0.0160795305
    0.0144057954
    0.0136436775
    0.0139445261
    0.0207345745
    0.0151264930
    0.0172645087
    0.0193216350
    0.0211778407
    0.0247597816
    0.0224981773
    0.0146380839
    0.0170924868
    0.0189675397
    0.0184435314
    0.0151820458
    0.0160416879
    0.0235149551
    0.0227834981
    0.0206163553
    0.0154358039
    0.0209236826
    0.0189272987
    0.0159071755
    0.0177431965
    0.0158339981
    0.0218605502
    0.0241361945
    0.0207355177
    0.0163424587
    0.0215589451
    0.0205411635
    0.0178438451
    0.0143460117
    0.0201741289
    0.0177186505
    0.0147166775
    0.0166190557
    0.0205633925
    0.0185140012
    0.0177218181
    0.0193081929
    0.0161150634
    0.0131974016
    0.0084667384
    0.0199873747
    0.0151050324
    0.0124834542
    0.0097102941
    0.0084518389
    0.0045671701
    0.0113978862
    0.0113054894
    0.0097168708
    0.0054301198
    0.0129182018
    0.0140286443
    0.0145452787
    0.0158578402
    0.0140634485
    0.0150086058
    0.0172900154
    0.0175393274
    0.0194504020
    0.0139694974
    0.0185465269
    0.0204723517
    0.0129553312
    0.0058942645
    0.0143489522
    0.0201683810
    0.0186352188
    0.0031789408
    0.0142290618
    0.0020814001
    0.0116767654
    0.0016936885
   -0.0021020967
    0.0079344980
    0.0058121629
    0.0019105949
   -0.0019272554
   -0.0050707098
   -0.0085383865
    0.0178155810
    0.0177171635
    0.0192117080
    0.0174347951
    0.0155632825
    0.0154472819
    0.0157084031
    0.0164528488
    0.0216489937
    0.0193242578
    0.0152631870
    0.0121122508
    0.0092212352
    0.0126034357
    0.0124035056
    0.0076297144
    0.0041722169
   -0.0060252427
   -0.0066492138
   -0.0050794628
   -0.0011555913
    0.0141083104
    0.0112098579
    0.0019862472
    0.0193530652
    0.0035529532
    0.0089290328
    0.0142271657
    0.0168628617
    0.0167367279
    0.0150905272
    0.0101001248
    0.0149731972
    0.0186004535
    0.0200752173
    0.0199474984
    0.0169304195
    0.0189375633
    0.0216817417
    0.0238336851
    0.0234230127
   -0.0078347116
    0.0155966532
   -0.0008967032
    0.0147172297
    0.0187310319
    0.0087700294
    0.0099146165
    0.0200129167
    0.0156453076
    0.0200510303
    0.0255289128
    0.0243090960
    0.0234310919
    0.0242887955
    0.0230731257
    0.0247666953
    0.0250503655
    0.0255306061
    0.0092604075
    0.0136888177
   -0.0023154726
    0.0058875075
   -0.0033399767
    0.0063032638
    0.0043749987
   -0.0000839346
   -0.0044886631
   -0.0127764442
    0.0147744879
    0.0100551962
    0.0015236774
    0.0048444527
    0.0102859821
   -0.0342718981
   -0.0209973168
   -0.0432987839
   -0.0389700096
   -0.0308437794
   -0.0214480695
   -0.0101814754
   -0.0062798163
   -0.0130099803
   -0.0156860373
   -0.0379546956
   -0.0411074642
   -0.0383593307
   -0.0320277526
   -0.0227780035
   -0.0176117809
   -0.0250803032
   -0.0302747375
   -0.0372613203
   -0.0386134976
   -0.0359678594
   -0.0290984517
   -0.0251146210
   -0.0305816080
   -0.0356490246
   -0.0347284771
   -0.0385095597
   -0.0394264406
   -0.0355176205
   -0.0344010878
   -0.0349330376
   -0.0376207768
   -0.0404042543
   -0.0386524840
   -0.0294713884
   -0.0272756447
   -0.0268884991
   -0.0235182121
   -0.0233935169
   -0.0298214900
   -0.0340875226
   -0.0387917503
   -0.0425918450
   -0.0147417823
   -0.0141781385
   -0.0190396068
   -0.0243831913
   -0.0303266514
   -0.0379477895
   -0.0151916643
    0.0070697381
    0.0022427085
    0.0099682965
    0.0098072331
    0.0036460510
    0.0085059094
    0.0098335533
    0.0075004614
    0.0038294703
    0.0049005876
    0.0086352231
    0.0102346313
    0.0069460530
    0.0018424888
    0.0111503063
    0.0091832720
    0.0015439043
    0.0060613711
    0.0113472788
    0.0022375150
    0.0066149864
    0.0070014752
   -0.0020131582
   -0.0048148183
    0.0071234415
   -0.0163237880
   -0.0134133670
   -0.0263438526
   -0.0284341231
   -0.0151381150
   -0.0152974075
   -0.0286725794
   -0.0345551408
   -0.0351154174
   -0.0277560912
   -0.0179438525
   -0.0304932289
   -0.0362668962
   -0.0377431377
   -0.0360091789
   -0.0279622096
   -0.0044859891
   -0.0271492005
   -0.0353693328
   -0.0368782480
   -0.0348467092
   -0.0278108072
   -0.0114420691
   -0.0185247785
   -0.0315362552
   -0.0321641816
   -0.0261519866
   -0.0113309925
   -0.0182917969
   -0.0236924866
   -0.0136553139
   -0.0085650020
    0.0045343127
   -0.0002949839
    0.0123701277
    0.0019448990
   -0.0028788989
    0.0035366951
   -0.0018632376
   -0.0075146229
    0.0083133572
    0.0007473913
    0.0075312047
    0.0008190206
    0.0034201483
    0.0029452421
    0.0070531358
    0.0122624469
    0.0061798241
    0.0106561206
    0.0038516113
    0.0027482361
    0.0071494685
   -0.0226615601
   -0.0289242555
   -0.0173949521
   -0.0077190341
   -0.0246824698
   -0.0324500852
   -0.0311791320
   -0.0201248470
   -0.0054111114
   -0.0298876512
   -0.0366112740
   -0.0362413292
   -0.0297553869
   -0.0169914512
   -0.0057818192
   -0.0288936008
   -0.0363478130
   -0.0378086191
   -0.0360872263
   -0.0230935843
   -0.0087002972
   -0.0266368214
   -0.0337986418
   -0.0355708144
   -0.0332803912
   -0.0140143964
   -0.0224029165
   -0.0292050946
   -0.0281994589
   -0.0091091863
   -0.0104399531
   -0.0189419993
   -0.0003709535
   -0.0008062822
    0.0029971893
    0.0018187669
    0.0004994304
    0.0000676481
    0.0023478025
    0.0011906773
    0.0026141067
    0.0007172564
    0.0069216900
    0.0171882952
    0.0025402743
    0.0093794163
    0.0016599730
    0.0078320643
    0.0052056896
    0.0043315952
    0.0021736869
    0.0102024011
    0.0006292776
    0.0050163955
    0.0013437076
   -0.0163031600
    0.0005752848
    0.0063699140
    0.0045254877
   -0.0051848142
    0.0017206413
    0.0065184214
    0.0029492169
   -0.0016140790
    0.0018101039
    0.0047263907
    0.0017467713
    0.0084134180
    0.0099827297
    0.0008844727
    0.0062151878
    0.0103612793
    0.0009243560
   -0.0044603668
   -0.0049778876
   -0.0092121208
   -0.0119182280
   -0.0090963436
   -0.0133879541
   -0.0091322924
   -0.0102826595
   -0.0077494227
    0.0008562400
    0.0069916538
   -0.0061042057
    0.0143360444
    0.0149167435
   -0.0119085870
    0.0074509519
    0.0200146635
    0.0226600085
   -0.0097959554
    0.0055669447
    0.0150265960
    0.0229432651
    0.0091163297
    0.0169638861
    0.0214565825
    0.0143135618
    0.0198413505
    0.0138712618
    0.0232283976
    0.0152889406
    0.0262385229
    0.0235314517
    0.0136234607
    0.0236313401
    0.0172208576
    0.0172072993
    0.0166482105
    0.0113380378
    0.0189171525
    0.0225444210
    0.0152771006
    0.0144133355
    0.0236032431
    0.0232603333
    0.0124196827
    0.0050152994
    0.0193773224
    0.0221428755
    0.0158704970
    0.0143517201
    0.0148352053
    0.0003122808
    0.0047402587
    0.0054778919
    0.0024997429
   -0.0009357779
    0.0071783675
    0.0072841851
    0.0067718682
    0.0061511850
    0.0054743609
    0.0073909167
    0.0057114872
    0.0047372098
    0.0041521978
   -0.0002377014
   -0.0067575834
   -0.0162085746
   -0.0165547700
   -0.0083043405
   -0.0265176411
   -0.0192637546
   -0.0002569562
    0.0005910042
   -0.0045334485
   -0.0067856128
   -0.0083040224
   -0.0158438921
   -0.0235034731
   -0.0159914941
   -0.0019032701
   -0.0297707587
   -0.0297367353
   -0.0005346119
   -0.0068125281
   -0.0014259507
   -0.0166477594
   -0.0113688370
   -0.0114484080
    0.0008007688
   -0.0061661961
    0.0050191097
    0.0031964545
   -0.0026132048
    0.0032082066
    0.0042653459
    0.0051775817
    0.0056874062
    0.0022324283
    0.0079519817
   -0.0266334687
   -0.0275938432
   -0.0261839598
   -0.0164055731
   -0.0173957495
   -0.0063754744
   -0.0083061527
    0.0004907169
   -0.0343382348
   -0.0175156067
   -0.0335874626
   -0.0251188356
   -0.0002076553
    0.0088383304
    0.0051998835
    0.0040504102
    0.0042707022
    0.0004600439
    0.0035827640
    0.0045363227
    0.0057082451
   -0.0028670272
   -0.0018433717
   -0.0171343600
   -0.0193051895
   -0.0135943029
   -0.0073000424
   -0.0028758509
    0.0018384325
   -0.0007250319
   -0.0036788784
   -0.0131292313
   -0.0221928367
   -0.0076291221
   -0.0182055661
   -0.0015354327
   -0.0118900736
   -0.0008394482
    0.0027094989
    0.0061082009
    0.0079308821
    0.0038274152
    0.0055350857
    0.0068829253
    0.0076613789
    0.0035588565
    0.0066201091
    0.0065717060
    0.0071386476
    0.0065106667
    0.0006102915
    0.0040600232
    0.0045079269
   -0.0018585354
   -0.0173894977
   -0.0079258351
   -0.0223121690
   -0.0137830367
   -0.0052973933
   -0.0043996397
   -0.0023568065
   -0.0091734659
   -0.0030840897
   -0.0099159934
   -0.0174825098
   -0.0254309047
    0.0023953383
    0.0000062250
    0.0062940723
    0.0016743394
    0.0020576517
    0.0067330302
   -0.0010488285
   -0.0004568990
    0.0007703151
    0.0018137522
    0.0023755716
   -0.0000865203
   -0.0036159238
    0.0011709296
    0.0030899533
    0.0027240214
    0.0006539108
    0.0024586115
    0.0000703931
   -0.0151776382
   -0.0016759438
    0.0034109365
    0.0035492983
    0.0017677619
   -0.0086132579
   -0.0003664966
    0.0027960584
   -0.0000808805
   -0.0003123795
    0.0027876705
   -0.0004890438
    0.0044356456
    0.0045195014
    0.0043462518
   -0.0060339230
   -0.0039242083
   -0.0078272126
   -0.0082587449
   -0.0069874177
   -0.0016534798
   -0.0018970925
   -0.0031277078
   -0.0018512655
   -0.0045318106
    0.0069265134
    0.0134829096
    0.0200471204
    0.0208531874
    0.0142469118
    0.0083293039
   -0.0016894048
    0.0013636383
    0.0093185580
    0.0162306318
    0.0181520494
    0.0134530971
    0.0053048224
    0.0123134071
    0.0009853891
    0.0015304448
    0.0032970146
    0.0033486611
    0.0024850401
    0.0003999748
    0.0054322673
    0.0096947355
    0.0086769188
    0.0052745781
    0.0013458251
    0.0140991646
    0.0039281497
    0.0011560277
    0.0029479660
    0.0079788855
    0.0028146404
    0.0104437488
    0.0091498809
    0.0161512259
    0.0160398068
    0.0142043859
    0.0109790582
    0.0220746774
    0.0199194956
    0.0178234569
    0.0154249360
    0.0125513376
    0.0196563836
    0.0165627249
    0.0131389036
    0.0207205651
    0.0215387954
    0.0177562492
    0.0218879225
    0.0222843791
    0.0208332857
    0.0218839748
    0.0200698083
   -0.0011645844
    0.0026956792
    0.0001854066
   -0.0014509786
    0.0021595969
    0.0082018180
    0.0160425605
    0.0133638910
    0.0105787597
   -0.0017263649
    0.0001030354
    0.0093967301
    0.0118201718
    0.0149597276
    0.0104948946
   -0.0042611580
   -0.0040188871
   -0.0026051059
    0.0103362227
   -0.0027493128
    0.0042624770
    0.0032316088
   -0.0010604301
    0.0072436863
    0.0034190524
   -0.0008829227
    0.0123121276
    0.0146176177
    0.0061283583
    0.0054836461
    0.0141311334
    0.0139860726
    0.0181945293
    0.0108237047
    0.0125129027
    0.0126422042
    0.0174050134
    0.0042859995
    0.0110221651
    0.0101826727
    0.0085550358
    0.0134350354
    0.0158893972
    0.0165217151
    0.0148710689
    0.0147747031
    0.0173394772
    0.0193232329
    0.0216553943
    0.0152435673
    0.0182063672
    0.0224473392
    0.0216390549
    0.0201916804
    0.0218940301
    0.0216891678
    0.0214586069
    0.0183396604
    0.0211856749
    0.0031848783
    0.0090759949
    0.0094624799
    0.0031885539
    0.0075078272
    0.0122693269
    0.0117257603
    0.0071397249
    0.0207077274
    0.0156661546
    0.0134909922
    0.0111914933
    0.0143090314
    0.0206919136
    0.0194284850
    0.0188823766
    0.0189610283
    0.0217730093
    0.0105308746
    0.0129698280
    0.0144244010
    0.0128832095
    0.0129965451
    0.0129907763
    0.0133519920
    0.0073368515
    0.0130965566
    0.0108899833
    0.0116419134
    0.0126532980
    0.0148315455
    0.0159497241
    0.0190888064
    0.0130630381
    0.0153156474
    0.0163547329
    0.0170440846
    0.0163949656
    0.0137197587
    0.0142078889
    0.0147164807
    0.0138254348
    0.0129830169
    0.0132002662
    0.0170386569
    0.0153484401
    0.0168949151
    0.0178837488
    0.0206139854
    0.0138209896
    0.0154713841
    0.0170403006
    0.0169751154
    0.0147374102
    0.0211876475
    0.0206232262
    0.0183247153
    0.0139737034
    0.0220490309
    0.0186353630
    0.0168016224
    0.0145227008
    0.0167703801
    0.0147444695
    0.0195722195
    0.0159624076
    0.0196398835
    0.0186383464
    0.0166320575
    0.0140175095
    0.0186006669
    0.0161101414
    0.0138332572
    0.0156060192
    0.0184901060
    0.0165212916
    0.0185458784
    0.0151462817
    0.0127345431
    0.0095161303
    0.0148990825
    0.0122185681
    0.0100132251
    0.0057359538
    0.0105868563
    0.0101347975
    0.0090400005
    0.0061804198
    0.0118459450
    0.0121762498
    0.0125370564
    0.0129673618
    0.0137363710
    0.0156843327
    0.0165552337
    0.0170755629
    0.0114314692
    0.0158034623
    0.0180170454
    0.0112347470
    0.0029274376
    0.0106311700
    0.0171616183
    0.0171887638
    0.0146139042
    0.0012061237
    0.0042121819
    0.0126395150
    0.0065380612
   -0.0010346604
   -0.0000067196
    0.0117197603
    0.0092015597
    0.0090693969
    0.0051643503
    0.0007928183
    0.0012876943
   -0.0015665151
   -0.0044702554
    0.0146416516
    0.0149183977
    0.0161995703
    0.0143552147
    0.0124366471
    0.0123345583
    0.0129983851
    0.0141637363
    0.0189464548
    0.0176110254
    0.0138675435
    0.0107517063
    0.0078932230
   -0.0062092151
   -0.0061544242
   -0.0052348413
   -0.0060020875
   -0.0057935088
   -0.0043415299
    0.0124684525
    0.0134449281
    0.0134876512
   -0.0010295147
    0.0019217783
    0.0153050291
    0.0054909856
    0.0042362513
    0.0089028407
    0.0126013412
    0.0141183017
    0.0143025998
    0.0106500930
    0.0139432254
    0.0162481801
    0.0173020709
    0.0178591294
    0.0152126121
    0.0163540454
    0.0187935312
    0.0214745117
    0.0211317223
   -0.0036114374
    0.0145149052
    0.0045208708
    0.0172902429
    0.0207580356
    0.0118826491
    0.0121589093
    0.0208754452
    0.0230186254
    0.0212928358
    0.0213784512
    0.0203789612
    0.0218129345
    0.0221576860
    0.0225507482
   -0.0118360534
   -0.0013981600
    0.0038421842
    0.0080953616
   -0.0087736962
   -0.0011050858
   -0.0013936632
   -0.0019590392
   -0.0072545871
    0.0092092283
    0.0071449413
    0.0024713369
   -0.0016912334
    0.0087715875
    0.0063211831
   -0.0193327295
   -0.0363050484
   -0.0329081996
   -0.0263057698
   -0.0185716127
   -0.0098376696
   -0.0057803971
   -0.0095469124
   -0.0338435104
   -0.0319162535
   -0.0267837818
   -0.0193096239
   -0.0148746100
   -0.0201882668
   -0.0246441435
   -0.0305954910
   -0.0314219252
   -0.0287541048
   -0.0214624790
   -0.0172771786
   -0.0233505422
   -0.0285405458
   -0.0272337107
   -0.0315044779
   -0.0323586377
   -0.0287323474
   -0.0273837705
   -0.0276690760
   -0.0307139944
   -0.0334693346
   -0.0314169705
   -0.0232061112
   -0.0211919267
   -0.0210191787
   -0.0184677413
   -0.0194974005
   -0.0250883270
   -0.0289931434
   -0.0330713051
   -0.0355927129
   -0.0099213680
   -0.0106269392
   -0.0164051522
   -0.0210082349
   -0.0265526453
   -0.0334815334
    0.0053202461
    0.0009345134
    0.0077515971
    0.0078959985
    0.0032834241
    0.0066371615
    0.0075836262
    0.0058855444
    0.0032003370
    0.0046546149
    0.0070408359
    0.0079857588
    0.0051051561
    0.0011905605
    0.0088822143
    0.0070860597
    0.0003702838
    0.0054178218
    0.0010444791
   -0.0008848878
    0.0054100875
    0.0063604462
    0.0018384103
    0.0030721647
    0.0038563147
   -0.0035517136
   -0.0018576184
   -0.0035646252
    0.0040838188
   -0.0120776349
   -0.0102105543
   -0.0208423251
   -0.0221919797
   -0.0098624556
   -0.0089002916
   -0.0203380967
   -0.0267113570
   -0.0287299543
   -0.0261345406
   -0.0145829592
   -0.0100406545
   -0.0211595729
   -0.0279146154
   -0.0305719338
   -0.0303461061
   -0.0265817924
   -0.0157105415
   -0.0152839749
   -0.0261988748
   -0.0297129015
   -0.0295173812
   -0.0260853112
   -0.0175408007
   -0.0218988388
   -0.0261224356
   -0.0242356802
   -0.0170381594
   -0.0128298379
   -0.0183167795
   -0.0103081510
    0.0041467152
    0.0010072110
    0.0070096602
    0.0031434089
    0.0019929415
   -0.0034862397
    0.0004013175
   -0.0035819708
    0.0048501619
    0.0038964974
   -0.0045217152
    0.0053568788
    0.0006168687
    0.0053814948
   -0.0003412332
    0.0023949013
    0.0020508030
    0.0039090731
    0.0067204501
   -0.0005189962
    0.0069985641
    0.0038635354
    0.0025423160
    0.0020830599
    0.0063371488
   -0.0173898277
   -0.0229897842
   -0.0133561503
   -0.0183700668
   -0.0258281216
   -0.0246341683
   -0.0161974025
   -0.0110528328
   -0.0255985706
   -0.0298085809
   -0.0291206750
   -0.0224500877
   -0.0118658025
   -0.0108781776
   -0.0249035558
   -0.0298569436
   -0.0306614904
   -0.0285326946
   -0.0151508182
   -0.0117192435
   -0.0231012526
   -0.0277604816
   -0.0284657705
   -0.0253402506
   -0.0094222501
   -0.0196217310
   -0.0232581165
   -0.0206520933
   -0.0139541364
    0.0004856023
   -0.0010760499
    0.0026293433
    0.0008317183
   -0.0016915527
    0.0020479935
   -0.0062773532
    0.0001740840
    0.0002544041
    0.0022778229
    0.0025687138
    0.0006796365
    0.0009966123
    0.0064640076
    0.0050644446
    0.0021511952
    0.0008126178
    0.0117332978
    0.0013817412
    0.0026856750
    0.0076503992
    0.0150624629
    0.0030482888
    0.0076003873
    0.0042787581
    0.0051361312
    0.0041534572
    0.0118397535
   -0.0014621330
    0.0026844418
    0.0009398831
   -0.0092705111
    0.0028141697
    0.0029905538
   -0.0030082351
    0.0033025777
    0.0023720131
   -0.0023210036
   -0.0002533672
    0.0028082298
    0.0024229198
    0.0071027262
    0.0087328750
    0.0168466955
    0.0029663073
    0.0040565469
    0.0099581021
    0.0086606724
    0.0110240935
    0.0024082721
   -0.0037819051
   -0.0044161636
   -0.0080718924
   -0.0088922146
   -0.0079096003
   -0.0066270686
   -0.0059521210
   -0.0011293809
    0.0042412280
    0.0112550780
    0.0126192869
   -0.0113525365
    0.0049226370
    0.0168812151
    0.0197872950
   -0.0101704258
    0.0038214895
    0.0120935722
    0.0201454613
    0.0014159694
    0.0076907955
    0.0145250261
    0.0191774595
    0.0121096050
    0.0172422948
    0.0121261347
    0.0206677772
    0.0130946698
    0.0232573166
    0.0218190626
    0.0214876476
    0.0157010972
    0.0117744251
    0.0132256874
    0.0164655314
    0.0096336469
    0.0011569824
    0.0135486697
    0.0181607792
    0.0151709956
    0.0028143372
    0.0075767913
    0.0155233801
    0.0153318427
    0.0069066629
    0.0110999018
    0.0087144250
   -0.0008804250
    0.0028481073
    0.0034165361
    0.0006414940
   -0.0016830913
    0.0052046557
    0.0055114623
    0.0051024119
    0.0042640646
    0.0032654077
    0.0062637743
    0.0054008557
    0.0047775963
    0.0043180495
    0.0047382597
    0.0052831106
    0.0029481644
    0.0017807972
    0.0010173910
   -0.0066762684
   -0.0048478772
   -0.0146208932
   -0.0143385731
   -0.0074784426
   -0.0229954888
   -0.0161202895
   -0.0087751295
   -0.0012449888
   -0.0242273789
    0.0007033936
   -0.0012730468
   -0.0025414308
   -0.0029859150
   -0.0078829706
   -0.0092517052
   -0.0153675130
   -0.0150302406
   -0.0262285565
   -0.0264271122
   -0.0261041751
    0.0020254917
   -0.0039981436
   -0.0012176374
   -0.0090237054
   -0.0051536477
   -0.0167161496
   -0.0133171960
   -0.0119813547
   -0.0015352446
   -0.0080395828
    0.0030526885
    0.0005652086
   -0.0060419456
    0.0040535194
    0.0034301666
    0.0030695548
    0.0011889468
    0.0014543148
    0.0034426401
    0.0061297460
   -0.0264247386
   -0.0161239787
   -0.0177166236
   -0.0170383676
   -0.0074991256
   -0.0091137585
   -0.0100327611
    0.0016847712
   -0.0015578751
   -0.0029355040
   -0.0166436214
   -0.0086599324
    0.0049984392
    0.0021362510
    0.0009879918
    0.0043787933
    0.0036383889
    0.0035321132
    0.0045728863
    0.0007065555
    0.0021967865
    0.0029669231
   -0.0055194938
   -0.0042920945
   -0.0182253793
   -0.0130382994
   -0.0109483836
   -0.0073669180
   -0.0038575980
   -0.0030372662
   -0.0007319904
   -0.0042546166
   -0.0116714770
   -0.0196177018
   -0.0076435935
   -0.0164642659
   -0.0117039358
    0.0012956027
    0.0032048983
    0.0048214826
    0.0065694854
    0.0046245937
    0.0042166933
    0.0043254518
    0.0051999620
    0.0057897417
    0.0057629836
    0.0015900468
    0.0048260616
    0.0048506727
    0.0051207710
    0.0043580645
   -0.0008294413
    0.0018784029
    0.0024088807
   -0.0030498147
   -0.0072619789
   -0.0195635073
   -0.0121744584
   -0.0053891911
   -0.0100815671
   -0.0037456008
    0.0021825183
   -0.0025344223
   -0.0035148522
   -0.0085956070
   -0.0040641446
   -0.0095949666
   -0.0159385440
   -0.0234698753
    0.0055738424
    0.0022086916
    0.0013485585
    0.0024800885
    0.0033873318
    0.0071243866
   -0.0037887613
   -0.0001031676
    0.0016534551
    0.0013039160
   -0.0022392096
    0.0012375387
    0.0024101446
    0.0043291694
    0.0013062582
   -0.0006120958
    0.0032200890
   -0.0020336776
   -0.0034162117
    0.0013793251
    0.0016564095
   -0.0004117111
   -0.0092787592
   -0.0020427549
    0.0015808954
    0.0004370993
   -0.0015530687
    0.0002119014
    0.0013761040
   -0.0023332545
    0.0091474505
    0.0084107977
    0.0106597762
    0.0038417324
   -0.0035902060
   -0.0020459520
   -0.0052254094
   -0.0057616649
   -0.0044752109
   -0.0004563332
   -0.0014463691
   -0.0023307314
   -0.0033623686
   -0.0021750322
   -0.0004557014
    0.0048047155
    0.0043579532
   -0.0039666714
    0.0058492010
    0.0120041605
    0.0172550632
    0.0204254330
    0.0178551636
    0.0128458268
    0.0072845469
   -0.0015882766
    0.0010701703
    0.0075002458
    0.0135328578
    0.0151626239
    0.0111963093
    0.0042068789
    0.0099061387
    0.0028933383
    0.0032411258
    0.0016090904
    0.0046026286
    0.0043630118
    0.0024452030
   -0.0015039369
    0.0050392093
    0.0094293003
    0.0085206873
    0.0047762084
   -0.0013830018
    0.0050999893
    0.0025657472
    0.0041081182
    0.0012070761
    0.0034056653
    0.0012952271
    0.0080886976
    0.0065352445
    0.0130683727
    0.0127146932
    0.0108625142
    0.0076529956
    0.0178388122
    0.0160948109
    0.0141942371
    0.0119883028
    0.0212857309
    0.0178693223
    0.0154277817
    0.0130157050
    0.0176655029
    0.0145992196
    0.0194115124
    0.0206196429
    0.0206180821
    0.0212162036
    0.0183674121
    0.0199498795
    0.0196701258
    0.0201959370
    0.0182544112
   -0.0000856802
    0.0022054997
    0.0009241137
    0.0032447791
    0.0069757676
    0.0186391552
    0.0118227961
    0.0127290011
    0.0018844961
    0.0087527966
    0.0166945142
    0.0147169859
    0.0118417846
   -0.0033537005
   -0.0030521124
   -0.0006482353
   -0.0022048507
    0.0028763467
    0.0031011373
    0.0001032984
    0.0092936178
    0.0068139044
    0.0045975483
    0.0010115549
    0.0141247044
    0.0173526661
    0.0124137450
    0.0059754011
    0.0119850738
    0.0125381481
    0.0154831835
    0.0127227647
    0.0131581591
    0.0173932995
    0.0084395305
    0.0081964256
    0.0103275404
    0.0126811176
    0.0133504641
    0.0117761972
    0.0141370211
    0.0158144910
    0.0171488493
    0.0126362185
    0.0150445443
    0.0172928921
    0.0204925719
    0.0135013136
    0.0162146970
    0.0190736706
    0.0175211565
    0.0181209996
    0.0208152560
    0.0192510230
    0.0189170069
    0.0190540349
    0.0194703734
    0.0196010952
    0.0192380366
    0.0032219612
    0.0086370741
    0.0085814611
    0.0031597932
    0.0082392199
    0.0078331239
    0.0117776602
    0.0110435891
    0.0153355728
    0.0144735815
    0.0144163890
    0.0189442348
    0.0178483169
    0.0174735135
    0.0175267132
    0.0194793944
    0.0126296216
    0.0128425521
    0.0136037246
    0.0150099218
    0.0132867274
    0.0123478924
    0.0123122179
    0.0126604562
    0.0139953886
    0.0124457964
    0.0127287259
    0.0137370067
    0.0112809697
    0.0095685700
    0.0078931285
    0.0129659037
    0.0107717185
    0.0099555312
    0.0117839122
    0.0123069003
    0.0135037508
    0.0129999893
    0.0148493231
    0.0152935062
    0.0166723966
    0.0137625959
    0.0140129047
    0.0146721944
    0.0150770631
    0.0146994064
    0.0130361652
    0.0130723133
    0.0134509365
    0.0160478285
    0.0141651242
    0.0150818694
    0.0159782491
    0.0178804003
    0.0193785725
    0.0131424468
    0.0141371469
    0.0152735770
    0.0153601785
    0.0137167766
    0.0204620029
    0.0187192276
    0.0174503003
    0.0156769132
    0.0135220251
    0.0194907582
    0.0166373472
    0.0150129831
    0.0135192770
    0.0137540310
    0.0164775059
    0.0185019574
    0.0171890134
    0.0149016355
    0.0127332787
    0.0166505488
    0.0149917694
    0.0131241889
    0.0148249985
    0.0133300416
    0.0148136020
    0.0168850554
    0.0155303029
    0.0170071242
    0.0142715837
    0.0122583227
    0.0097769903
    0.0153234638
    0.0125960956
    0.0105991631
    0.0081951716
    0.0089208423
    0.0074221755
    0.0045705006
    0.0101471195
    0.0097062673
    0.0087730616
    0.0115565192
    0.0115804677
    0.0119950054
    0.0131874197
    0.0130716498
    0.0147697917
    0.0151938090
    0.0104212264
    0.0138072769
    0.0162139493
    0.0040299225
    0.0098412174
    0.0146808152
    0.0152516243
    0.0029796951
    0.0156945022
    0.0055105150
    0.0101381276
    0.0038159739
    0.0020746891
    0.0110804426
    0.0093238963
    0.0114328853
    0.0054926968
    0.0021732004
   -0.0012572771
   -0.0011010860
   -0.0023786355
    0.0122775329
    0.0127925005
    0.0137001454
    0.0122209267
    0.0105790173
    0.0103798904
    0.0112152920
    0.0125420338
    0.0155102142
    0.0150707749
    0.0125205168
    0.0099704133
    0.0077261355
    0.0067904259
    0.0099672842
    0.0067838609
    0.0035539707
   -0.0036371389
   -0.0039021597
   -0.0020110776
   -0.0012851337
    0.0006120623
    0.0128951129
    0.0136229419
    0.0020630253
    0.0030234639
    0.0062232970
    0.0155822866
    0.0078289990
    0.0103528340
    0.0077326451
    0.0105171215
    0.0124624012
    0.0134868440
    0.0141791772
    0.0105282916
    0.0127720514
    0.0146028090
    0.0158708749
    0.0172579650
    0.0150061970
    0.0169283421
    0.0198671186
    0.0193357117
   -0.0030633542
    0.0166252878
    0.0024516722
    0.0166810998
    0.0061174462
    0.0185865731
    0.0133793591
    0.0130823593
    0.0181789927
    0.0157435385
    0.0152912677
    0.0184414023
    0.0200442280
    0.0194655518
    0.0197734362
    0.0186047204
    0.0195396855
    0.0199511727
    0.0202389054
   -0.0004142562
    0.0042232077
    0.0071330834
   -0.0078085812
   -0.0011945777
    0.0038602635
   -0.0043054497
   -0.0014916071
    0.0030587914
   -0.0017080177
   -0.0043599136
   -0.0092904982
    0.0068222584
    0.0035262186
    0.0068555279
    0.0002093539
   -0.0291718680
   -0.0227185886
   -0.0157177630
   -0.0297586502
   -0.0280871480
   -0.0238291764
   -0.0183666332
   -0.0118179154
   -0.0081129502
   -0.0108372683
   -0.0265062353
   -0.0277646027
   -0.0266810790
   -0.0231637997
   -0.0177831797
   -0.0092781574
   -0.0074557533
   -0.0141797431
   -0.0180353044
   -0.0216316786
   -0.0256293124
   -0.0255553516
   -0.0232411434
   -0.0169479807
   -0.0135805567
   -0.0186188371
   -0.0232017878
   -0.0216729083
   -0.0261908564
   -0.0269910218
   -0.0241442992
   -0.0228524959
   -0.0231066994
   -0.0257608226
   -0.0279965376
   -0.0263159377
   -0.0210419758
   -0.0189555974
   -0.0185417595
   -0.0172660068
   -0.0146513271
   -0.0151808945
   -0.0194510302
   -0.0229944040
   -0.0259520771
   -0.0286430384
   -0.0295892747
   -0.0106797972
   -0.0115396137
   -0.0093918383
   -0.0132390535
   -0.0176928133
   -0.0213506075
   -0.0255648393
   -0.0301516858
   -0.0118881485
   -0.0166757431
    0.0035352182
   -0.0003029586
    0.0058317183
    0.0066477699
    0.0014037731
    0.0045088046
    0.0063179428
    0.0056911914
    0.0050711006
    0.0024723599
    0.0050568172
    0.0062135500
    0.0053010935
    0.0034293189
    0.0063337557
    0.0061754345
    0.0028484020
   -0.0009030732
    0.0050940195
    0.0043596357
    0.0016789312
   -0.0000307951
   -0.0010361822
    0.0029803300
    0.0041405873
    0.0020067729
    0.0021840660
    0.0011479818
   -0.0064908031
    0.0060036072
    0.0018670622
   -0.0068072962
   -0.0016931681
    0.0044262004
   -0.0027192040
    0.0023699117
   -0.0092327097
   -0.0083607117
   -0.0161544939
   -0.0168349848
   -0.0070618388
   -0.0142532380
   -0.0198844402
   -0.0225131004
   -0.0220123695
   -0.0170578031
   -0.0038040090
   -0.0073742721
   -0.0153710525
   -0.0212725692
   -0.0243990164
   -0.0251472422
   -0.0234237764
   -0.0177663947
   -0.0041790711
   -0.0155909486
   -0.0219237923
   -0.0248390592
   -0.0254650670
   -0.0241301468
   -0.0201926021
   -0.0120240882
   -0.0166477271
   -0.0224101104
   -0.0238162182
   -0.0224940868
   -0.0183111982
   -0.0104328297
   -0.0120055431
   -0.0188984729
   -0.0197369381
   -0.0167108117
   -0.0099768345
   -0.0087699507
   -0.0133842229
   -0.0076221503
    0.0032189830
    0.0017098740
    0.0044967308
    0.0021856139
    0.0023286197
   -0.0035556034
   -0.0011767779
   -0.0042117107
    0.0025637819
   -0.0044622565
    0.0029942340
   -0.0028459087
    0.0036621420
    0.0035509782
   -0.0009883443
    0.0014214910
    0.0012397538
    0.0060078649
    0.0018965631
    0.0036658089
   -0.0028122915
    0.0035024213
    0.0057173047
    0.0006947800
    0.0031722975
   -0.0003839958
    0.0018223407
    0.0016911767
    0.0050452635
   -0.0137071331
   -0.0182531527
   -0.0111040111
   -0.0141385505
   -0.0202753137
   -0.0198417909
   -0.0140037497
   -0.0133088677
   -0.0214680407
   -0.0240616944
   -0.0233032957
   -0.0187130991
   -0.0116630478
   -0.0127103863
   -0.0216002283
   -0.0249531750
   -0.0253063939
   -0.0233271134
   -0.0140702236
   -0.0086820862
   -0.0185166612
   -0.0231033534
   -0.0246662821
   -0.0240384330
   -0.0209178491
   -0.0121808527
   -0.0188536046
   -0.0216728101
   -0.0214173508
   -0.0173937755
   -0.0095815928
   -0.0153475853
   -0.0168204370
   -0.0132977547
   -0.0091972896
    0.0009929115
   -0.0011848935
    0.0024887673
    0.0003384457
   -0.0033844784
    0.0014805207
   -0.0037771527
   -0.0029503223
    0.0017729953
    0.0003875548
    0.0008493443
    0.0021869472
    0.0027544071
    0.0037170210
   -0.0005265279
    0.0010666512
    0.0033377026
    0.0037774373
    0.0025257383
    0.0015098808
    0.0086078515
   -0.0002374737
    0.0032291950
    0.0022330223
    0.0031385987
    0.0069505790
    0.0128315498
    0.0043178848
    0.0077643842
    0.0038003131
    0.0049181739
    0.0050186681
    0.0060521076
    0.0011654167
   -0.0019128128
    0.0011908309
    0.0010156485
   -0.0038820531
   -0.0013862161
    0.0018209298
   -0.0000414632
   -0.0061640369
    0.0011955452
    0.0011853842
   -0.0016213847
    0.0017600088
    0.0027686016
    0.0016201268
    0.0062567092
    0.0077130303
    0.0099247345
    0.0048639674
    0.0056411632
    0.0098425611
    0.0150692374
    0.0104227588
    0.0116278575
   -0.0000905081
   -0.0038366605
   -0.0028159894
   -0.0062013014
   -0.0050195562
   -0.0060634248
   -0.0036424631
   -0.0030590010
   -0.0005578955
    0.0039502898
    0.0013536483
    0.0072108487
    0.0006212250
    0.0123843841
    0.0145727777
   -0.0004190590
    0.0078749143
    0.0164586579
    0.0204482055
   -0.0028455403
    0.0056947925
    0.0118880761
    0.0184689617
    0.0072673320
    0.0129954650
    0.0141914081
    0.0106715497
    0.0172904980
    0.0113876898
    0.0206261474
    0.0206208531
    0.0209996728
    0.0190370290
    0.0144370373
    0.0082980589
    0.0094131816
    0.0116815384
    0.0065144967
    0.0012473364
    0.0099701289
    0.0134658070
    0.0109369677
    0.0014483101
   -0.0012485816
    0.0096076928
    0.0130084055
    0.0107622540
    0.0013070190
    0.0062045205
    0.0104731121
    0.0084345835
