   -0.0149134482
   -0.0266844412
   -0.0122806491
   -0.0288406515
   -0.0261585438
   -0.0308186082
   -0.0119704444
   -0.0179307492
    0.0042502964
   -0.0166242360
   -0.0276757214
   -0.0175183773
   -0.0374100335
   -0.0344291603
   -0.0283819118
   -0.0513643427
   -0.0512562901
   -0.0390221648
   -0.0409307129
   -0.0588790543
   -0.0581171575
   -0.0405336108
   -0.0315495609
   -0.0503471402
   -0.0572723862
   -0.0427529041
   -0.0281805631
   -0.0423200148
   -0.0434008142
   -0.0342588124
    0.0118087135
    0.0038145943
   -0.0067400148
    0.0423026673
    0.0275099027
    0.0150586174
   -0.0045100278
   -0.0138551407
   -0.0015476421
   -0.0118683282
    0.0026551175
   -0.0023333797
   -0.0248950769
   -0.0031958352
   -0.0171680027
    0.0116931168
   -0.0012271235
   -0.0091478403
   -0.0136392850
    0.0137276732
    0.0058570850
   -0.0174583587
   -0.0047604386
   -0.0210962205
   -0.0076438376
   -0.0194328226
   -0.0149899383
   -0.0256994546
   -0.0119436901
   -0.0113729841
   -0.0004138349
    0.0027160685
   -0.0071858331
    0.0035960338
    0.0061214243
    0.0055909073
   -0.0149753695
    0.0000007061
    0.0000969724
   -0.0083600135
   -0.0301928214
   -0.0402115310
   -0.0368919380
   -0.0420286244
   -0.0468336760
   -0.0554557036
   -0.0424319105
   -0.0482634609
   -0.0554456281
   -0.0427656458
   -0.0337967604
   -0.0366520776
   -0.0468978119
   -0.0197037690
   -0.0280779040
   -0.0215904954
   -0.0209047547
   -0.0238948883
    0.0042284010
    0.0145740744
   -0.0085730368
    0.0041665108
    0.0174915770
    0.0111522471
    0.0217928280
    0.0357469673
    0.0130806921
    0.0180276856
    0.0316889462
   -0.0077137730
   -0.0101004879
   -0.0133426997
    0.0215564850
    0.0349112923
    0.0285781971
    0.0173697796
    0.0505059313
    0.0337590170
    0.0266319588
    0.0171465763
    0.0003748907
    0.0281455961
    0.0209019552
    0.0096244107
    0.0126874223
   -0.0294581574
   -0.0231993299
   -0.0093315904
   -0.0315553292
   -0.0234444849
   -0.0303503538
   -0.0282817117
   -0.0118467517
   -0.0199806670
    0.0084846061
    0.0007884939
    0.0171887675
    0.0332734708
   -0.0068622867
    0.0076815695
    0.0199095363
    0.0317240223
    0.0031204519
    0.0158491203
    0.0194301472
   -0.0302414081
   -0.0264792082
   -0.0248555247
   -0.0137863076
   -0.0000019123
   -0.0313299666
   -0.0223902212
   -0.0240200826
    0.0346361136
    0.0295816524
    0.0464794944
    0.0478908247
    0.0462715793
    0.0508479630
    0.0510062309
    0.0509760300
    0.0454424140
    0.0456330376
    0.0433398321
    0.0392240279
    0.0294783077
   -0.0074057523
   -0.0131534145
   -0.0233336328
   -0.0155332012
   -0.0028838785
   -0.0154905617
   -0.0271149251
   -0.0037770989
   -0.0147866199
    0.0064040602
    0.0014853417
   -0.0130393163
    0.0072123527
    0.0005880353
   -0.0176754409
   -0.0062661514
   -0.0313516070
    0.0125850673
    0.0170802695
    0.0150403169
    0.0170977412
    0.0159418103
    0.0119288170
   -0.0201041594
   -0.0234558334
   -0.0237925576
   -0.0227770501
   -0.0304443709
   -0.0072869372
   -0.0147701320
   -0.0053399235
   -0.0295908467
   -0.0221243489
    0.0024688645
   -0.0240165697
   -0.0138477624
    0.0031019867
    0.0107026456
    0.0074315543
    0.0071993799
    0.0090630695
    0.0044805436
   -0.0095958571
    0.0020117766
    0.0014358657
   -0.0114426395
   -0.0102104819
   -0.0190447524
   -0.0100736170
   -0.0207215983
   -0.0031993985
    0.0012695299
   -0.0018404695
   -0.0102797016
    0.0017283831
    0.0058391122
    0.0067192818
   -0.0034079473
    0.0029552008
   -0.0083514514
   -0.0099189718
   -0.0020436429
   -0.0208293983
   -0.0228058823
   -0.0137300193
    0.0000172601
    0.0026531415
   -0.0196058679
   -0.0297510203
   -0.0253155213
   -0.0290676366
   -0.0295055899
   -0.0324227702
   -0.0197205437
   -0.0097184957
   -0.0094243116
    0.0077735307
   -0.0006363700
   -0.0070347379
   -0.0055582435
   -0.0160702517
   -0.0261322561
   -0.0195015470
   -0.0290102900
   -0.0257167141
   -0.0077202695
   -0.0165893182
   -0.0174560554
   -0.0294112026
   -0.0263615338
   -0.0302706907
   -0.0266612918
   -0.0169235362
   -0.0126393660
   -0.0262173387
   -0.0215040747
   -0.0315155133
   -0.0307669395
   -0.0209881883
   -0.0191652772
   -0.0147917374
   -0.0135728259
   -0.0208610632
   -0.0013353291
   -0.0143947599
   -0.0229806940
   -0.0320917937
   -0.0256157903
    0.0055206766
    0.0045851068
    0.0139792556
    0.0133842113
    0.0108174861
    0.0083921190
    0.0141437347
    0.0139984542
    0.0115012291
    0.0089118696
    0.0069053142
    0.0066382211
    0.0488042445
    0.0377400677
    0.0282942522
    0.0295421704
    0.0137229135
    0.0134770134
    0.0166583453
   -0.0030282733
   -0.0005041273
    0.0088671146
   -0.0135114903
   -0.0048910981
    0.0334418121
    0.0332167961
    0.0418985861
    0.0463722038
    0.0471039639
    0.0517012884
    0.0369290927
    0.0472425299
   -0.0040842193
   -0.0177731087
    0.0239580910
   -0.0105479945
   -0.0051207592
   -0.0201130575
    0.0058535483
    0.0114893966
    0.0062831457
    0.0086367423
    0.0088239327
   -0.0037901612
   -0.0158923191
   -0.0042807575
    0.0041019260
   -0.0067261865
    0.0053292851
    0.0042133795
    0.0040929189
    0.0076951043
   -0.0057124544
    0.0028071063
    0.0009711845
    0.0059291754
    0.0046051998
    0.0040945702
    0.0067782536
    0.0093819924
    0.0083386717
    0.0076822329
   -0.0025991137
   -0.0070283171
   -0.0030636753
    0.0035955187
    0.0072251357
    0.0043491084
    0.0007879996
    0.0018752719
    0.0040143285
    0.0051204352
    0.0190948613
    0.0190436683
    0.0099131316
    0.0129696850
    0.0121872021
    0.0068412389
    0.0018460180
    0.0044885504
    0.0098024628
    0.0162325464
    0.0094377871
    0.0131381423
    0.0148197336
    0.0067033140
    0.0072741355
    0.0103835441
    0.0100382785
    0.0028165035
    0.0027223953
    0.0054840540
    0.0081128005
    0.0091090577
    0.0086635895
    0.0065214944
    0.0054016378
    0.0054886630
    0.0092824003
    0.0096100731
    0.0034199062
    0.0009640068
    0.0048691185
    0.0050311798
    0.0062244744
    0.0086789591
    0.0075429092
    0.0097096671
    0.0124862600
    0.0118191129
    0.0105003631
    0.0142753059
    0.0160623570
    0.0136409401
    0.0119327634
    0.0172963384
    0.0306440825
    0.0214551577
    0.0112904235
    0.0255176831
    0.0126539310
    0.0114455055
    0.0083416304
    0.0121445561
    0.0051251411
    0.0101861240
    0.0105132260
    0.0078545628
    0.0071151588
    0.0097933297
    0.0050505724
    0.0103648687
    0.0051348172
    0.0174371872
    0.0137427685
    0.0100123668
    0.0047136162
    0.0128158575
    0.0092485002
    0.0078892666
    0.0105804194
    0.0103612547
    0.0113708528
    0.0067509226
    0.0087285878
    0.0122997719
    0.0124556674
    0.0050092350
    0.0061024675
    0.0123101152
   -0.0231523268
   -0.0172446397
   -0.0246790275
   -0.0275412637
   -0.0089640351
   -0.0147649387
   -0.0020659106
   -0.0166283527
   -0.0270286390
   -0.0263426532
   -0.0259683632
   -0.0180345535
   -0.0359130932
   -0.0379899033
   -0.0318779310
   -0.0347530342
   -0.0447776876
   -0.0425756300
   -0.0323827058
   -0.0258682097
   -0.0411392360
   -0.0465993695
   -0.0396786994
   -0.0271496004
   -0.0387700297
   -0.0422273933
   -0.0308075836
   -0.0248777756
   -0.0332192197
   -0.0338899346
    0.0116269950
    0.0051972106
   -0.0034944242
    0.0240592679
   -0.0133318806
    0.0284364983
    0.0145267272
    0.0135232680
    0.0082138337
   -0.0047705931
   -0.0100397316
   -0.0015309701
   -0.0097720011
    0.0022526311
    0.0029034354
    0.0057935674
   -0.0032836309
   -0.0222759215
   -0.0032494650
   -0.0140383936
    0.0090940549
   -0.0007207693
   -0.0066272870
   -0.0091560837
   -0.0144553694
    0.0219790408
    0.0057720532
   -0.0020309360
   -0.0080156566
   -0.0059452625
   -0.0163174476
   -0.0161620825
   -0.0241352030
   -0.0168235153
   -0.0062639759
   -0.0023178745
   -0.0180019898
   -0.0045721689
    0.0010430900
    0.0033139486
   -0.0109151765
   -0.0009385268
    0.0025178848
    0.0021308684
   -0.0159043712
   -0.0051583206
   -0.0019628194
   -0.0081126544
   -0.0101906623
   -0.0225920100
   -0.0289230473
   -0.0292869859
   -0.0342025595
   -0.0272771942
   -0.0381099928
   -0.0375853052
   -0.0425190015
   -0.0339002598
   -0.0392082933
   -0.0426114862
   -0.0355593257
   -0.0327159207
   -0.0303075612
   -0.0320028087
   -0.0378108416
   -0.0181013835
   -0.0192552465
   -0.0280733089
   -0.0198508615
   -0.0234169908
    0.0021034806
    0.0104994951
   -0.0054410540
    0.0057478256
    0.0137437949
   -0.0029870312
    0.0104899768
    0.0195596215
    0.0310824191
    0.0085466283
    0.0156339970
    0.0252765592
    0.0106400940
    0.0136182630
   -0.0080469500
   -0.0102338846
   -0.0177460131
   -0.0162441034
    0.0172186907
    0.0273836981
    0.0251280390
    0.0186283078
    0.0095402431
    0.0315337136
    0.0244589075
    0.0181234367
    0.0088464392
   -0.0050921505
    0.0403021573
    0.0272220466
    0.0211394328
    0.0148426290
    0.0048855387
    0.0225762321
    0.0161253357
    0.0083743635
   -0.0068478850
   -0.0265236393
   -0.0200148125
   -0.0100853470
   -0.0292318435
   -0.0225299839
   -0.0254799264
   -0.0233637941
   -0.0121775139
   -0.0180081060
    0.0069233448
   -0.0001416121
    0.0114215597
    0.0235201595
   -0.0069863270
    0.0041988330
    0.0147302967
    0.0258181527
    0.0088830500
    0.0169657876
    0.0245655465
    0.0129415311
   -0.0258934763
   -0.0224245383
   -0.0266242846
   -0.0146418493
   -0.0147761150
   -0.0292809712
   -0.0273351997
   -0.0190032121
   -0.0270288276
   -0.0204362895
   -0.0109104234
   -0.0210637286
    0.0281234689
    0.0236798778
    0.0353768787
    0.0386220058
    0.0360210065
    0.0356542264
    0.0406299071
    0.0421278660
    0.0422130246
    0.0395528708
    0.0403309074
    0.0396718076
    0.0390257517
    0.0337282421
    0.0322069167
    0.0281520969
   -0.0055547148
   -0.0101802632
   -0.0179509138
   -0.0145053914
    0.0023978799
   -0.0060850301
   -0.0137257804
   -0.0247248711
   -0.0064481646
   -0.0110605948
   -0.0009856576
   -0.0088970524
    0.0029026654
   -0.0034333340
   -0.0182352326
    0.0028865327
   -0.0022433964
   -0.0136717524
   -0.0089359499
   -0.0210301209
    0.0093118012
    0.0131605319
    0.0109536157
    0.0140546693
    0.0135496435
    0.0128947773
    0.0118100968
    0.0081539893
   -0.0181898903
   -0.0191287966
   -0.0224791612
   -0.0274341224
   -0.0061295602
   -0.0127375789
   -0.0088548642
   -0.0207682480
   -0.0166123003
   -0.0231500873
   -0.0115054902
    0.0075070292
    0.0052679799
    0.0079629808
    0.0058785323
    0.0049512438
    0.0050121949
    0.0032828961
   -0.0045282444
   -0.0154533184
   -0.0023938274
   -0.0008990032
   -0.0063604575
   -0.0171329165
   -0.0182278188
   -0.0063634532
   -0.0037897797
   -0.0136077744
   -0.0031997391
    0.0011778844
    0.0021482737
   -0.0174162114
   -0.0063303998
    0.0005182575
    0.0032426809
   -0.0115920273
   -0.0033039202
   -0.0005688579
   -0.0098261933
   -0.0081099109
   -0.0019620480
   -0.0158138128
   -0.0182422105
   -0.0136964151
   -0.0032697304
   -0.0035551258
   -0.0183923107
   -0.0279248677
   -0.0216849302
   -0.0251991246
   -0.0277429752
   -0.0272708414
   -0.0300483664
   -0.0158244268
   -0.0089066327
   -0.0089999020
   -0.0051008068
    0.0040275810
   -0.0021932032
   -0.0075085142
   -0.0072124307
   -0.0158496040
   -0.0226456303
   -0.0167359352
   -0.0202690375
   -0.0064254739
   -0.0177899262
   -0.0099785657
   -0.0168537947
   -0.0254257155
   -0.0228441171
   -0.0268709010
   -0.0236107377
   -0.0179885104
   -0.0138782266
   -0.0301249160
   -0.0252584236
   -0.0190012316
   -0.0265207681
   -0.0276686757
   -0.0195118428
   -0.0157823364
   -0.0133014073
   -0.0129103192
   -0.0191603650
   -0.0053614689
   -0.0030587218
   -0.0151872077
   -0.0232966202
   -0.0306235575
   -0.0230868895
    0.0020036307
    0.0018482366
    0.0096764554
    0.0089267471
    0.0070122962
    0.0038700508
    0.0123839022
    0.0113547898
    0.0100398563
    0.0078225505
    0.0097949924
    0.0095655304
    0.0077424184
    0.0045153907
    0.0032011325
    0.0033595028
   -0.0024829281
    0.0361051546
    0.0289703127
    0.0192915723
    0.0028791792
    0.0112987291
    0.0128759699
   -0.0015703980
   -0.0055954956
    0.0132929975
    0.0230402938
   -0.0053245156
    0.0032664020
   -0.0119915587
   -0.0065154406
    0.0260175627
    0.0255658816
    0.0257479037
    0.0348779942
    0.0351264198
    0.0373001792
    0.0397038124
    0.0418821806
    0.0367530511
    0.0357004693
    0.0404287488
    0.0271119758
   -0.0015871505
   -0.0137215449
    0.0188519946
    0.0014278788
   -0.0123556677
   -0.0068203378
   -0.0175249651
    0.0031333207
    0.0053487093
    0.0078642904
    0.0089027386
    0.0033308294
    0.0054107956
    0.0038494831
   -0.0066300137
   -0.0155618593
   -0.0028055749
   -0.0000131087
   -0.0083995472
    0.0052411517
    0.0046345313
    0.0044706056
    0.0041506780
    0.0064037271
    0.0042112467
   -0.0062075876
    0.0019453325
    0.0029950588
    0.0008653442
    0.0056201027
    0.0045666865
    0.0041403776
    0.0050017565
    0.0063352700
    0.0075591568
    0.0082660703
    0.0064361104
    0.0056122703
   -0.0011418285
   -0.0060225746
   -0.0047499379
    0.0021123646
    0.0039270353
    0.0050216619
    0.0031040912
    0.0000777986
    0.0004772446
    0.0018789222
    0.0035556648
    0.0031335305
    0.0265890998
    0.0152750764
    0.0082761325
    0.0166495999
    0.0121597351
    0.0074999917
    0.0040664990
    0.0079455062
    0.0068049788
    0.0037697705
   -0.0022488408
    0.0021045478
    0.0019056373
    0.0072357807
    0.0097862677
    0.0122488923
    0.0052920046
    0.0072559115
    0.0094054905
    0.0104874699
    0.0107724601
    0.0044323854
    0.0035633871
    0.0059643848
    0.0073555727
    0.0067501849
    0.0026990502
    0.0036951427
    0.0065221841
    0.0072488221
    0.0069818768
    0.0057429587
    0.0056330512
    0.0049624503
    0.0055091550
    0.0076972189
    0.0078055989
    0.0041458327
    0.0018188285
    0.0040756677
    0.0052270931
    0.0022042158
    0.0045868437
    0.0061035022
    0.0065913253
    0.0058486382
    0.0067709432
    0.0085296143
    0.0095608566
    0.0086408504
    0.0075309141
    0.0089394799
    0.0108948438
    0.0118447065
    0.0118131748
    0.0078060273
    0.0107279119
    0.0134560735
    0.0085088753
    0.0120155696
    0.0079457087
    0.0081565666
    0.0231408574
    0.0217267863
    0.0141500726
    0.0079799375
    0.0314703425
    0.0189477764
    0.0110096801
    0.0186045297
    0.0096256272
    0.0059085545
    0.0091752187
    0.0074793732
    0.0095801515
    0.0101604036
    0.0043370708
    0.0054864362
    0.0080010367
    0.0081099236
    0.0053956506
    0.0064787757
    0.0075777137
    0.0077572063
    0.0046885016
    0.0105341717
    0.0076712975
    0.0044921740
    0.0121636889
    0.0099290487
    0.0072278804
    0.0092447385
    0.0066596077
    0.0056676832
    0.0088728732
    0.0084853708
    0.0091316374
    0.0083282610
    0.0066879653
    0.0078050451
    0.0097847972
    0.0093380350
    0.0055436610
    0.0063850964
    0.0095222329
   -0.0195409113
   -0.0172808579
   -0.0224115878
   -0.0241925686
   -0.0062924880
   -0.0117213942
   -0.0156798703
   -0.0250506441
   -0.0189977507
   -0.0197214587
   -0.0258550010
   -0.0286630175
   -0.0255228873
   -0.0241512119
   -0.0332225024
   -0.0331733202
   -0.0276987925
   -0.0143908058
   -0.0287217591
   -0.0359893498
   -0.0355267280
   -0.0278782707
   -0.0231253611
   -0.0330219233
   -0.0359498984
   -0.0292277702
   -0.0228617177
   -0.0305605775
   -0.0324199419
   -0.0219453453
   -0.0269936160
   -0.0276159961
    0.0108302510
    0.0057889626
    0.0202599727
    0.0254355775
   -0.0012263413
    0.0019416833
    0.0183846840
   -0.0112549250
    0.0303133534
    0.0180247573
    0.0078412251
    0.0044440161
   -0.0053971451
   -0.0067681354
   -0.0007869744
   -0.0073633913
    0.0011938439
    0.0025653429
   -0.0032087663
   -0.0186388517
   -0.0027101124
   -0.0112978698
    0.0075831658
    0.0199310875
   -0.0001187599
   -0.0045535242
   -0.0061550795
   -0.0119122209
    0.0135569161
   -0.0015978210
    0.0012986137
   -0.0057052979
   -0.0094694727
   -0.0042155176
   -0.0123502142
   -0.0157744766
   -0.0219426743
   -0.0082589102
   -0.0035639724
   -0.0214090668
   -0.0074164874
   -0.0014019889
    0.0014242565
    0.0035700653
   -0.0140020833
   -0.0039689065
    0.0002206249
    0.0011707868
   -0.0171949425
   -0.0067070370
   -0.0033616715
   -0.0109821791
   -0.0176681983
   -0.0219926530
   -0.0236220056
   -0.0254846240
   -0.0232541967
   -0.0265128943
   -0.0254207733
   -0.0303177278
   -0.0317338042
   -0.0336250369
   -0.0278949539
   -0.0322838182
   -0.0339230384
   -0.0298111285
   -0.0285498615
   -0.0266423148
   -0.0276424071
   -0.0311628814
   -0.0153084911
   -0.0164154237
   -0.0245923400
   -0.0185269369
   -0.0217827796
    0.0009190795
    0.0095327592
   -0.0073469408
    0.0035509482
    0.0118780245
    0.0001000992
    0.0105600519
    0.0192665317
    0.0087138382
    0.0152055996
    0.0264914862
    0.0093951118
    0.0135378941
   -0.0073711786
   -0.0145661783
   -0.0062395363
   -0.0170524134
    0.0141877016
    0.0216051473
    0.0151262963
    0.0065833613
    0.0309590764
    0.0228645027
    0.0173739769
    0.0108511866
    0.0012218796
    0.0264598608
    0.0196240698
    0.0143648222
    0.0074712162
   -0.0039402776
    0.0152328772
    0.0092704078
   -0.0000838488
   -0.0230455133
   -0.0170046746
   -0.0094646390
   -0.0039163198
    0.0035680592
   -0.0247351385
   -0.0205256679
   -0.0215046720
   -0.0194649614
   -0.0116128029
   -0.0160968716
   -0.0011147438
    0.0096705570
    0.0223982532
   -0.0088582071
    0.0008650810
    0.0105082144
    0.0201859859
    0.0045987517
    0.0129895578
    0.0200405056
    0.0112632177
   -0.0218515472
   -0.0197514717
   -0.0159470813
   -0.0141113607
   -0.0078926426
   -0.0232839935
   -0.0173296886
   -0.0229960557
   -0.0181546225
   -0.0112453517
   -0.0182236539
    0.0293474692
    0.0323995790
    0.0288078862
    0.0332794951
    0.0350808532
    0.0355082618
    0.0372391482
    0.0328061629
    0.0335261110
    0.0334243479
    0.0329039915
    0.0279672494
    0.0271982714
    0.0248661057
   -0.0037180776
   -0.0075175758
    0.0039695863
   -0.0135847605
   -0.0116225179
    0.0088947480
    0.0053310236
   -0.0067421619
   -0.0121955459
   -0.0219335461
   -0.0114077386
   -0.0013660595
   -0.0070399559
   -0.0203110685
    0.0023381671
   -0.0031144576
   -0.0131489503
   -0.0023960245
   -0.0104838995
   -0.0095001031
   -0.0213732556
    0.0081692017
    0.0111298810
    0.0094055513
    0.0116906390
    0.0114019572
    0.0107445787
    0.0099372838
    0.0067606100
   -0.0155015119
   -0.0153198528
   -0.0208918208
   -0.0244373581
   -0.0103078792
   -0.0095930095
   -0.0191644030
   -0.0165692146
   -0.0200257919
    0.0049054991
    0.0033774192
    0.0060950507
    0.0062941555
    0.0033661562
    0.0028662120
   -0.0017365511
   -0.0111017116
   -0.0020761784
   -0.0072355001
   -0.0139942788
   -0.0062244799
   -0.0046006719
   -0.0254735120
   -0.0105386762
   -0.0032211605
    0.0000054895
    0.0011555570
   -0.0135194934
   -0.0050466592
   -0.0002732007
    0.0019853856
   -0.0122547874
   -0.0046371448
   -0.0017831042
   -0.0064517526
   -0.0013645889
   -0.0118550705
   -0.0143144125
   -0.0121012360
    0.0075716409
   -0.0049297054
   -0.0169572514
   -0.0182051535
   -0.0211810411
   -0.0226220091
   -0.0252035580
   -0.0245570071
   -0.0269336205
   -0.0122787489
   -0.0072327662
   -0.0077628473
    0.0001021748
   -0.0020129888
   -0.0062899843
    0.0012329229
   -0.0053967898
   -0.0070200181
   -0.0074210038
   -0.0145184962
   -0.0188092899
   -0.0141833881
   -0.0158506308
   -0.0041480578
    0.0001109190
   -0.0167779450
   -0.0218916148
   -0.0104659912
   -0.0154808500
   -0.0218320439
   -0.0201575112
   -0.0167707039
   -0.0128324024
   -0.0180849714
   -0.0095283159
   -0.0056188560
   -0.0261662475
   -0.0230061823
   -0.0166553144
   -0.0224684745
   -0.0243273253
   -0.0177739128
   -0.0125932811
   -0.0112656078
   -0.0113596623
   -0.0152941561
   -0.0064542553
   -0.0085205634
   -0.0145086121
   -0.0062786603
   -0.0146134223
   -0.0218524091
   -0.0275337508
   -0.0204184878
    0.0009238141
    0.0082199585
    0.0071828166
    0.0056084670
    0.0030643425
    0.0105489380
    0.0092002515
    0.0079742555
    0.0061206421
    0.0048247831
    0.0081026358
    0.0075245324
    0.0060248357
    0.0033575182
    0.0020788244
    0.0018351850
    0.0357836597
    0.0287407032
    0.0092906476
    0.0102059853
   -0.0006268425
   -0.0039142366
    0.0049014547
    0.0132148890
   -0.0069875229
    0.0004359379
   -0.0113980619
    0.0206989316
    0.0198918245
    0.0285401125
    0.0286859017
    0.0316535212
    0.0337333957
    0.0352771629
    0.0308285867
    0.0355290619
    0.0248820055
    0.0003905695
   -0.0096187510
    0.0152567010
   -0.0030182934
   -0.0125117182
   -0.0071373004
   -0.0150945756
    0.0040616995
    0.0045303311
    0.0071444643
    0.0025113092
    0.0038579441
    0.0017647535
   -0.0081970856
   -0.0038372617
   -0.0015517426
   -0.0091589244
    0.0053862069
    0.0050058849
    0.0046490685
    0.0044610973
    0.0066179031
    0.0043086583
    0.0041875823
    0.0046888446
    0.0075706037
    0.0035614084
    0.0043777748
    0.0016216720
    0.0021789332
    0.0009704097
    0.0056488857
    0.0047777017
    0.0044360556
    0.0062006364
    0.0048440758
    0.0074212512
    0.0056716703
    0.0049070331
   -0.0013353743
   -0.0070934789
   -0.0069890603
    0.0038397408
    0.0038392791
    0.0016348050
   -0.0012289098
   -0.0002539238
    0.0013716540
    0.0028438111
    0.0019634679
    0.0199038115
    0.0117136493
    0.0132319057
    0.0093438324
    0.0060957454
    0.0052362787
    0.0064920239
    0.0050230835
    0.0012931929
    0.0076882455
    0.0095020081
    0.0113355127
    0.0057256899
    0.0070751404
    0.0084315734
    0.0092279364
    0.0040799175
    0.0056179928
    0.0063716616
    0.0059021584
    0.0033944804
    0.0056226007
    0.0061893071
    0.0056310739
    0.0047921596
    0.0053870819
    0.0048149436
    0.0050770016
    0.0068861362
    0.0067733020
    0.0034269429
    0.0007042355
    0.0025221382
    0.0052532144
    0.0057670525
    0.0060187366
    0.0056605317
    0.0069701087
    0.0079041424
    0.0083267036
    0.0075590625
    0.0076955518
    0.0086094949
    0.0098028604
    0.0104680425
    0.0081473463
    0.0105830138
    0.0125428083
    0.0082723333
    0.0113580279
    0.0075957908
    0.0192363775
    0.0241434556
    0.0172261149
    0.0108668863
    0.0239324061
    0.0143982189
    0.0089336360
    0.0244934827
    0.0137340120
    0.0055018652
    0.0081539785
    0.0064277652
    0.0080310807
    0.0088000239
    0.0044070673
    0.0050758330
    0.0065803775
    0.0063602179
    0.0034668058
    0.0055416802
    0.0061341466
    0.0071054547
    0.0113576396
    0.0087761371
    0.0065722316
    0.0127354508
    0.0101319122
    0.0082148987
    0.0061797992
    0.0076876867
    0.0057342906
    0.0052722111
    0.0078200456
    0.0072788376
    0.0075693103
    0.0061256734
    0.0068069691
    0.0082460530
    0.0081392604
    0.0053572152
    0.0058849236
    0.0083477716
   -0.0163211919
   -0.0186572757
   -0.0176359423
   -0.0161766263
   -0.0201460640
   -0.0042464773
   -0.0091437776
   -0.0137526518
   -0.0076671660
   -0.0134602024
   -0.0145772958
   -0.0140184042
   -0.0151578978
   -0.0191146344
   -0.0220301162
   -0.0204192303
   -0.0212978201
   -0.0260888159
   -0.0255154486
   -0.0224814064
   -0.0144052068
   -0.0244791221
   -0.0288117457
   -0.0277613121
   -0.0227169251
   -0.0199485841
   -0.0273313069
   -0.0297230404
   -0.0264244584
   -0.0160090821
   -0.0236817504
   -0.0281862023
   -0.0273414359
   -0.0140186066
   -0.0194395980
   -0.0247747630
   -0.0258742925
   -0.0194794007
   -0.0225986467
   -0.0232293642
    0.0097663498
    0.0058164414
    0.0164141287
    0.0203811249
    0.0001738552
    0.0023940881
    0.0145935323
   -0.0087134421
   -0.0056787238
    0.0224239895
    0.0161283804
    0.0157683066
    0.0130376329
    0.0095689563
    0.0043252381
    0.0019256403
   -0.0060555481
   -0.0118436766
   -0.0043139497
   -0.0000577440
   -0.0053697512
    0.0047774865
    0.0006019904
    0.0033777397
    0.0008567193
   -0.0029563326
   -0.0154499810
   -0.0022654039
   -0.0092267183
    0.0064989738
    0.0023560865
    0.0160422219
    0.0003171892
   -0.0030272454
   -0.0041999434
   -0.0091763989
    0.0177516753
    0.0093273787
    0.0056433759
   -0.0006871888
   -0.0118375874
   -0.0014029681
   -0.0074349657
   -0.0100828554
   -0.0028553286
   -0.0089700074
   -0.0091832973
   -0.0149292849
   -0.0197572650
   -0.0103078921
   -0.0041532981
   -0.0009202432
    0.0014133257
   -0.0087059214
   -0.0028155902
    0.0001141321
    0.0017010416
   -0.0136656997
   -0.0053217004
   -0.0016224775
   -0.0008764857
   -0.0162651810
   -0.0079280802
   -0.0050129086
   -0.0112416486
   -0.0143098211
   -0.0174343088
   -0.0193168717
   -0.0194029506
   -0.0200573240
   -0.0208474734
   -0.0209658201
   -0.0216700263
   -0.0251160383
   -0.0268409335
   -0.0273964343
   -0.0235554979
   -0.0270373023
   -0.0278214318
   -0.0253356575
   -0.0248233245
   -0.0233919774
   -0.0239709105
   -0.0262154488
   -0.0137832814
   -0.0143813960
   -0.0211557075
    0.0002070323
   -0.0068684200
    0.0019509863
    0.0090561954
   -0.0012987149
    0.0080599648
    0.0157724839
    0.0084213502
    0.0155116758
    0.0090236681
    0.0140253326
   -0.0064240824
   -0.0120504015
   -0.0077183451
   -0.0168284389
    0.0119259375
    0.0180976007
    0.0125296192
    0.0056358589
    0.0262823327
    0.0196997469
    0.0147393632
    0.0090815735
    0.0013746757
    0.0276571491
    0.0199806429
    0.0151815104
    0.0102693816
    0.0035285773
   -0.0070069437
    0.0169859634
    0.0121559894
    0.0066949126
   -0.0016258031
    0.0049571277
   -0.0145383100
   -0.0086250845
   -0.0037209262
   -0.0003926905
   -0.0208441090
   -0.0139578944
   -0.0185158124
   -0.0185015331
   -0.0166282010
   -0.0109399090
   -0.0145291183
    0.0083214069
    0.0192176750
   -0.0069237850
    0.0009010622
    0.0092206917
    0.0186243822
    0.0028026502
    0.0107975159
    0.0185210725
    0.0087342814
    0.0135567753
    0.0184278148
   -0.0172984855
   -0.0157742642
   -0.0130303659
   -0.0137777838
   -0.0079236507
   -0.0022865021
   -0.0208480470
   -0.0198945702
   -0.0155767644
   -0.0197107177
   -0.0161176431
   -0.0109520833
    0.0241746054
    0.0268624680
    0.0232890842
    0.0275878953
    0.0294794446
    0.0301489711
    0.0276194651
    0.0290136141
    0.0296038877
    0.0297071704
    0.0308735924
    0.0269798713
    0.0267802019
    0.0265701563
    0.0257944570
    0.0203820797
   -0.0054653574
    0.0036749689
   -0.0102995186
   -0.0089726285
   -0.0155315596
   -0.0123013600
    0.0033422963
   -0.0067927229
   -0.0030550135
   -0.0076624587
    0.0017090525
   -0.0026142187
   -0.0091720684
    0.0016594770
   -0.0033330047
   -0.0108318039
   -0.0046816390
   -0.0119408221
   -0.0206719310
    0.0092976360
    0.0072212451
    0.0099524738
    0.0094915662
    0.0095959438
    0.0098272518
    0.0096156516
    0.0085544122
    0.0075172285
    0.0049239157
   -0.0122553257
   -0.0136338449
   -0.0190929047
   -0.0218256094
   -0.0081963916
   -0.0137853371
   -0.0170508584
   -0.0096550877
   -0.0177130876
   -0.0162244436
   -0.0168891017
    0.0051199792
    0.0051394082
    0.0078645310
    0.0028937342
    0.0038753669
    0.0042440283
    0.0012120868
    0.0013228674
    0.0005597435
   -0.0033781507
   -0.0107918405
   -0.0037405965
   -0.0079926956
   -0.0165974803
   -0.0087149619
   -0.0104059032
   -0.0045870080
   -0.0020154171
   -0.0012416381
   -0.0150117089
   -0.0067943573
   -0.0021979536
    0.0002550239
    0.0020215845
   -0.0124646215
   -0.0058425954
   -0.0017612040
    0.0004427359
   -0.0058393843
   -0.0034476767
   -0.0051785623
   -0.0009119887
   -0.0089889148
   -0.0112839160
   -0.0102891014
    0.0039953242
   -0.0143797148
    0.0028979740
    0.0040094948
   -0.0059986852
   -0.0157263036
   -0.0152323496
   -0.0176309381
   -0.0184757840
   -0.0221604491
   -0.0182653834
   -0.0219947104
   -0.0239299164
   -0.0094363796
   -0.0056378612
   -0.0064847947
   -0.0008267538
   -0.0027399222
   -0.0001852479
   -0.0068886989
   -0.0063983920
   -0.0072200564
   -0.0131342851
   -0.0156409260
   -0.0121544025
   -0.0125059960
   -0.0125248429
   -0.0022638659
   -0.0017538125
   -0.0153541796
   -0.0192551611
   -0.0211202401
   -0.0103577309
   -0.0141184163
   -0.0189471113
   -0.0170278719
   -0.0149185850
   -0.0111677161
   -0.0181788155
   -0.0110796082
   -0.0070329833
   -0.0225185870
   -0.0206489686
   -0.0100662424
   -0.0148247690
   -0.0193924691
   -0.0214164056
   -0.0161902508
   -0.0099842534
   -0.0094009878
   -0.0097449393
   -0.0115813865
   -0.0064497218
   -0.0084281649
   -0.0125627869
   -0.0025024182
   -0.0077712786
   -0.0136719552
   -0.0199488472
   -0.0243178196
   -0.0200230205
   -0.0180570270
    0.0058192448
    0.0049230664
    0.0034027160
    0.0008590550
    0.0088949573
    0.0074137042
    0.0062415384
    0.0046560844
    0.0029722512
    0.0086867558
    0.0074403874
    0.0063212320
    0.0047077092
    0.0028932968
    0.0055941215
    0.0051034934
    0.0036283656
    0.0008819744
   -0.0000043018
    0.0271484875
    0.0075334599
    0.0081559175
   -0.0001457678
   -0.0027186342
    0.0167853587
    0.0180495294
    0.0032577438
    0.0094515974
   -0.0076518805
   -0.0014423421
   -0.0112194443
    0.0167287044
    0.0161080211
    0.0229054629
    0.0229814876
    0.0260275792
    0.0278680113
    0.0266231793
    0.0282783577
    0.0249741278
    0.0016927522
   -0.0064123415
    0.0124859697
   -0.0053909794
   -0.0121367654
   -0.0069948600
   -0.0131335235
    0.0037341896
    0.0079587505
    0.0025526881
    0.0038790944
    0.0053502907
    0.0004716266
    0.0015245891
   -0.0007811029
   -0.0089632669
   -0.0050824398
   -0.0033952901
   -0.0094687603
    0.0051565514
    0.0047331627
    0.0046673803
    0.0044088083
    0.0045559361
    0.0063135193
    0.0042183665
    0.0042919056
    0.0044117611
    0.0076730456
    0.0066208067
    0.0047848225
    0.0029666279
    0.0040294608
   -0.0015723673
    0.0007152839
    0.0013783115
    0.0019450890
    0.0025019381
    0.0009511706
    0.0055482882
    0.0048560338
    0.0045471776
    0.0086858392
    0.0080342872
    0.0060001856
    0.0053261079
    0.0048164162
    0.0066208869
    0.0054306083
    0.0079042009
    0.0083216353
    0.0044385201
    0.0033527683
   -0.0013376218
   -0.0058056687
   -0.0059543773
   -0.0028701607
    0.0025387891
    0.0034937349
    0.0027984415
    0.0007963439
   -0.0014644397
   -0.0004791758
    0.0011017946
    0.0023107681
    0.0011947830
    0.0192951799
    0.0130851545
    0.0089106985
    0.0094344530
    0.0081659183
    0.0061502517
   -0.0031872848
    0.0021510528
    0.0040515370
    0.0036171208
    0.0003127719
    0.0065850582
    0.0074769191
    0.0085156101
    0.0095423910
    0.0050352400
    0.0059801214
    0.0067974442
    0.0071855061
    0.0043917440
    0.0049452202
    0.0046812066
    0.0050287242
    0.0053972691
    0.0048304190
    0.0043980953
    0.0051352115
    0.0047993761
    0.0048672267
    0.0059921163
    0.0056409867
    0.0032968362
    0.0015501376
    0.0031777022
    0.0051319563
    0.0035592152
   -0.0029022181
    0.0054003999
    0.0064025485
    0.0067710781
    0.0069460518
    0.0063870891
    0.0072557680
    0.0077281091
    0.0083064824
    0.0085026540
    0.0080693076
    0.0077495986
    0.0085673112
    0.0095948914
    0.0105982158
    0.0098120101
    0.0151388259
    0.0190999135
    0.0144590171
    0.0096530797
    0.0273878834
    0.0167202683
    0.0108114599
    0.0188714345
    0.0117798884
    0.0054581428
    0.0071518708
    0.0057316435
    0.0066175148
    0.0062439308
    0.0044236698
    0.0048688788
    0.0054999697
    0.0049756232
    0.0028060141
    0.0049724716
    0.0050644773
    0.0064447877
    0.0076681057
    0.0059579068
    0.0108400489
    0.0087400022
    0.0071407766
    0.0056199478
    0.0082818919
    0.0067617974
    0.0053169164
    0.0064165438
    0.0050415968
    0.0064651083
    0.0064916623
    0.0059128727
    0.0062353557
    0.0070327442
    0.0064681359
    0.0053727932
    0.0057929381
    0.0072703316
    0.0088257396
    0.0076943450
