  -6.3877402792   -0.1643816061    3.1055913049
  -5.8627402792   -1.0737082801    2.8242446529
  -7.5787049455    1.2100648875   -0.0444086951
  -5.8627402792    0.7449450679   -0.8130620430
  -6.9127402792    0.7449450679   -0.8130620430
  -7.4377402792   -0.1643816061   -0.8130620430
  -4.8238142427    1.0978811639    3.1201990968
  -5.3488142427    0.1885544900    3.1201990968
  -6.1326355998    2.8980232431    0.2515457488
  -6.3988142427    2.0072078379   -0.5171075991
  -5.8738142427    1.0978811639   -0.7984542512
  -6.6422522012   -0.2699552127    3.2783943330
  -8.2172522012   -1.1792818867    3.2783943330
  -7.1672522012   -1.1792818867    3.2783943330
  -9.4372373100   -0.7823290704    2.5097409850
  -8.8832168674   -1.6444017063    2.5097409850
  -7.9510735583   -2.0700972918    2.5097409850
  -6.9367562970   -1.9242604864    2.5097409850
  -9.7312300178   -0.7725181077    1.4597409850
  -9.2641247723   -1.6625127950    1.4597409850
  -8.4369224640   -2.2334893223    1.4597409850
  -7.4391251726   -2.3546438483    1.4597409850
  -9.4372373100    0.2424186450    0.4097409850
  -9.4372373100   -0.7823290704    0.4097409850
  -8.8832168674   -1.6444017063    0.4097409850
  -7.9510735583   -2.0700972918    0.4097409850
  -8.2172522012    0.6393714613   -0.3589123629
  -8.7422522012   -0.2699552127   -0.3589123629
  -8.2172522012   -1.1792818867   -0.3589123629
  -7.6922522012   -0.2699552127   -0.6402590150
  -6.9018976864    1.7472513302    4.0494262572
  -5.8518976864    1.7472513302    3.7680796052
  -6.3768976864    0.8379246563    3.7680796052
  -8.4737702576    3.1398089125    1.9494262572
  -6.1464017822    3.4015566040    0.8994262572
  -8.0928623526    3.1216978238    0.8994262572
  -7.4268976864    2.6565780042    0.1307729093
   6.2552290482   -0.2015766022    1.4343138219
   7.3052290482   -0.2015766022    1.1529671699
   6.7802290482    0.7077500718    1.1529671699
   6.7802290482   -1.1109032762    1.1529671699
   7.3052290482   -0.2015766022   -2.4843395260
   5.2052290482   -0.2015766022   -2.4843395260
   6.7802290482   -1.1109032762   -2.4843395260
   6.2552290482   -0.2015766022   -2.7656861781
  -7.9413459351    0.8674138879    4.0997161401
  -8.4663459351   -0.0419127860    3.8183694881
  -7.4163459351   -0.0419127860    3.8183694881
  -9.1323106013   -0.5070326057    3.0497161401
  -9.1323106013    2.2418603815    0.9497161401
  -9.6863310439    1.3797877457    0.9497161401
  -9.6863310439    0.3550400302    0.9497161401
  -8.4663459351    1.7767405619    0.1810627922
  -8.9913459351    0.8674138879    0.1810627922
   3.5385137516    0.3462282452    1.4916554076
   4.5885137516    0.3462282452    1.2103087555
   3.0135137516   -0.5630984287   -2.4269979404
   3.5385137516    0.3462282452   -2.7083445924
  -0.3312253873    4.3847408705   -0.2141440029
   0.5875933707    4.4726222592   -1.0541440029
  -0.3589225412    5.0190934757   -1.0541440029
  -1.4352607228    4.8293060139   -1.0541440029
   0.5875933707    4.4726222592   -2.0924411040
  -0.3589225412    5.0190934757   -2.0924411040
  -1.4352607228    4.8293060139   -2.0924411040
  -2.1377905768    3.9920635365   -2.0924411040
   0.3511059747    3.4455923200   -2.9324411040
  -0.3312253873    4.3847408705   -2.9324411040
  -1.4352607228    4.0260180447   -2.9324411040
  -0.6363732491    3.4455923200   -3.2532925535
   2.0962012777    2.6523191956    0.7852990053
   2.3266971819    3.3972977954    0.0166456574
   1.3123799206    3.5431346008    0.0166456574
   2.7641372458    3.4712586400   -1.0333543426
   1.8243283062    3.8276811572   -1.0333543426
   2.3266971819    3.3972977954   -2.0833543426
   1.3123799206    3.5431346008   -2.0833543426
   2.6212012777    1.7429925216   -2.8520076906
   2.0962012777    2.6523191956   -2.8520076906
   1.0462012777    2.6523191956   -2.8520076906
   1.0462012777    0.8336658477   -2.8520076906
   2.0962012777    0.8336658477   -2.8520076906
   1.5712012777    1.7429925216   -3.1333543426
  -2.7331683089    0.5567604973    2.1262755707
  -4.3081683089   -0.3525661767    2.1262755707
  -3.2581683089   -0.3525661767    2.1262755707
  -4.3081683089    1.4660871713   -1.5110311252
  -3.7831683089    0.5567604973   -1.7923777773
  -1.5286883660   -0.9098375316    2.3821270949
  -0.5412091421   -0.9098375316    2.0612756455
  -2.3275758397   -0.3294118069    2.0612756455
  -2.3275758397   -1.4902632563    2.0612756455
  -1.2235405042   -1.8489860821    2.0612756455
  -2.3275758397   -2.2935512256    1.2212756455
  -1.2512376581   -2.4833386873    1.2212756455
  -0.3047217462   -1.9368674708    1.2212756455
  -2.3275758397   -2.2935512256    0.1829785444
  -1.2512376581   -2.4833386873    0.1829785444
  -0.3047217462   -1.9368674708    0.1829785444
   2.6197315787    1.5646894450    1.2398207551
   1.5697315787    1.5646894450    1.2398207551
   1.5697315787   -0.2539639030   -2.3974859408
  -8.8785427989    1.1374741409    4.1414947455
  -8.5733949372    2.0766226915    3.8206432961
  -9.6774302726    1.7178998657    3.8206432961
  -9.6774302726    0.5570484162    3.8206432961
  -8.6010920910    2.7109752967    2.9806432961
  -9.6774302726    2.5211878349    2.9806432961
 -10.3799601266    1.6839453574    2.9806432961
 -10.3799601266    0.5910029244    2.9806432961
  -9.6774302726   -0.2462395530    2.9806432961
  -9.6774302726    2.5211878349    1.9423461950
 -10.3799601266    1.6839453574    1.9423461950
 -10.3799601266    0.5910029244    1.9423461950
  -9.6774302726    1.7178998657    1.1023461950
  -4.3020114506   -0.7212839170    2.1024395088
  -3.7770114506   -1.6306105910    1.8210928567
  -3.5465155464   -2.3755891907    1.0524395088
  -5.4929761168    0.6531625766   -1.0475604912
  -3.7770114506    0.1880427570   -1.8162138391
  -4.8270114506    0.1880427570   -1.8162138391
  -5.3520114506   -0.7212839170   -1.8162138391
  -4.8270114506   -1.6306105910   -1.8162138391
  -4.3020114506   -0.7212839170   -2.0975604912
  -4.1954472212    2.4582691489    2.9066629561
  -3.2079679973    2.4582691489    2.5858115067
  -3.8902993594    3.3974176994    2.5858115067
  -4.9943346949    3.0386948736    2.5858115067
  -2.5976722738    2.4582691489    1.7458115067
  -2.9714806014    3.4852990881    1.7458115067
  -3.9179965132    4.0317703046    1.7458115067
  -4.9943346949    3.8419828428    1.7458115067
  -2.9714806014    3.4852990881    0.7075144056
  -3.9179965132    4.0317703046    0.7075144056
  -4.9943346949    3.8419828428    0.7075144056
  -4.5361741382   -1.0917050297    2.1603347780
  -6.1111741382   -2.0010317036    2.1603347780
  -5.0611741382   -2.0010317036    2.1603347780
  -4.8306782340   -2.7460103034    1.3916814300
  -4.3932381700   -2.8199711481    0.3416814300
  -6.1111741382   -0.1823783557   -1.4769719179
  -6.6361741382   -1.0917050297   -1.4769719179
  -5.5861741382   -1.0917050297   -1.7583185700
  -6.8988940214    2.6752983036    3.9897385072
  -5.9114147976    2.6752983036    3.6688870577
  -6.5937461597    3.6144468541    3.6688870577
  -7.6977814951    3.2557240283    3.6688870577
  -5.6749274016    3.7023282428    2.8288870577
  -6.6214433135    4.2487994593    2.8288870577
  -7.6977814951    4.0590119975    2.8288870577
  -8.4003113492    3.2217695201    2.8288870577
  -5.6749274016    3.7023282428    1.7905899566
  -6.6214433135    4.2487994593    1.7905899566
  -7.6977814951    4.0590119975    1.7905899566
  -8.4003113492    3.2217695201    1.7905899566
  -6.5937461597    3.6144468541    0.9505899566
  -4.5796906459    1.4819661625    3.0662231511
  -3.5296906459    1.4819661625    2.7848764991
  -4.0546906459    0.5726394886    2.7848764991
  -2.7610372980    1.4819661625    2.0162231511
  -5.7706553121    2.8564126562   -0.0837768489
  -5.1046906459    2.3912928365   -0.8524301968
  -5.6296906459    1.4819661625   -0.8524301968
   4.3878199976    3.3404109847    0.4919929893
   3.2837846621    2.9816881589    0.4919929893
   5.3066387556    3.4282923734   -0.3480070107
   4.3601228438    3.9747635899   -0.3480070107
   3.2837846621    3.7849761281   -0.3480070107
   5.3066387556    3.4282923734   -1.3863041118
   4.3601228438    3.9747635899   -1.3863041118
   3.2837846621    3.7849761281   -1.3863041118
   4.3878199976    3.3404109847   -2.2263041118
   3.2837846621    2.9816881589   -2.2263041118
   8.3071269014   -0.3736238574    0.6684909168
   8.9174226249   -0.3736238574   -0.1715090832
   8.5436142973    0.6534060819   -0.1715090832
   8.9174226249   -0.3736238574   -1.2098061843
   8.5436142973    0.6534060819   -1.2098061843
   8.3071269014   -0.3736238574   -2.0498061843
  -2.3826690842    0.9079770686    2.0255064731
  -1.8576690842    1.8173037425    1.7441598210
  -3.4326690842    0.9079770686   -1.8931468749
  -2.9076690842   -0.0013496054   -1.8931468749
  -1.8576690842   -0.0013496054   -1.8931468749
  -0.0603696785    0.4104710386    1.9265614594
   0.4646303215    1.3197977126    1.6452148073
  -0.3191910356   -1.3896710405   -1.2234385406
  -1.1103696785    0.4104710386   -1.9920918886
  -0.5853696785   -0.4988556353   -1.9920918886
   6.4198384371   -1.2635701890    1.3014162121
   4.8448384371   -0.3542435150   -2.3358904838
   5.3698384371   -1.2635701890   -2.6172371359
  -2.6556761452    4.3689563771   -0.4255008549
  -3.7320143268    4.1791689153   -0.4255008549
  -4.4345441808    3.3419264378   -0.4255008549
  -2.6556761452    4.3689563771   -1.4637979560
  -3.7320143268    4.1791689153   -1.4637979560
  -4.4345441808    3.3419264378   -1.4637979560
  -4.4345441808    2.2489840048   -1.4637979560
  -2.6279789913    3.7346037719   -2.3037979560
  -3.7320143268    3.3758809460   -2.3037979560
  -3.7320143268    2.2150294966   -2.3037979560
  -2.9331268531    2.7954552213   -2.6246494054
  -6.7708108253   -2.6510261425    1.4535111098
  -5.6667754898   -3.0097489683    1.4535111098
  -7.4733406793   -2.6170716342    0.6135111098
  -6.7708108253   -3.4543141117    0.6135111098
  -5.6944726437   -3.6441015735    0.6135111098
  -4.7479567318   -3.0976303570    0.6135111098
  -7.4733406793   -2.6170716342   -0.4247859913
  -6.7708108253   -3.4543141117   -0.4247859913
  -5.6944726437   -3.6441015735   -0.4247859913
  -4.7479567318   -3.0976303570   -0.4247859913
  -6.7708108253   -2.6510261425   -1.2647859913
  -5.6667754898   -3.0097489683   -1.2647859913
  -5.9719233516   -2.0706004177   -1.5856374407
  -1.3429220275    0.0284981291    2.2983976078
  -0.2929220275    0.0284981291    2.0170509557
  -0.8179220275    0.9378248031    2.0170509557
  -1.8679220275    0.9378248031    2.0170509557
  -2.3929220275    0.0284981291    2.0170509557
  -1.6017433846   -1.7716439500   -0.8516023922
  -0.5874261233   -1.6258071446   -0.8516023922
  -1.8679220275   -0.8808285449   -1.6202557402
  -1.3429220275    0.0284981291   -1.9016023922
   0.7404866362    2.5366505262    1.0225815400
  -0.3095133638    2.5366505262    1.0225815400
  -0.3095133638    0.7179971783   -2.6147251558
   0.2154866362    1.6273238523   -2.8960718079
   5.7984117236    1.1083766738    1.3079121048
   6.8484117236    1.1083766738    1.0265654528
   6.3234117236    2.0177033477    1.0265654528
   7.6170650716    1.1083766738    0.2579121048
   5.5395903666    2.9085187529    0.2579121048
   6.8484117236    1.1083766738   -2.6107412431
   6.3234117236    2.0177033477   -2.6107412431
   5.2734117236    2.0177033477   -2.6107412431
   5.2734117236    0.1990499998   -2.6107412431
   5.7984117236    1.1083766738   -2.8920878952
  -1.0585953618    2.1354587108    1.1046990770
  -1.5835953618    3.0447853848    1.1046990770
  -2.3674167189    3.9356007899    0.3360457290
  -3.8535804706    1.6230848531   -1.7639542710
  -3.1585953618    2.1354587108   -2.5326076189
  -2.6335953618    1.2261320368   -2.5326076189
  -2.1085953618    2.1354587108   -2.8139542710
  -0.8292267306    2.5049406650    1.0228315265
  -0.3042267306    3.4142673389    0.7414848744
  -0.0737308264    4.1592459387   -0.0271684735
  -1.0880480877    4.3050827441   -0.0271684735
   0.2207732694    2.5049406650   -2.8958218215
  -1.8792267306    2.5049406650   -2.8958218215
  -1.3542267306    1.5956139910   -2.8958218215
  -0.3042267306    1.5956139910   -2.8958218215
  -0.8292267306    2.5049406650   -3.1771684735
   4.4491164059    1.3912636800    1.3326483844
   4.9741164059    2.3005903540    1.0513017323
   3.9241164059    2.3005903540    1.0513017323
   4.9741164059    0.4819370061    1.0513017323
   5.2046123101    3.0455689538    0.2826483844
   4.9741164059    2.3005903540   -2.5860049636
   3.9241164059    2.3005903540   -2.5860049636
   3.3991164059    1.3912636800   -2.5860049636
   4.4491164059    1.3912636800   -2.8673516156
   7.5016667285    1.9109518159    0.4490983851
   6.8193353664    2.8501003665    0.4490983851
   8.1119624520    1.9109518159   -0.3909016149
   7.7381541244    2.9379817552   -0.3909016149
   6.7916382126    3.4844529717   -0.3909016149
   5.7153000310    3.2946655099   -0.3909016149
   8.1119624520    1.9109518159   -1.4291987160
   7.7381541244    2.9379817552   -1.4291987160
   6.7916382126    3.4844529717   -1.4291987160
   5.7153000310    3.2946655099   -1.4291987160
   7.5016667285    1.9109518159   -2.2691987160
   6.8193353664    2.8501003665   -2.2691987160
   2.4908713841   -2.3418803085    0.9521103908
   2.4908713841   -3.1451682777    0.1121103908
   1.7883415301   -2.3079258002   -0.9261867103
   2.4908713841   -3.1451682777   -0.9261867103
   2.4908713841   -2.3418803085   -1.7661867103
   1.1670100084   -0.2055534430    2.0434016813
   2.2170100084   -0.2055534430    1.7620550292
   1.6920100084    0.7037732310    1.7620550292
  -0.0239546579   -1.5799999366   -1.1065983187
   0.9081886513   -2.0056955221   -1.1065983187
   0.6420100084   -1.1148801169   -1.8752516667
   1.6920100084   -1.1148801169   -1.8752516667
   1.3657976950   -1.0272716950    2.1480620447
   2.3532769188   -1.0272716950    1.8272105952
   0.5669102213   -1.6076974197    1.8272105952
   1.6709455567   -1.9664202455    1.8272105952
   0.5669102213   -2.4109853890    0.9872105952
   1.6432484029   -2.6007728507    0.9872105952
   0.5669102213   -2.4109853890   -0.0510865059
   1.6432484029   -2.6007728507   -0.0510865059
   4.0052234305   -0.9564546547    1.6073495520
   4.5302234305   -0.0471279808    1.3260028999
   2.9552234305   -0.9564546547    1.3260028999
   2.9552234305   -0.9564546547   -2.3113037960
   3.4802234305   -1.8657813287   -2.3113037960
   4.0052234305   -0.9564546547   -2.5926504480
  -3.3983285184   -2.9937173252   -0.0149829127
  -2.4518126065   -2.4472461087   -0.0149829127
  -4.4746667000   -2.8039298634   -1.0532800138
  -3.3983285184   -2.9937173252   -1.0532800138
  -2.4518126065   -2.4472461087   -1.0532800138
  -2.6883000025   -1.4202161694   -1.8932800138
  -3.3706313646   -0.4810676189   -1.8932800138
  -4.4746667000   -2.0006418941   -1.8932800138
  -3.3706313646   -2.3593647200   -1.8932800138
  -3.6757792263   -1.4202161694   -2.2141314632
   7.8798660234   -3.7760235915    1.3831722138
   9.4548660234   -2.8666969175   -0.4354811341
   8.8848145773   -3.8499351502   -1.4854811341
   4.0493382183   -4.9286210964   -0.5050759337
   4.0493382183   -2.1797281091   -2.6050759337
   4.0493382183   -4.9286210964   -2.6050759337
   4.7153028846   -4.4635012767   -3.3737292817
   4.2858987071   -3.3096741888    2.7691659811
   4.8108987071   -4.2190008627    2.7691659811
   5.8608987071   -4.2190008627    2.7691659811
   4.1449340409   -4.6841206824    2.0005126331
   4.1449340409   -4.6841206824   -0.0994873669
   7.1705727001   -3.1598523069   -3.0367111658
   6.7967643725   -2.1328223677   -3.0367111658
   5.8502484607   -1.5863511512   -3.0367111658
   4.7739102790   -1.7761386130   -3.0367111658
   4.0713804250   -2.6133810904   -3.0367111658
   6.7967643725   -4.1868822462   -3.0367111658
   6.5602769766   -3.1598523069   -3.8767111658
   5.8779456145   -2.2207037564   -3.8767111658
   4.7739102790   -2.5794265822   -3.8767111658
   4.7739102790   -3.7402780316   -3.8767111658
   5.8779456145   -4.0990008575   -3.8767111658
   5.5727977527   -3.1598523069   -4.1975626153
   3.3503863111   -4.1304952125   -0.1945288588
   2.6478564571   -4.0965407043   -1.0345288588
   3.3503863111   -4.9337831818   -1.0345288588
   2.6478564571   -3.0035982713   -2.0728259599
   2.6478564571   -4.0965407043   -2.0728259599
   3.3503863111   -4.9337831818   -2.0728259599
   3.3503863111   -2.9696437631   -2.9128259599
   3.3503863111   -4.1304952125   -2.9128259599
   4.7671708033   -5.1753854063   -0.1243141306
   5.8712061387   -5.5341082321   -0.1243141306
   4.7671708033   -5.9786733755   -0.9643141306
   5.8435089849   -6.1684608373   -0.9643141306
   6.7900248968   -5.6219896208   -0.9643141306
   7.1638332243   -4.5949596816   -2.0026112317
   4.7671708033   -5.9786733755   -2.0026112317
   5.8435089849   -6.1684608373   -2.0026112317
   6.7900248968   -5.6219896208   -2.0026112317
   6.5535375008   -4.5949596816   -2.8426112317
   4.7671708033   -5.1753854063   -2.8426112317
   5.8712061387   -5.5341082321   -2.8426112317
   5.7356926210   -2.7389237767    3.4714530279
   6.7231718448   -2.7389237767    3.1506015785
   6.0408404827   -1.7997752261    3.1506015785
   4.9368051473   -2.1584980519    3.1506015785
   4.9368051473   -3.3193495014    3.1506015785
   6.0408404827   -3.6780723272    3.1506015785
   7.3334675683   -2.7389237767    2.3106015785
   6.9596592408   -1.7118938374    2.3106015785
   6.0131433289   -1.1654226209    2.3106015785
   4.9368051473   -1.3552100827    2.3106015785
   6.9596592408   -3.7659537159    2.3106015785
   6.6506542000   -4.3468221157    2.4170352967
   4.8642875024   -4.9272478404    2.4170352967
   5.9683228379   -5.2859706663    2.4170352967
   7.2609499235   -4.3468221157    1.5770352967
   4.8642875024   -5.7305358097    1.5770352967
   5.9406256841   -5.9203232715    1.5770352967
   6.8871415959   -5.3738520550    1.5770352967
   4.8642875024   -5.7305358097    0.5387381956
   5.9406256841   -5.9203232715    0.5387381956
   6.8871415959   -5.3738520550    0.5387381956
   3.4485657176   -2.7194754372    2.3875373355
   3.4485657176   -3.8803268866    2.3875373355
   3.4485657176   -1.9161874680    1.5475373355
   2.7460358636   -2.7534299454    1.5475373355
   2.7460358636   -3.8463723784    1.5475373355
   3.4485657176   -4.6836148559    1.5475373355
   2.7460358636   -3.8463723784    0.5092402344
   3.4485657176   -4.6836148559    0.5092402344
   8.9932901248   -1.4754181252   -0.8581373496
   9.3670984524   -2.5024480645   -1.8964344507
   8.9932901248   -1.4754181252   -1.8964344507
   8.9932901248   -3.5294780037   -1.8964344507
   8.7568027288   -2.5024480645   -2.7364344507
   8.0744713668   -1.5632995139   -2.7364344507
   6.9704360313   -1.9220223398   -2.7364344507
   8.0744713668   -3.4415966150   -2.7364344507
   7.7693235050   -2.5024480645   -3.0572859001
   8.6167706655   -3.9191787956    1.0173950530
   7.9344393034   -4.8583273461    1.0173950530
   9.2270663890   -3.9191787956    0.1773950530
   6.8304039679   -5.3028924895    0.1773950530
   7.9067421496   -5.4926799513    0.1773950530
   8.8532580614   -4.9462087348    0.1773950530
   9.2270663890   -3.9191787956   -0.8609020481
   7.9067421496   -5.4926799513   -0.8609020481
   8.8532580614   -4.9462087348   -0.8609020481
   7.9344393034   -4.8583273461   -1.7009020481
   7.8362654059   -2.3279235382    2.0628860764
   8.8237446298   -2.3279235382    1.7420346269
   8.1414132677   -1.3887749877    1.7420346269
   8.1414132677   -3.2670720888    1.7420346269
   9.4340403533   -2.3279235382    0.9020346269
   9.0602320257   -1.3008935990    0.9020346269
   8.1137161139   -0.7544223825    0.9020346269
   9.0602320257   -3.3549534775    0.9020346269
   9.4340403533   -2.3279235382   -0.1362624742
   9.0602320257   -1.3008935990   -0.1362624742
  -5.8670797923   -1.0661920230    3.1679165879
  -7.6165180515    1.2537035381   -0.4907842195
  -6.9084007662    0.7374288108   -1.1567339780
  -7.4290612531   -0.1643816061   -1.1567339780
  -4.8324932688    1.0978811639    3.4638710318
  -5.3531537558    0.1960707471    3.4638710318
  -6.1408531731    2.9551777206   -0.1948297756
  -6.3944747296    1.9996915808   -0.8607795341
  -5.8738142427    1.0978811639   -1.0984542512
  -8.2129126881   -1.1717656296    3.6220662680
  -7.1715917142   -1.1717656296    3.6220662680
  -9.4926405547   -0.7985969309    2.9561165095
  -8.9210299734   -1.6880403569    2.9561165095
  -7.9592911315   -2.1272517694    2.9561165095
  -6.9127693161   -1.9767846481    2.9561165095
  -9.8003634748   -1.2851680957    1.9937912265
  -9.1511104671   -2.0993056164    1.9937912265
  -8.2129126881   -2.5511178542    1.9937912265
  -7.1715917142   -2.5511178542    1.9937912265
 -10.0320791904   -0.2699552127    0.9256907435
  -9.8003634748   -1.2851680957    0.9256907435
  -9.1511104671   -2.0993056164    0.9256907435
  -8.2129126881   -2.5511178542    0.9256907435
  -9.4926405547    0.2586865055   -0.0366345394
  -9.4926405547   -0.7985969309   -0.0366345394
  -8.9210299734   -1.6880403569   -0.0366345394
  -7.9592911315   -2.1272517694   -0.0366345394
  -8.2129126881    0.6318552042   -0.7025842980
  -8.7335731751   -0.2699552127   -0.7025842980
  -8.2129126881   -1.1717656296   -0.7025842980
  -6.9018976864    1.7472513302    4.3494262572
  -5.8605767125    1.7472513302    4.1117515402
  -6.3812371995    0.8454409134    4.1117515402
  -5.3233732943    2.7617073585    3.4458017817
  -6.1224148013    0.0404218948    3.4458017817
  -8.3607559523    3.5766017339    1.4153760157
  -6.1224148013    3.4540807657    0.4530507328
  -7.1689366168    3.6045478869    0.4530507328
  -8.1306754586    3.1653364744    0.4530507328
  -7.4225581734    2.6490617471   -0.2128990257
   6.2552290482   -0.2015766022    1.7343138219
   7.2965500221   -0.2015766022    1.4966391049
   6.7758895352    0.7002338147    1.4966391049
   6.7758895352   -1.1033870191    1.4966391049
   7.8337534403    0.8128794261    0.8306893464
   7.8337534403    0.8128794261   -2.1620617025
   7.2965500221   -0.2015766022   -2.8280114610
   5.2139080744   -0.2015766022   -2.8280114610
   6.7758895352   -1.1033870191   -2.8280114610
   6.2552290482   -0.2015766022   -3.0656861781
  -7.9413459351    0.8674138879    4.3997161401
  -8.4620064220   -0.0343965289    4.1620414231
  -7.4206854481   -0.0343965289    4.1620414231
  -9.1701237073   -0.5506712563    3.4960916646
  -6.3628215430   -0.1470421404    3.4960916646
  -9.4002042010    2.6967642916    1.4656658986
  -9.1701237073    2.2854990321    0.5033406157
  -9.7417342886    1.3960556061    0.5033406157
  -8.4620064220    1.7692243048   -0.1626091429
   3.5385137516    0.3462282452    1.7916554076
   4.5798347255    0.3462282452    1.5539806906
   3.0178532647   -0.5555821716   -2.7706698754
   3.5385137516    0.3462282452   -3.0083445924
   0.7088349478    4.4229432841   -0.6132925535
  -0.1225494398    5.0269793988   -0.6132925535
  -1.1501970584    5.0269793988   -0.6132925535
   1.0263955262    4.4055923200   -1.5732925535
   0.3236267509    5.1083610952   -1.5732925535
  -0.6363732491    5.3655923200   -1.5732925535
  -1.5963732491    5.1083610952   -1.5732925535
   0.7088349478    4.4229432841   -2.5332925535
  -0.1225494398    5.0269793988   -2.5332925535
  -1.1501970584    5.0269793988   -2.5332925535
  -1.9815814460    4.4229432841   -2.5332925535
   0.3236267509    3.4455923200   -3.2360613287
  -0.1563732491    4.2769767076   -3.2360613287
  -1.1163732491    4.2769767076   -3.2360613287
  -1.5963732491    3.4455923200   -3.2360613287
  -0.6363732491    3.4455923200   -3.4932925535
   2.0918617646    2.6448029385    1.1289709403
   2.3506841628    3.4498219571    0.4630211818
   1.3041623473    3.6002890783    0.4630211818
   2.0918617646    4.0241551631   -0.4993041011
   1.0505407908    4.0241551631   -0.4993041011
   2.0918617646    4.0241551631   -1.5674045841
   3.1497256698    2.7574485499   -2.5297298671
   2.3506841628    3.4498219571   -2.5297298671
   1.3041623473    3.6002890783   -2.5297298671
   2.6125222516    1.7429925216   -3.1956796256
   2.0918617646    2.6448029385   -3.1956796256
   1.0505407908    2.6448029385   -3.1956796256
   0.5298803038    1.7429925216   -3.1956796256
   1.0505407908    0.8411821048   -3.1956796256
   2.0918617646    0.8411821048   -3.1956796256
   1.5712012777    1.7429925216   -3.4333543426
  -2.7418473350    0.5567604973    2.4699475057
  -3.2625078220   -0.3450499196    2.4699475057
  -5.5835566625    1.0854022155   -1.1887533018
  -4.3038287959    1.4585709142   -1.8547030603
  -3.7831683089    0.5567604973   -2.0923777773
  -1.5286883660   -0.9098375316    2.6221270949
  -0.5686883660   -0.9098375316    2.3648958702
  -2.4886883660   -0.9098375316    2.3648958702
  -2.0086883660   -1.7412219192    2.3648958702
  -1.0486883660   -1.7412219192    2.3648958702
  -2.8738965629   -1.8871884957    1.6621270949
  -2.0425121753   -2.4912246104    1.6621270949
  -1.0148645567   -2.4912246104    1.6621270949
  -0.1834801691   -1.8871884957    1.6621270949
  -2.4886883660   -2.5726063069    0.7021270949
  -1.5286883660   -2.8298375316    0.7021270949
  -0.5686883660   -2.5726063069    0.7021270949
  -2.0425121753   -2.4912246104   -0.2578729051
  -1.0148645567   -2.4912246104   -0.2578729051
   2.6153920656    1.5571731879    1.5834926901
   1.5740710917    1.5571731879    1.5834926901
   2.8742144638    2.3621922064    0.9175429316
   1.5740710917   -0.2464476459   -2.7411578758
  -8.8785427989    1.1374741409    4.3814947455
  -8.3985427989    1.9688585286    4.1242635208
  -9.3585427989    1.9688585286    4.1242635208
  -9.8385427989    1.1374741409    4.1242635208
  -9.3585427989    0.3060897533    4.1242635208
  -9.3923666082    2.7188612197    3.4214947455
 -10.2237509958    2.1148251050    3.4214947455
 -10.5413115742    1.1374741409    3.4214947455
 -10.2237509958    0.1601231769    3.4214947455
  -9.3923666082   -0.4439129379    3.4214947455
  -8.8785427989    3.0574741409    2.4614947455
  -9.8385427989    2.8002429162    2.4614947455
 -10.5413115742    2.0974741409    2.4614947455
 -10.7985427989    1.1374741409    2.4614947455
 -10.5413115742    0.1774741409    2.4614947455
  -9.3923666082    2.7188612197    1.5014947455
 -10.2237509958    2.1148251050    1.5014947455
 -10.5413115742    1.1374741409    1.5014947455
 -10.2237509958    0.1601231769    1.5014947455
  -4.3020114506   -0.7212839170    2.4024395088
  -3.7813509636   -1.6230943339    2.1647647918
  -3.5225285655   -2.4281133524    1.4988150333
  -5.5307892228    0.6968012272   -1.4939360157
  -3.7813509636    0.1805264999   -2.1598857742
  -4.8226719375    0.1805264999   -2.1598857742
  -5.3433324244   -0.7212839170   -2.1598857742
  -4.8226719375   -1.6230943339   -2.1598857742
  -4.3020114506   -0.7212839170   -2.3975604912
  -4.1954472212    2.4582691489    3.1466629561
  -3.2354472212    2.4582691489    2.8894317314
  -3.7154472212    3.2896535365    2.8894317314
  -4.6754472212    3.2896535365    2.8894317314
  -2.5326784459    2.4582691489    2.1866629561
  -2.8502390243    3.4356201130    2.1866629561
  -3.6816234119    4.0396562277    2.1866629561
  -4.7092710305    4.0396562277    2.1866629561
  -3.2354472212    4.1210379241    1.2266629561
  -4.1954472212    4.3782691489    1.2266629561
  -5.1554472212    4.1210379241    1.2266629561
  -4.7092710305    4.0396562277    0.2666629561
  -4.5448531643   -1.0917050297    2.5040067130
  -5.0655136512   -1.9935154466    2.5040067130
  -6.8149519104   -2.5097901739    1.8380569545
  -5.8532130685   -2.9490015864    1.8380569545
  -4.8066912531   -2.7985344651    1.8380569545
  -5.8532130685    0.7655915270   -1.1546940945
  -7.3865624917   -0.5630633115   -1.1546940945
  -7.3865624917   -1.6203467479   -1.1546940945
  -6.1068346251   -0.1898946128   -1.8206438530
  -6.6274951120   -1.0917050297   -1.8206438530
  -6.1068346251   -1.9935154466   -1.8206438530
  -5.5861741382   -1.0917050297   -2.0583185700
  -6.8988940214    2.6752983036    4.2297385072
  -5.9388940214    2.6752983036    3.9725072824
  -6.4188940214    3.5066826912    3.9725072824
  -7.3788940214    3.5066826912    3.9725072824
  -7.8588940214    2.6752983036    3.9725072824
  -5.5536858245    3.6526492676    3.2697385072
  -6.3850702122    4.2566853824    3.2697385072
  -7.4127178307    4.2566853824    3.2697385072
  -8.2441022183    3.6526492676    3.2697385072
  -5.9388940214    4.3380670788    2.3097385072
  -6.8988940214    4.5952983036    2.3097385072
  -7.8588940214    4.3380670788    2.3097385072
  -8.5616627967    3.6352983036    2.3097385072
  -6.3850702122    4.2566853824    1.3497385072
  -7.4127178307    4.2566853824    1.3497385072
  -8.2441022183    3.6526492676    1.3497385072
  -4.5796906459    1.4819661625    3.3662231511
  -3.5383696720    1.4819661625    3.1285484341
  -4.0590301590    0.5801557457    3.1285484341
  -2.7032950880    1.4819661625    2.4625986756
  -4.8467295763    3.3392627192   -0.5301523733
  -5.8084684181    2.9000513068   -0.5301523733
  -5.1003511328    2.3837765794   -1.1961021318
  -5.6210116198    1.4819661625   -1.1961021318
   4.5626721358    3.2326468218    0.7956132140
   3.6026721358    3.2326468218    0.7956132140
   4.5964959451    3.9826495130    0.0928444387
   3.5688483266    3.9826495130    0.0928444387
   5.0426721358    4.0640312094   -0.8671555613
   4.0826721358    4.3212624342   -0.8671555613
   3.1226721358    4.0640312094   -0.8671555613
   5.4278803327    3.3786133983   -1.8271555613
   4.5964959451    3.9826495130   -1.8271555613
   3.5688483266    3.9826495130   -1.8271555613
   4.5626721358    3.2326468218   -2.5299243365
   3.6026721358    3.2326468218   -2.5299243365
   8.2796476775   -0.3736238574    0.9721111416
   8.9824164528   -0.3736238574    0.2693423663
   8.6648558744    0.6037271067    0.2693423663
   9.2396476775   -0.3736238574   -0.6906576337
   8.9824164528    0.5863761426   -0.6906576337
   8.9824164528   -0.3736238574   -1.6506576337
   8.6648558744    0.6037271067   -1.6506576337
   8.2796476775   -0.3736238574   -2.3534264090
  -2.3826690842    0.9079770686    2.3255064731
  -1.8620085973    1.8097874854    2.0878317561
  -2.9033295712    0.0061666517   -2.2368188099
  -1.8620085973    0.0061666517   -2.2368188099
  -0.0603696785    0.4104710386    2.2265614594
   0.4602908084    1.3122814555    1.9888867423
  -0.3274086089   -1.4468255181   -1.6698140651
  -0.5810301654   -0.4913393783   -2.3357638236
   0.4602908084   -0.4913393783   -2.3357638236
   4.8491779501   -0.3617597721   -2.6795624189
   5.3698384371   -1.2635701890   -2.9172371359
  -3.4469506624    4.3768423001    0.0153505946
  -2.9331268531    4.7154552213   -0.9446494054
  -3.8931268531    4.4582239966   -0.9446494054
  -4.5958956284    3.7554552213   -0.9446494054
  -2.4193030438    4.3768423001   -1.9046494054
  -3.4469506624    4.3768423001   -1.9046494054
  -4.2783350500    3.7728061854   -1.9046494054
  -4.5958956284    2.7954552213   -1.9046494054
  -4.2783350500    1.8181042572   -1.9046494054
  -2.4531268531    3.6268396089   -2.6074181807
  -3.4131268531    3.6268396089   -2.6074181807
  -3.8931268531    2.7954552213   -2.6074181807
  -6.4519233516   -2.9019848054    1.7571313346
  -7.3171315485   -3.0479513818    1.0543625593
  -6.4857471609   -3.6519874965    1.0543625593
  -5.4580995423   -3.6519874965    1.0543625593
  -7.6346921269   -3.0306004177    0.0943625593
  -6.9319233516   -3.7333691930    0.0943625593
  -5.9719233516   -3.9906004177    0.0943625593
  -5.0119233516   -3.7333691930    0.0943625593
  -7.6346921269   -2.0706004177   -0.8656374407
  -7.3171315485   -3.0479513818   -0.8656374407
  -6.4857471609   -3.6519874965   -0.8656374407
  -5.4580995423   -3.6519874965   -0.8656374407
  -6.9319233516   -2.0706004177   -1.5684062160
  -6.4519233516   -2.9019848054   -1.5684062160
  -5.4919233516   -2.9019848054   -1.5684062160
  -5.9719233516   -2.0706004177   -1.8256374407
  -1.3429220275    0.0284981291    2.5983976078
  -0.3016010536    0.0284981291    2.3607228907
  -0.8222615405    0.9303085460    2.3607228907
  -1.8635825144    0.9303085460    2.3607228907
  -2.3842430014    0.0284981291    2.3607228907
  -1.6099609578   -1.8287984276   -1.2979779167
  -0.5634391424   -1.6783313063   -1.2979779167
  -1.8635825144   -0.8733122878   -1.9639276752
  -1.3429220275    0.0284981291   -2.2016023922
   0.7361471231    2.5291342691    1.3662534751
  -0.3051738507    2.5291342691    1.3662534751
   0.9949695213    3.3341532877    0.7003037166
  -0.3051738507    0.7255134354   -2.9583970909
   0.2154866362    1.6273238523   -3.1960718079
   5.7984117236    1.1083766738    1.6079121048
   6.8397326975    1.1083766738    1.3702373878
   6.3190722106    2.0101870906    1.3702373878
   5.5313727933    2.9656732304    0.7042876293
   7.6748072816    1.1083766738   -2.2884634197
   5.5313727933    2.9656732304   -2.2884634197
   6.8397326975    1.1083766738   -2.9544131782
   6.3190722106    2.0101870906   -2.9544131782
   5.2777512367    2.0101870906   -2.9544131782
   5.2777512367    0.2065662569   -2.9544131782
   5.7984117236    1.1083766738   -3.1920878952
  -1.5879348749    3.0372691277    1.4483710120
  -2.3756342922    3.9927552675    0.7824212535
  -3.9089837154    1.6068169926   -2.2103297954
  -2.6292558488    3.0372691277   -2.8762795539
  -3.1499163357    2.1354587108   -2.8762795539
  -2.6292558488    1.2336482939   -2.8762795539
  -2.1085953618    2.1354587108   -3.1139542710
  -0.8292267306    2.5049406650    1.3228315265
  -0.3085662437    3.4067510818    1.0851568094
  -0.0497438455    4.2117701004    0.4192070509
  -1.0962656610    4.3622372217    0.4192070509
  -1.0962656610    0.6476441083   -2.5735439980
   0.2120942433    2.5049406650   -3.2394937565
  -1.8705477045    2.5049406650   -3.2394937565
  -1.3498872175    1.6031302481   -3.2394937565
  -0.3085662437    1.6031302481   -3.2394937565
  -0.8292267306    2.5049406650   -3.4771684735
   4.4491164059    1.3912636800    1.6326483844
   4.9697768929    2.2930740969    1.3949736673
   3.9284559190    2.2930740969    1.3949736673
   4.9697768929    0.4894532632    1.3949736673
   5.2285992910    3.0980931155    0.7290239088
   5.2285992910    3.0980931155   -2.2637271401
   4.9697768929    2.2930740969   -2.9296768986
   3.9284559190    2.2930740969   -2.9296768986
   3.4077954321    1.3912636800   -2.9296768986
   4.4491164059    1.3912636800   -3.1673516156
   7.4741875047    1.9109518159    0.7527186098
   6.9941875047    2.7423362036    0.7527186098
   8.1769562799    1.9109518159    0.0499498345
   7.8593957016    2.8883027800    0.0499498345
   7.0280113139    3.4923388947    0.0499498345
   6.0003636954    3.4923388947    0.0499498345
   8.4341875047    1.9109518159   -0.9100501655
   8.1769562799    2.8709518159   -0.9100501655
   7.4741875047    3.5737205912   -0.9100501655
   6.5141875047    3.8309518159   -0.9100501655
   8.1769562799    1.9109518159   -1.8700501655
   7.8593957016    2.8883027800   -1.8700501655
   7.0280113139    3.4923388947   -1.8700501655
   6.0003636954    3.4923388947   -1.8700501655
   7.4741875047    1.9109518159   -2.5728189408
   6.9941875047    2.7423362036   -2.5728189408
   6.0341875047    2.7423362036   -2.5728189408
   1.6269900826   -2.7214545837   -0.4070381597
   2.3297588578   -3.4242233590   -0.4070381597
   1.9445506609   -2.7388055478   -1.3670381597
   2.3297588578   -1.7614545837   -2.0698069350
   1.1670100084   -0.2055534430    2.3434016813
   2.2083309823   -0.2055534430    2.1057269643
   1.6876704953    0.6962569739    2.1057269643
   0.6463495214    0.6962569739    2.1057269643
  -0.2918482575   -2.0349038467   -0.5906485602
   0.6463495214   -2.4867160845   -0.5906485602
  -0.0617677639   -1.6236385872   -1.5529738432
   0.8999710780   -2.0628499997   -1.5529738432
   0.6463495214   -1.1073638598   -2.2189236017
   1.6876704953   -1.1073638598   -2.2189236017
   1.3657976950   -1.0272716950    2.3880620447
   2.3257976950   -1.0272716950    2.1308308200
   0.4057976950   -1.0272716950    2.1308308200
   0.8857976950   -1.8586560826    2.1308308200
   1.8457976950   -1.8586560826    2.1308308200
   0.0205894981   -2.0046226591    1.4280620447
   0.8519738857   -2.6086587738    1.4280620447
   1.8796215042   -2.6086587738    1.4280620447
   2.7110058919   -2.0046226591    1.4280620447
   0.4057976950   -2.6900404703    0.4680620447
   1.3657976950   -2.9472716950    0.4680620447
   0.8519738857   -2.6086587738   -0.4919379553
   4.0052234305   -0.9564546547    1.9073495520
   4.5258839175   -0.0546442378    1.6696748349
   2.9639024567   -0.9564546547    1.6696748349
   2.2048350770   -1.4850963729   -1.9890259725
   2.9639024567   -0.9564546547   -2.6549757310
   3.4845629436   -1.8582650716   -2.6549757310
   4.0052234305   -0.9564546547   -2.8926504480
  -3.1619554171   -3.0016032482    0.4258685368
  -3.6757792263   -3.3402161694   -0.5341314632
  -2.7157792263   -3.0829849447   -0.5341314632
  -2.0130104511   -2.3802161694   -0.5341314632
  -4.1896030356   -3.0016032482   -1.4941314632
  -3.1619554171   -3.0016032482   -1.4941314632
  -2.3305710294   -2.3975671335   -1.4941314632
  -2.7157792263   -1.4202161694   -2.1969002385
  -3.1957792263   -0.5888317818   -2.1969002385
  -4.1557792263   -2.2516005570   -2.1969002385
  -3.1957792263   -2.2516005570   -2.1969002385
  -3.6757792263   -1.4202161694   -2.4541314632
   7.8755265103   -3.7685073344    1.7268441488
   9.6946930126   -2.8666969175    0.0985691074
   9.6946930126   -2.8666969175   -0.9695313756
   9.4629772970   -3.8819098005   -0.9695313756
   3.7814446186   -5.3835250065   -1.0210256922
   3.7814446186   -5.3835250065   -2.0891261752
   4.0115251123   -2.1360894585   -3.0514514582
   4.0115251123   -4.9722597470   -3.0514514582
   6.8188272766   -4.5686306311   -3.0514514582
   4.7196423976   -4.4559850196   -3.7174012167
   4.2945777332   -3.3096741888    3.1128379161
   4.8152382202   -4.2114846056    3.1128379161
   5.8565591941   -4.2114846056    3.1128379161
   4.1071209349   -1.8915890446    2.4468881576
   4.1071209349   -4.7277593330    2.4468881576
   3.8770404412   -5.1390245925    1.4845628746
   3.8770404412   -5.1390245925    0.4164623916
   7.2355665280   -3.1598523069   -3.4775626153
   6.9180059496   -2.1825013429   -3.4775626153
   6.0866215620   -1.5784652281   -3.4775626153
   5.0589739435   -1.5784652281   -3.4775626153
   4.2275895558   -2.1825013429   -3.4775626153
   6.0866215620   -4.7412393857   -3.4775626153
   6.9180059496   -4.1372032710   -3.4775626153
   6.5327977527   -3.1598523069   -4.1803313905
   6.0527977527   -2.3284679193   -4.1803313905
   5.0927977527   -2.3284679193   -4.1803313905
   4.6127977527   -3.1598523069   -4.1803313905
   5.0927977527   -3.9912366946   -4.1803313905
   6.0527977527   -3.9912366946   -4.1803313905
   5.5727977527   -3.1598523069   -4.4375626153
   2.4865050095   -3.5500694878   -0.5936774093
   2.8040655879   -4.5274204519   -0.5936774093
   3.6354499755   -5.1314565666   -0.5936774093
   2.2292737848   -3.5500694878   -1.5536774093
   2.4865050095   -4.5100694878   -1.5536774093
   3.1892737848   -5.2128382631   -1.5536774093
   2.8040655879   -2.5727185237   -2.5136774093
   2.4865050095   -3.5500694878   -2.5136774093
   2.8040655879   -4.5274204519   -2.5136774093
   3.6354499755   -5.1314565666   -2.5136774093
   3.6692737848   -2.7186851002   -3.2164461846
   3.1892737848   -3.5500694878   -3.2164461846
   3.6692737848   -4.3814538754   -3.2164461846
   4.2208500801   -5.5723106456   -0.5234626811
   5.0522344677   -6.1763467604   -0.5234626811
   6.0798820862   -6.1763467604   -0.5234626811
   3.9032895017   -5.5549596816   -1.4834626811
   4.6060582770   -6.2577284568   -1.4834626811
   5.5660582770   -6.5149596816   -1.4834626811
   6.5260582770   -6.2577284568   -1.4834626811
   7.2288270522   -5.5549596816   -1.4834626811
   7.2288270522   -4.5949596816   -2.4434626811
   4.2208500801   -5.5723106456   -2.4434626811
   5.0522344677   -6.1763467604   -2.4434626811
   6.0798820862   -6.1763467604   -2.4434626811
   6.9112664739   -5.5723106456   -2.4434626811
   5.0860582770   -5.4263440692   -3.1462314564
   6.0460582770   -5.4263440692   -3.1462314564
   5.7356926210   -2.7389237767    3.7114530279
   6.6956926210   -2.7389237767    3.4542218032
   6.2156926210   -1.9075393890    3.4542218032
   5.2556926210   -1.9075393890    3.4542218032
   4.7756926210   -2.7389237767    3.4542218032
   5.2556926210   -3.5703081643    3.4542218032
   6.2156926210   -3.5703081643    3.4542218032
   7.3984613962   -2.7389237767    2.7514530279
   7.0809008179   -1.7615728126    2.7514530279
   6.2495164302   -1.1575366978    2.7514530279
   5.2218688117   -1.1575366978    2.7514530279
   4.3904844241   -1.7615728126    2.7514530279
   7.0809008179   -3.7162747407    2.7514530279
   6.6956926210   -1.0761550014    1.7914530279
   6.6231749761   -4.3468221157    2.7206555214
   5.1831749761   -5.1782065034    2.7206555214
   6.1431749761   -5.1782065034    2.7206555214
   7.3259437514   -4.3468221157    2.0178867462
   4.3179667792   -5.3241730798    2.0178867462
   5.1493511669   -5.9282091945    2.0178867462
   6.1769987854   -5.9282091945    2.0178867462
   7.0083831730   -5.3241730798    2.0178867462
   4.0004062009   -5.3068221157    1.0578867462
   4.7031749761   -6.0095908910    1.0578867462
   5.6631749761   -6.2668221157    1.0578867462
   6.6231749761   -6.0095908910    1.0578867462
   7.3259437514   -5.3068221157    1.0578867462
   4.3179667792   -5.3241730798    0.0978867462
   5.1493511669   -5.9282091945    0.0978867462
   6.1769987854   -5.9282091945    0.0978867462
   3.7674531913   -2.4685167743    2.6911575603
   3.2874531913   -3.2999011619    2.6911575603
   3.7674531913   -4.1312855495    2.6911575603
   3.7336293821   -1.7185140831    1.9883887850
   2.9022449944   -2.3225501978    1.9883887850
   2.5846844161   -3.2999011619    1.9883887850
   2.9022449944   -4.2772521260    1.9883887850
   3.7336293821   -4.8812882407    1.9883887850
   2.3274531913   -3.2999011619    1.0283887850
   2.5846844161   -4.2599011619    1.0283887850
   3.2874531913   -4.9626699372    1.0283887850
   2.9022449944   -4.2772521260    0.0683887850
   3.7336293821   -4.8812882407    0.0683887850
   9.6893235050   -2.5024480645   -1.3772859001
   9.4320922803   -1.5424480645   -1.3772859001
   9.4320922803   -2.5024480645   -2.3372859001
   9.1145317019   -1.5250971004   -2.3372859001
   8.2831473143   -0.9210609857   -2.3372859001
   8.2831473143   -4.0838351433   -2.3372859001
   9.1145317019   -3.4797990286   -2.3372859001
   8.7293235050   -2.5024480645   -3.0400546754
   8.2493235050   -1.6710636769   -3.0400546754
   7.2893235050   -1.6710636769   -3.0400546754
   8.2493235050   -3.3338324521   -3.0400546754
   7.7693235050   -2.5024480645   -3.2972859001
   8.1092914416   -4.7505631832    1.3210152777
   9.2920602169   -3.9191787956    0.6182465024
   8.1431152509   -5.5005658744    0.6182465024
   8.9744996385   -4.8965297597    0.6182465024
   9.5492914416   -3.9191787956   -0.3417534976
   7.6292914416   -5.8391787956   -0.3417534976
   8.5892914416   -5.5819475709   -0.3417534976
   9.2920602169   -4.8791787956   -0.3417534976
   8.1431152509   -5.5005658744   -1.3017534976
   8.9744996385   -4.8965297597   -1.3017534976
   8.1092914416   -4.7505631832   -2.0045222729
   7.8362654059   -2.3279235382    2.3028860764
   8.7962654059   -2.3279235382    2.0456548517
   8.3162654059   -1.4965391506    2.0456548517
   7.3562654059   -1.4965391506    2.0456548517
   8.3162654059   -3.1593079258    2.0456548517
   9.4990341812   -2.3279235382    1.3428860764
   9.1814736029   -1.3505725741    1.3428860764
   8.3500892152   -0.7465364594    1.3428860764
   9.1814736029   -3.3052745023    1.3428860764
   9.7562654059   -2.3279235382    0.3828860764
   9.4990341812   -1.3679235382    0.3828860764
  -5.8711176455   -1.0591982560    3.5000660427
  -7.6379927366    1.2784866460   -0.9035970043
  -6.9043629129    0.7304350438   -1.4888834328
  -7.4209855466   -0.1643816061   -1.4888834328
  -4.8405689753    1.0978811639    3.7960204866
  -5.3571916090    0.2030645141    3.7960204866
  -6.3904368764    1.9926978138   -1.1929289889
  -5.8738142427    1.0978811639   -1.3984542512
  -8.2088748349   -1.1647718626    3.9542157228
  -7.1756295675   -1.1647718626    3.9542157228
  -8.9425046586   -1.7128234647    3.3689292942
  -7.9639580266   -2.1597107377    3.3689292942
  -6.8991467149   -2.0066139839    3.3689292942
  -9.9396962817   -1.3522672391    2.4929862524
  -9.2475317612   -2.2202140949    2.4929862524
  -8.2473250496   -2.7018882608    2.4929862524
  -7.1371793528   -2.7018882608    2.4929862524
 -10.3922522012   -0.2699552127    1.4597409850
 -10.1867269390   -1.3032004801    1.4597409850
  -9.6014405104   -2.1791435219    1.4597409850
  -8.7254974686   -2.7644299505    1.4597409850
  -7.6922522012   -2.9699552127    1.4597409850
 -10.1867269390   -0.2699552127    0.4264957176
  -9.9396962817   -1.3522672391    0.4264957176
  -9.2475317612   -2.2202140949    0.4264957176
  -8.2473250496   -2.7018882608    0.4264957176
  -9.5241049692    0.2679252911   -0.4494473242
  -9.5241049692   -0.8078357165   -0.4494473242
  -8.9425046586   -1.7128234647   -0.4494473242
  -8.2088748349    0.6248614372   -1.0347337528
  -8.7254974686   -0.2699552127   -1.0347337528
  -8.2088748349   -1.1647718626   -1.0347337528
  -6.9018976864    1.7472513302    4.6494262572
  -5.8686524190    1.7472513302    4.4439009950
  -6.3852750527    2.6420679801    4.4439009950
  -7.4185203201    2.6420679801    4.4439009950
  -6.3852750527    0.8524346803    4.4439009950
  -4.9927093772    1.7472513302    3.8586145664
  -5.2957862765    2.7794364584    3.8586145664
  -6.1087922001    0.0105925590    3.8586145664
  -8.8110859956    3.6564396394    1.9494262572
  -8.4571772464    3.6975102124    0.9161809898
  -7.1736035119    3.6370068553    0.0402379480
  -8.1521501438    3.1901195823    0.0402379480
  -7.4185203201    2.6420679801   -0.5450484806
   6.2552290482   -0.2015766022    2.0343138219
   7.2884743156   -0.2015766022    1.8287885597
   6.7718516819    0.6932400477    1.8287885597
   7.8613404582    0.8306085260    1.2435021311
   7.8613404582    0.8306085260   -2.5748744873
   7.2884743156   -0.2015766022   -3.1601609159
   5.2219837808   -0.2015766022   -3.1601609159
   6.7718516819   -1.0963932521   -3.1601609159
   6.2552290482   -0.2015766022   -3.3656861781
  -7.9413459351    0.8674138879    4.6997161401
  -8.4579685688    1.7622305378    4.4941908779
  -8.4579685688   -0.0274027620    4.4941908779
  -7.4247233014   -0.0274027620    4.4941908779
  -9.1915983925   -0.5754543641    3.9089044493
  -6.3352345251   -0.1647712402    3.9089044493
  -9.4966254951    2.8176727701    0.9664708727
 -10.4358206729    0.8674138879    0.9664708727
  -9.1915983925    2.3102821400    0.0905278309
  -9.7731987031    1.4052943918    0.0905278309
  -8.4579685688    1.7622305378   -0.4947585977
   3.5385137516    0.3462282452    2.0916554076
   4.5717590190    0.3462282452    1.8861301454
   3.0218911179   -0.5485884047   -3.1028193302
   3.5385137516    0.3462282452   -3.3083445924
   0.1407082523    5.1471634587   -0.4932925535
  -0.9025895021    5.2971670300   -0.4932925535
   1.2762117663    4.4493943716   -1.5732925535
   0.5906466038    5.2232374703   -1.5732925535
  -0.3760140198    5.5898434880   -1.5732925535
  -1.4023198051    5.4652274042   -1.5732925535
  -2.2531564652    4.8779372618   -1.5732925535
   0.9372881207    4.4569230736   -2.6532925535
   0.1407082523    5.1471634587   -2.6532925535
  -0.9025895021    5.2971670300   -2.6532925535
  -1.8613654772    4.8593087134   -2.6532925535
   0.4436267509    3.4455923200   -3.4439074256
  -0.0963732491    4.3808997561   -3.4439074256
  -1.1763732491    4.3808997561   -3.4439074256
  -0.6363732491    3.4455923200   -3.7332925535
   2.0878239114    2.6378091715    1.4611203951
   2.3643067640    3.4796512928    0.8758339666
   1.2994954522    3.6327480467    0.8758339666
   2.1262741261    4.1749255697   -0.0001090753
   1.0161284293    4.1749255697   -0.0001090753
   2.6044465451    4.2374672594   -1.0333543426
   1.5712012777    4.4429925216   -1.0333543426
   2.1262741261    4.1749255697   -2.0665996100
   3.1773126877    2.7751776498   -2.9425426518
   2.3643067640    3.4796512928   -2.9425426518
   1.2994954522    3.6327480467   -2.9425426518
   2.6044465451    1.7429925216   -3.5278290804
   2.0878239114    2.6378091715   -3.5278290804
   1.0545786440    2.6378091715   -3.5278290804
   0.5379560103    1.7429925216   -3.5278290804
   1.0545786440    0.8481758717   -3.5278290804
   2.0878239114    0.8481758717   -3.5278290804
   1.5712012777    1.7429925216   -3.7333543426
  -2.7499230415    0.5567604973    2.8020969605
  -3.2665456752   -0.3380561526    2.8020969605
  -5.6150210769    1.0946410012   -1.6015660865
  -4.2997909426    1.4515771472   -2.1868525151
  -3.7831683089    0.5567604973   -2.3923777773
  -1.5286883660   -0.9098375316    2.8621270949
  -0.4486883660   -0.9098375316    2.5727419671
  -2.6086883660   -0.9098375316    2.5727419671
  -2.0686883660   -1.8451449677    2.5727419671
  -0.9886883660   -1.8451449677    2.5727419671
  -2.7536805941   -2.3235539250    1.7821270949
  -1.7949046190   -2.7614122416    1.7821270949
  -0.7516068645   -2.6114086703    1.7821270949
  -2.2946349220   -2.9294726158    0.7021270949
  -1.2683291366   -3.0540886996    0.7021270949
  -0.3016685130   -2.6874826819    0.7021270949
  -1.7949046190   -2.7614122416   -0.3778729051
  -0.7516068645   -2.6114086703   -0.3778729051
   2.6113542124    1.5501794209    1.9156421449
   2.8878370650    2.3920215422    1.3303557163
   1.8230257532   -1.2343927541   -2.4880209021
   1.5781089450   -0.2394538789   -3.0733073306
  -8.8785427989    1.1374741409    4.6214947455
  -9.4185427989    2.0727815770    4.3321096177
  -9.9585427989    1.1374741409    4.3321096177
  -9.4185427989    0.2021667048    4.3321096177
  -9.1447590519    2.9890488509    3.5414947455
 -10.1035350270    2.5511905344    3.5414947455
 -10.6733846251    1.6644872517    3.5414947455
 -10.6733846251    0.6104610301    3.5414947455
 -10.1035350270   -0.2762422525    3.5414947455
  -9.6444893549    3.1571092251    2.4614947455
 -10.4953260150    2.5698190827    2.4614947455
 -10.9757771246    1.6543959758    2.4614947455
 -10.9757771246    0.6205523061    2.4614947455
 -10.4953260150   -0.2948708009    2.4614947455
 -10.1035350270    2.5511905344    1.3814947455
 -10.6733846251    1.6644872517    1.3814947455
 -10.6733846251    0.6104610301    1.3814947455
  -4.3020114506   -0.7212839170    2.7024395088
  -3.7853888169   -1.6161005669    2.4969142466
  -3.5089059643   -2.4579426882    1.9116278180
  -3.7469386022   -3.1532169651    1.0356847762
  -2.7467318906   -2.6715427992    1.0356847762
  -5.5522639080    0.7215843350   -1.9067488004
  -3.7853888169    0.1735327329   -2.4920352290
  -4.8186340843    0.1735327329   -2.4920352290
  -5.3352567179   -0.7212839170   -2.4920352290
  -4.8186340843   -1.6161005669   -2.4920352290
  -4.3020114506   -0.7212839170   -2.6975604912
  -3.1154472212    2.4582691489    3.0972778283
  -3.6554472212    3.3935765850    3.0972778283
  -4.7354472212    3.3935765850    3.0972778283
  -2.3248323490    2.4582691489    2.3066629561
  -2.6217858514    3.4695999025    2.3066629561
  -3.4183657197    4.1598402876    2.3066629561
  -4.4616634742    4.3098438589    2.3066629561
  -2.9684273682    4.2359142992    1.2266629561
  -3.9350879918    4.6025203169    1.2266629561
  -4.9613937772    4.4779042331    1.2266629561
  -4.4616634742    4.3098438589    0.1466629561
  -4.5529288708   -1.0917050297    2.8361561678
  -5.0695515045   -1.9865216796    2.8361561678
  -5.8578799636   -2.9814605547    2.2508697392
  -4.7930686519   -2.8283638009    2.2508697392
  -4.0308945782   -3.0419639119    1.3749266974
  -7.4180269061   -0.5538245258   -1.5675068792
  -7.4180269061   -1.6295855335   -1.5675068792
  -6.1027967719   -0.1968883798   -2.1527933078
  -6.6194194055   -1.0917050297   -2.1527933078
  -6.1027967719   -1.9865216796   -2.1527933078
  -5.5861741382   -1.0917050297   -2.3583185700
  -6.3588940214    3.6106057397    4.1803533793
  -7.4388940214    3.6106057397    4.1803533793
  -5.3252326516    3.6866290572    3.3897385072
  -6.1218125200    4.3768694423    3.3897385072
  -7.1651102744    4.5268730135    3.3897385072
  -8.1238862496    4.0890146970    3.3897385072
  -8.6937358476    3.2023114144    3.3897385072
  -5.6718741685    4.4529434539    2.3097385072
  -6.6385347921    4.8195494716    2.3097385072
  -7.6648405774    4.6949333878    2.3097385072
  -8.5156772375    4.1076432454    2.3097385072
  -6.1218125200    4.3768694423    1.2297385072
  -7.1651102744    4.5268730135    1.2297385072
  -8.1238862496    4.0890146970    1.2297385072
  -4.5796906459    1.4819661625    3.6662231511
  -3.5464453785    1.4819661625    3.4606978889
  -4.0630680122    2.3767828124    3.4606978889
  -4.0630680122    0.5871495127    3.4606978889
  -2.6705023367    1.4819661625    2.8754114603
  -5.1347634943    3.9138992106   -0.0670221163
  -6.1349702059    3.4322250448   -0.0670221163
  -5.8299431033    2.9248344146   -0.9429651581
  -5.0963132796    2.3767828124   -1.5282515866
  -5.6129359133    1.4819661625   -1.5282515866
   3.5426721358    3.3365698703    1.0034593109
   4.8597536373    4.1028335729    0.2128444387
   3.8164558828    4.2528371442    0.2128444387
   2.8576799077    3.8149788276    0.2128444387
   5.3096919888    4.1789075845   -0.8671555613
   4.3430313652    4.5455136022   -0.8671555613
   3.3167255798    4.4208975184   -0.8671555613
   4.8597536373    4.1028335729   -1.9471555613
   3.8164558828    4.2528371442   -1.9471555613
   4.6226721358    3.3365698703   -2.7377704335
   3.5426721358    3.3365698703   -2.7377704335
   8.3996476775   -0.3736238574    1.1799572385
   9.1902625497   -0.3736238574    0.3893423663
   8.8933090473    0.6377068963    0.3893423663
   9.4796476775   -0.3736238574   -0.6906576337
   9.2322326929    0.6301781942   -0.6906576337
   9.1902625497   -0.3736238574   -1.7706576337
   8.8933090473    0.6377068963   -1.7706576337
   8.3996476775   -0.3736238574   -2.5612725059
  -2.3826690842    0.9079770686    2.6255064731
  -1.8660464505    1.8027937185    2.4199812109
  -2.8992917179    0.0131604187   -2.5689682647
  -1.8660464505    0.0131604187   -2.5689682647
   0.4562529552    1.3052876885    2.3210361971
  -0.3320755040   -1.4792844864   -2.0826268498
  -0.5769923122   -0.4843456113   -2.6679132784
   0.4562529552   -0.4843456113   -2.6679132784
   4.8532158034   -0.3687535391   -3.0117118737
  -3.1993431061    4.6470299313    0.1353505946
  -2.6727676238    4.9397063894   -0.9446494054
  -3.6990734091    4.8150903055   -0.9446494054
  -4.5499100692    4.2278001631   -0.9446494054
  -3.1993431061    4.6470299313   -2.0246494054
  -4.1581190812    4.2091716147   -2.0246494054
  -4.7279686793    3.3224683321   -2.0246494054
  -4.7279686793    2.2684421105   -2.0246494054
  -3.4731268531    3.7307626574   -2.8152642776
  -4.0131268531    2.7954552213   -2.8152642776
  -7.1969155797   -3.4843168112    1.1743625593
  -6.2381396046   -3.9221751277    1.1743625593
  -5.1948418502   -3.7721715565    1.1743625593
  -8.0691576772   -2.5875222526    0.0943625593
  -7.5887065677   -3.5029453595    0.0943625593
  -6.7378699076   -4.0902355019    0.0943625593
  -5.7115641223   -4.2148515858    0.0943625593
  -4.7449034987   -3.8482455681    0.0943625593
  -7.7667651778   -2.5976135285   -0.9856374407
  -7.1969155797   -3.4843168112   -0.9856374407
  -6.2381396046   -3.9221751277   -0.9856374407
  -5.1948418502   -3.7721715565   -0.9856374407
  -7.0519233516   -2.0706004177   -1.7762523129
  -6.5119233516   -3.0059078538   -1.7762523129
  -5.4319233516   -3.0059078538   -1.7762523129
  -1.3429220275    0.0284981291    2.8983976078
  -0.3096767601    0.0284981291    2.6928723456
  -0.8262993938    0.9233147790    2.6928723456
  -1.8595446612    0.9233147790    2.6928723456
  -2.3761672949    0.0284981291    2.6928723456
  -0.7878491791   -2.4034349190   -0.8348476596
  -1.6146278529   -1.8612573959   -1.7107907014
  -1.8595446612   -0.8663185208   -2.2960771300
   0.7321092699    2.5221405022    1.6984029299
  -0.3011359975    2.5221405022    1.6984029299
   1.0085921225    3.3639826235    1.1131165013
  -1.0347658212    0.1844556002   -2.7052601171
  -0.3011359975    0.7325072024   -3.2905465457
   0.2154866362    1.6273238523   -3.4960718079
   5.7984117236    1.1083766738    1.9079121048
   6.8316569910    1.1083766738    1.7023868426
   6.3150343573    2.0031933237    1.7023868426
   7.4045231336    2.1405618019    1.1171004140
   6.5915172099    2.8450354450    1.1171004140
   5.5267058982    2.9981321988    1.1171004140
   7.7076000328    1.1083766738   -2.7012762044
   5.5267058982    2.9981321988   -2.7012762044
   6.8316569910    1.1083766738   -3.2865626330
   6.3150343573    2.0031933237   -3.2865626330
   5.2817890899    2.0031933237   -3.2865626330
   5.2817890899    0.2135600239   -3.2865626330
   5.7984117236    1.1083766738   -3.4920878952
  -1.5919727281    3.0302753607    1.7805204668
  -2.3803011873    4.0252142358    1.1952340382
  -2.6636682102    4.5673917589    0.3192909964
  -3.9404481298    1.5975782070   -2.6231425802
  -3.3588478192    0.6925904588   -2.6231425802
  -2.6252179955    3.0302753607   -3.2084290088
  -3.1418406292    2.1354587108   -3.2084290088
  -2.6252179955    1.2406420609   -3.2084290088
  -0.3126040969    3.3997573149    1.4173062643
  -0.0361212443    4.2415994362    0.8320198357
  -1.1009325561    4.3946961900    0.8320198357
   0.7260528294    4.4551995472   -0.0439232061
  -0.2741538822    4.9368737131   -0.0439232061
  -1.3842995790    4.9368737131   -0.0439232061
  -1.1009325561    0.6151851399   -2.9863567827
   0.2040185368    2.5049406650   -3.5716432113
  -1.8624719980    2.5049406650   -3.5716432113
  -1.3458493643    1.6101240151   -3.5716432113
  -0.3126040969    1.6101240151   -3.5716432113
  -0.8292267306    2.5049406650   -3.7771684735
   4.4491164059    1.3912636800    1.9326483844
   4.9657390396    2.2860803299    1.7271231222
   3.9324937723    2.2860803299    1.7271231222
   4.9657390396    0.4964470301    1.7271231222
   5.2422218922    3.1279224512    1.1418366936
   4.1774105805    3.2810192051    1.1418366936
   3.1988639485    2.8341319321    1.1418366936
   5.2422218922    3.1279224512   -2.6765399248
   4.9657390396    2.2860803299   -3.2618263534
   3.9324937723    2.2860803299   -3.2618263534
   3.4158711386    1.3912636800   -3.2618263534
   4.4491164059    1.3912636800   -3.4673516156
   7.0541875047    2.8462592520    0.9605647067
   8.3848023768    1.9109518159    0.1699498345
   8.0878488744    2.9222825696    0.1699498345
   7.2912690061    3.6125229546    0.1699498345
   6.2479712517    3.7625265259    0.1699498345
   8.6741875047    1.9109518159   -0.9100501655
   8.4267725201    2.9147538675   -0.9100501655
   7.7412073576    3.6885969663   -0.9100501655
   6.7745467340    4.0552029840   -0.9100501655
   5.7482409486    3.9305869001   -0.9100501655
   8.3848023768    1.9109518159   -1.9900501655
   8.0878488744    2.9222825696   -1.9900501655
   7.2912690061    3.6125229546   -1.9900501655
   6.2479712517    3.7625265259   -1.9900501655
   7.5941875047    1.9109518159   -2.7806650377
   7.0541875047    2.8462592520   -2.7806650377
   2.0647666297   -3.1751709772    0.6729618403
   1.6729756418   -3.1937995255   -0.4070381597
   1.1670100084   -0.2055534430    2.6434016813
   2.2002552758   -0.2055534430    2.4378764191
   1.6836326421    0.6892632069    2.4378764191
   0.6503873747    0.6892632069    2.4378764191
  -0.3882695516   -2.1558123252   -1.0898435861
   0.6119371600   -2.6374864911   -1.0898435861
  -0.0832424490   -1.6484216950   -1.9657866279
   0.8953041829   -2.0953089680   -1.9657866279
   0.6503873747   -1.1003700929   -2.5510730565
   1.3657976950   -1.0272716950    2.6280620447
   2.4457976950   -1.0272716950    2.3386769169
   0.8257976950   -1.9625791311    2.3386769169
   1.9057976950   -1.9625791311    2.3386769169
   0.1408054668   -2.4409880884    1.5480620447
   1.0995814420   -2.8788464050    1.5480620447
   2.1428791964   -2.7288428337    1.5480620447
   0.5998511390   -3.0469067792    0.4680620447
   1.6261569243   -3.1715228631    0.4680620447
   1.0995814420   -2.8788464050   -0.6119379553
   4.0052234305   -0.9564546547    2.2073495520
   4.5218460642   -0.0616380048    2.0018242897
   2.9719781631   -0.9564546547    2.0018242897
   2.1733706625   -1.4943351586   -2.4018387572
   2.9719781631   -0.9564546547   -2.9871251858
   3.4886007968   -1.8512713046   -2.9871251858
   4.0052234305   -0.9564546547   -3.1926504480
  -2.8986977249   -3.1217873081    0.5458685368
  -3.4154199970   -3.5644673375   -0.5341314632
  -2.4487593734   -3.1978613197   -0.5341314632
  -3.9419954793   -3.2717908794   -1.6141314632
  -2.8986977249   -3.1217873081   -1.6141314632
  -2.1021178566   -2.4315469230   -1.6141314632
  -2.5957792263   -1.4202161694   -2.4047463354
  -4.2157792263   -2.3555236055   -2.4047463354
  -3.1357792263   -2.3555236055   -2.4047463354
  -3.6757792263   -1.4202161694   -2.6941314632
   7.8714886571   -3.7615135674    2.0589936037
   8.9609774333   -3.8988820457    1.4737071751
   9.6023101039   -3.9490089438    0.5977641333
  10.0548660234   -2.8666969175   -0.4354811341
   9.8493407612   -1.8334516501   -0.4354811341
   9.8493407612   -3.8999421849   -0.4354811341
   9.6023101039   -3.9490089438   -1.4687264015
   8.1479715097   -4.6033556887   -2.3446694433
   3.6850233246   -5.5044334850   -0.5218306664
   3.6850233246   -5.5044334850   -2.5883212011
   7.4877469651   -4.6364866291   -2.5883212011
   3.9900504271   -4.9970428548   -3.4642642429
   4.9685970591   -5.4439301278   -3.4642642429
   4.7236802509   -4.4489912526   -4.0495506715
   4.3026534397   -3.3096741888    3.4449873709
   4.8192760734   -4.2044908387    3.4449873709
   5.8525213408   -4.2044908387    3.4449873709
   4.0856462497   -4.7525424408    2.8597009423
   6.9420101171   -4.3418593169    2.8597009423
   3.7806191471   -5.2599330710    1.9837579005
   7.4434126249   -3.1598523069   -3.5975626153
   7.1464591225   -2.1485215533   -3.5975626153
   6.3498792542   -1.4582811682   -3.5975626153
   5.3065814997   -1.3082775969   -3.5975626153
   4.3478055246   -1.7461359135   -3.5975626153
   7.1464591225   -4.1711830606   -3.5975626153
   6.6527977527   -3.1598523069   -4.3881774874
   6.1127977527   -2.2245448708   -4.3881774874
   5.0327977527   -2.2245448708   -4.3881774874
   4.4927977527   -3.1598523069   -4.3881774874
   5.0327977527   -4.0951597430   -4.3881774874
   6.1127977527   -4.0951597430   -4.3881774874
   5.5727977527   -3.1598523069   -4.6775626153
   2.3544319586   -4.0770825986   -0.4736774093
   2.9242815567   -4.9637858812   -0.4736774093
   2.0520394591   -4.0669913227   -1.5536774093
   2.5324905687   -4.9824144296   -1.5536774093
   3.3833272288   -5.5697045720   -1.5536774093
   2.3544319586   -3.0230563770   -2.6336774093
   2.3544319586   -4.0770825986   -2.6336774093
   2.9242815567   -4.9637858812   -2.6336774093
   3.0692737848   -3.5500694878   -3.4242922815
   4.3410660488   -6.0086760750   -0.4034626811
   5.2998420240   -6.4465343915   -0.4034626811
   6.3431397784   -6.2965308203   -0.4034626811
   3.9492750609   -6.0273046234   -1.4834626811
   4.8001117210   -6.6145947658   -1.4834626811
   5.8264175063   -6.7392108496   -1.4834626811
   6.7930781299   -6.3726048319   -1.4834626811
   4.3410660488   -6.0086760750   -2.5634626811
   5.2998420240   -6.4465343915   -2.5634626811
   6.3431397784   -6.2965308203   -2.5634626811
   7.1397196467   -5.6062904352   -2.5634626811
   6.1060582770   -5.5302671176   -3.3540775533
   5.7356926210   -2.7389237767    3.9514530279
   6.8156926210   -2.7389237767    3.6620679001
   6.2756926210   -1.8036163406    3.6620679001
   5.1956926210   -1.8036163406    3.6620679001
   4.6556926210   -2.7389237767    3.6620679001
   5.1956926210   -3.6742312127    3.6620679001
   6.2756926210   -3.6742312127    3.6620679001
   7.6063074931   -2.7389237767    2.8714530279
   7.3093539908   -1.7275930230    2.8714530279
   6.5127741224   -1.0373526379    2.8714530279
   5.4694763680   -0.8873490667    2.8714530279
   4.5107003929   -1.3252073832    2.8714530279
   7.3093539908   -3.7502545303    2.8714530279
   5.1231749761   -5.2821295518    2.9285016184
   6.2031749761   -5.2821295518    2.9285016184
   7.5337898483   -4.3468221157    2.1378867462
   4.4381827480   -5.7605385091    2.1378867462
   5.3969587231   -6.1983968257    2.1378867462
   6.4402564776   -6.0483932544    2.1378867462
   7.2368363459   -5.3581528694    2.1378867462
   4.0463917601   -5.7791670575    1.0578867462
   4.8972284201   -6.3664571999    1.0578867462
   5.9235342055   -6.4910732838    1.0578867462
   6.8901948291   -6.1244672661    1.0578867462
   4.4381827480   -5.7605385091   -0.0221132538
   5.3969587231   -6.1983968257   -0.0221132538
   6.4402564776   -6.0483932544   -0.0221132538
   3.7074531913   -2.3645937258    2.8990036572
   3.1674531913   -3.2999011619    2.8990036572
   3.7074531913   -4.2352085980    2.8990036572
   3.0224609632   -1.8861847685    2.1083887850
   2.4526113651   -2.7728880511    2.1083887850
   2.4526113651   -3.8269142727    2.1083887850
   3.0224609632   -4.7136175553    2.1083887850
   2.1502188657   -3.8168229968    1.0283887850
   2.6306699753   -4.7322461037    1.0283887850
   3.4815066353   -5.3195362461    1.0283887850
   2.4526113651   -3.8269142727   -0.0516112150
   3.0224609632   -4.7136175553   -0.0516112150
   9.9293235050   -2.5024480645   -1.3772859001
   9.6819085204   -1.4986460129   -1.3772859001
   9.6399383772   -2.5024480645   -2.4572859001
   9.3429848748   -1.4911173109   -2.4572859001
   8.5464050064   -0.8008769258   -2.4572859001
   8.5464050064   -4.2040192032   -2.4572859001
   9.3429848748   -3.5137788181   -2.4572859001
   8.8493235050   -2.5024480645   -3.2479007723
   8.3093235050   -1.5671406284   -3.2479007723
   7.2293235050   -1.5671406284   -3.2479007723
   8.3093235050   -3.4377555006   -3.2479007723
   7.7693235050   -2.5024480645   -3.5372859001
   8.1692914416   -4.8544862317    1.5288613746
   7.3630751886   -5.7707535056    0.7382465024
   8.4063729431   -5.6207499343    0.7382465024
   9.2029528114   -4.9305095492    0.7382465024
   6.8633448856   -5.9388138798   -0.3417534976
   7.8896506710   -6.0634299636   -0.3417534976
   8.8563112946   -5.6968239459   -0.3417534976
   9.5418764570   -4.9229808472   -0.3417534976
   8.4063729431   -5.6207499343   -1.4217534976
   9.2029528114   -4.9305095492   -1.4217534976
   8.1692914416   -4.8544862317   -2.2123683698
   7.8362654059   -2.3279235382    2.5428860764
   8.9162654059   -2.3279235382    2.2535009486
   8.3762654059   -1.3926161021    2.2535009486
   8.3762654059   -3.2632309743    2.2535009486
   9.7068802781   -2.3279235382    1.4628860764
   9.4099267757   -1.3165927846    1.4628860764
   8.6133469074   -0.6263523995    1.4628860764
   9.4099267757   -3.3392542919    1.4628860764
   9.9962654059   -2.3279235382    0.3828860764
   9.7488504214   -1.3241214866    0.3828860764
  -5.8747100642   -1.0529760043    3.8246691673
  -5.5866694095   -1.9184821341    3.3037246343
  -4.7654982367   -1.2069332623    3.3037246343
  -7.6505493768    1.2929777812   -1.2925420244
  -6.9007704942    0.7242127921   -1.8134865574
  -4.8477538127    1.0978811639    4.1206236112
  -5.3607840277    0.2092867658    4.1206236112
  -4.2515722002    0.0553295077    3.5996790782
  -7.1366233402    2.5552405512   -0.9965875805
  -7.7240648278    1.6411637543   -0.9965875805
  -6.3868444577    1.9864755621   -1.5175321135
  -8.2052824162   -1.1585496109    4.2788188474
  -7.1792219862   -1.1585496109    4.2788188474
  -8.9550612987   -1.7273146000    3.7578743144
  -7.9666868453   -2.1786900886    3.7578743144
  -6.8911813315   -2.0240557407    3.7578743144
  -9.7941400089   -1.7970660941    2.9597409850
  -8.9912903069   -2.5199552127    2.9597409850
  -7.9638251150   -2.8537988907    2.9597409850
  -6.8894024992   -2.7408725233    2.9597409850
 -10.5963707899   -0.8128290620    1.9806855180
 -10.2041534822   -1.8252586390    1.9806855180
  -9.4726899876   -2.6276358701    1.9806855180
  -8.5007685042   -3.1115952640    1.9806855180
  -7.4196524139   -3.2117754230    1.9806855180
 -10.5963707899   -0.8128290620    0.9387964520
 -10.2041534822   -1.8252586390    0.9387964520
  -9.4726899876   -2.6276358701    0.9387964520
  -8.5007685042   -3.1115952640    0.9387964520
 -10.2335542138    0.2702152053   -0.0402590150
 -10.2335542138   -0.8101256307   -0.0402590150
  -9.7941400089   -1.7970660941   -0.0402590150
  -8.9912903069   -2.5199552127   -0.0402590150
  -8.9550612987    1.1874041746   -0.8383923443
  -9.5425027862    0.2733273777   -0.8383923443
  -9.5425027862   -0.8132378030   -0.8383923443
  -8.9550612987   -1.7273146000   -0.8383923443
  -8.2052824162    0.6186391855   -1.3593368773
  -8.7183126312   -0.2699552127   -1.3593368773
  -8.2052824162   -1.1585496109   -1.3593368773
  -6.9018976864    1.7472513302    4.9494262572
  -5.8758372564    1.7472513302    4.7685041196
  -6.3888674714    2.6358457284    4.7685041196
  -7.4149279014    2.6358457284    4.7685041196
  -6.3888674714    0.8586569320    4.7685041196
  -4.9735348574    1.7472513302    4.2475595866
  -5.2796556439    2.7898029865    4.2475595866
  -6.1008268167   -0.0068491977    4.2475595866
  -5.2796556439    0.7046996740    4.2475595866
  -8.6823354728    4.1049319876    1.4284817242
  -6.0990479844    4.2181686409    0.4494262572
  -7.1734706002    4.3310950083    0.4494262572
  -8.2009357921    3.9972513302    0.4494262572
  -9.0037854941    3.2743622116    0.4494262572
  -7.1763323306    3.6559862062   -0.3487070721
  -8.1647067840    3.2046107175   -0.3487070721
  -7.4149279014    2.6358457284   -0.8696516051
  -7.9279581164    1.7472513302   -0.8696516051
   6.2552290482   -0.2015766022    2.3343138219
   7.2812894782   -0.2015766022    2.1533916843
   6.7682592632    0.6870177960    2.1533916843
   8.1835918773   -0.2015766022    1.6324471513
   7.8774710908    0.8409750540    1.6324471513
   8.1835918773   -0.2015766022   -2.9638195074
   7.8774710908    0.8409750540   -2.9638195074
   7.2812894782   -0.2015766022   -3.4847640404
   5.2291686183   -0.2015766022   -3.4847640404
   6.7682592632   -1.0901710004   -3.4847640404
   6.2552290482   -0.2015766022   -3.6656861781
  -7.9413459351    0.8674138879    4.9997161401
  -6.9152855051    0.8674138879    4.8187940025
  -8.4543761501    1.7560082861    4.8187940025
  -8.4543761501   -0.0211805103    4.8187940025
  -7.4283157201   -0.0211805103    4.8187940025
  -9.2041550326   -0.5899454993    4.2978494695
  -6.3191038926   -0.1751377683    4.2978494695
  -9.7217837215    3.2250945453    1.4787716071
  -9.2403840408    3.1174138879    0.4997161401
 -10.0432337427    2.3945247693    0.4997161401
 -10.4826479477    1.4075843059    0.4997161401
 -10.4826479477    0.3272434700    0.4997161401
  -9.2041550326    2.3247732752   -0.2984171892
  -9.7915965201    1.4106964783   -0.2984171892
  -8.4543761501    1.7560082861   -0.8193617222
   3.5385137516    0.3462282452    2.3916554076
   4.5645741816    0.3462282452    2.2107332699
   4.0515439666    1.2348226434    2.2107332699
   3.0254835366   -0.5423661530   -3.4274224548
   3.5385137516    0.3462282452   -3.6083445924
   0.8224850168    5.2749427237   -1.0392423120
  -0.1157127622    5.7267549615   -1.0392423120
  -1.1570337360    5.7267549615   -1.0392423120
  -2.0952315150    5.2749427237   -1.0392423120
   0.8224850168    5.2749427237   -2.1073427949
  -0.1157127622    5.7267549615   -2.1073427949
  -1.1570337360    5.7267549615   -2.1073427949
  -2.0952315150    5.2749427237   -2.1073427949
   0.9421511430    4.4600483483   -3.0696680779
   0.1431096360    5.1524217554   -3.0696680779
  -0.9034121795    5.3028888767   -3.0696680779
  -1.8651510213    4.8636774642   -3.0696680779
   0.4049477248    3.4455923200   -3.7356178364
  -0.1157127622    4.3474027369   -3.7356178364
  -1.1570337360    4.3474027369   -3.7356178364
  -0.6363732491    3.4455923200   -3.9732925535
   2.0842314927    2.6315869198    1.7857235197
   2.3722721474    3.4970930496    1.2647789867
   1.2967666336    3.6517273976    1.2647789867
   2.3740509797    4.2139098323    0.4666456574
   1.2996283639    4.3268361997    0.4666456574
   1.8438010650    4.6848127319   -0.5124098096
   2.8881010435    4.3876837703   -1.5542988756
   1.8438010650    4.6848127319   -1.5542988756
   2.3740509797    4.2139098323   -2.5333543426
   3.1934433202    2.7855441779   -3.3314876720
   2.3722721474    3.4970930496   -3.3314876720
   1.2967666336    3.6517273976   -3.3314876720
   2.5972617077    1.7429925216   -3.8524322050
   2.0842314927    2.6315869198   -3.8524322050
   1.0581710627    2.6315869198   -3.8524322050
   0.5451408477    1.7429925216   -3.8524322050
   1.0581710627    0.8543981235   -3.8524322050
   2.0842314927    0.8543981235   -3.8524322050
   1.5712012777    1.7429925216   -4.0333543426
  -3.2701380939   -0.3318339009    3.1267000851
  -5.0459774065    2.0141198846   -1.9905111066
  -5.6334188940    1.1000430877   -1.9905111066
  -1.5286883660   -0.9098375316    3.1021270949
  -2.5700093399   -0.9098375316    2.8644523779
  -2.0493488529   -1.8116479485    2.8644523779
  -1.0080278790   -1.8116479485    2.8644523779
  -2.7574661382   -2.3279226758    2.1985026194
  -1.7957272963   -2.7671340883    2.1985026194
  -0.7492054809   -2.6166669670    2.1985026194
  -2.0493488529   -3.1910001731    1.2361773364
  -1.0080278790   -3.1910001731    1.2361773364
  -2.0493488529   -3.1910001731    0.1680768534
  -1.0080278790   -3.1910001731    0.1680768534
   2.6077617937    1.5439571692    2.2402452695
   2.8958024484    2.4094632989    1.7193007365
   1.8202969345   -1.2533721049   -2.8769659222
   1.5817013637   -0.2332316272   -3.3979104552
  -8.8785427989    1.1374741409    4.8614947455
  -9.3992032859    2.0392845578    4.6238200285
  -9.9198637728    1.1374741409    4.6238200285
  -9.3992032859    0.2356637240    4.6238200285
  -9.1455817293    2.9947706976    3.9578702700
 -10.1073205712    2.5555592851    3.9578702700
 -10.6789311525    1.6661158591    3.9578702700
 -10.6789311525    0.6088324227    3.9578702700
 -10.1073205712   -0.2806110033    3.9578702700
  -9.3992032859    3.4186367824    2.9955449870
 -10.3374010648    2.9668245446    2.9955449870
 -10.9866540725    2.1526870239    2.9955449870
 -11.2183697882    1.1374741409    2.9955449870
 -10.9866540725    0.1222612579    2.9955449870
 -10.3374010648   -0.6918762628    2.9955449870
 -10.3374010648    2.9668245446    1.9274445040
 -10.9866540725    2.1526870239    1.9274445040
 -11.2183697882    1.1374741409    1.9274445040
 -10.9866540725    0.1222612579    1.9274445040
 -10.6789311525    1.6661158591    0.9651192210
  -3.7889812356   -1.6098783152    2.8215173712
  -3.5009405809   -2.4753844450    2.3005728382
  -3.4991617486   -3.1922012276    1.5024395088
  -4.0294116633   -3.6631041273    0.5233840418
  -5.5648205481    0.7360754703   -2.2956938206
  -3.2759510206   -0.7212839170   -2.8166383536
  -3.7889812356    0.1673104812   -2.8166383536
  -4.8150416655    0.1673104812   -2.8166383536
  -5.3280718805   -0.7212839170   -2.8166383536
  -4.8150416655   -1.6098783152   -2.8166383536
  -4.3020114506   -0.7212839170   -2.9975604912
  -3.6747867342    3.3600795658    3.3889882391
  -4.7161077081    3.3600795658    3.3889882391
  -2.3190516633    2.4582691489    2.7230384806
  -2.6169228291    3.4727251772    2.7230384806
  -3.4159643361    4.1650985843    2.7230384806
  -4.4624861515    4.3155657056    2.7230384806
  -2.7365889553    4.2876195526    1.7607131976
  -3.6747867342    4.7394317904    1.7607131976
  -4.7161077081    4.7394317904    1.7607131976
  -3.6747867342    4.7394317904    0.6926127146
  -4.7161077081    4.7394317904    0.6926127146
  -5.6543054871    4.2876195526    0.6926127146
  -5.0731439232   -1.9802994279    3.1607592924
  -5.8606087823   -3.0004399056    2.6398147594
  -4.7851032685   -2.8458055576    2.6398147594
  -3.9639320956   -2.1342566859    2.6398147594
  -4.7833244362   -3.5626223403    1.8416814300
  -4.2692743724   -3.7363962783    0.8626259630
  -6.8489832357    0.3656543576   -1.9564518994
  -7.4364247232   -0.5484224393   -1.9564518994
  -7.4364247232   -1.6349876200   -1.9564518994
  -6.0992043531   -0.2031106315   -2.4773964324
  -6.6122345681   -1.0917050297   -2.4773964324
  -6.0992043531   -1.9802994279   -2.4773964324
  -6.3782335345    3.5771087204    4.4720637901
  -7.4195545084    3.5771087204    4.4720637901
  -5.3203696293    3.6897543319    3.8061140316
  -6.1194111363    4.3821277390    3.8061140316
  -7.1659329518    4.5325948602    3.8061140316
  -8.1276717937    4.0933834478    3.8061140316
  -5.4400357555    4.5046487073    2.8437887487
  -6.3782335345    4.9564609450    2.8437887487
  -7.4195545084    4.9564609450    2.8437887487
  -8.3577522873    4.5046487073    2.8437887487
  -9.0070052950    3.6905111865    2.8437887487
  -5.4400357555    4.5046487073    1.7756882657
  -6.3782335345    4.9564609450    1.7756882657
  -7.4195545084    4.9564609450    1.7756882657
  -8.3577522873    4.5046487073    1.7756882657
  -7.1659329518    4.5325948602    0.8133629827
  -3.5536302159    1.4819661625    3.7853010135
  -4.0666604309    2.3705605607    3.7853010135
  -4.0666604309    0.5933717644    3.7853010135
  -2.6513278168    1.4819661625    3.2643564805
  -3.7786197762   -0.2721343654    3.2643564805
  -2.9574486034    0.4394145063    3.2643564805
  -5.8787287516    3.7319661625   -0.5337768489
  -5.8424997435    2.9393255498   -1.3319101782
   4.8621550209    4.1080918696    0.6292199632
   3.8156332055    4.2585589909    0.6292199632
   5.5415304017    4.2306128379   -0.3331053198
   4.6033326228    4.6824250757   -0.3331053198
   3.5620116489    4.6824250757   -0.3331053198
   5.5415304017    4.2306128379   -1.4012058028
   4.6033326228    4.6824250757   -1.4012058028
   3.5620116489    4.6824250757   -1.4012058028
   4.8621550209    4.1080918696   -2.3635310857
   3.8156332055    4.2585589909   -2.3635310857
   3.5620116489    3.3030728511   -3.0294808442
   9.1960432354   -0.3736238574    0.8057178908
   8.8981720696    0.6408321709    0.8057178908
   9.6594746667   -0.3736238574   -0.1566073922
   9.4277589511    0.6415890256   -0.1566073922
   8.7785059434    1.4557265463   -0.1566073922
   9.6594746667   -0.3736238574   -1.2247078752
   9.4277589511    0.6415890256   -1.2247078752
   9.1960432354   -0.3736238574   -2.1870331582
   8.8981720696    0.6408321709   -2.1870331582
   8.3609686514   -0.3736238574   -2.8529829167
  -1.8696388693    1.7965714667    2.7445843354
  -1.5815982145    2.6620775965    2.2236398024
  -2.8956992992    0.0193826704   -2.8935713893
  -1.8696388693    0.0193826704   -2.8935713893
   0.4526605365    1.2990654368    2.6456393217
   0.7407011912    2.1645715666    2.1246947887
  -0.3348043227    2.3192059146    2.1246947887
  -0.3348043227   -1.4982638373   -2.4715718700
  -0.5733998935   -0.4781233596   -2.9925164030
   0.4526605365   -0.4781233596   -2.9925164030
   4.8568082221   -0.3749757908   -3.3363149983
  -3.2001657835    4.6527517780    0.5517261191
  -3.4537873400    5.0766178628   -0.4105991639
  -4.3919851190    4.6248056250   -0.4105991639
  -2.4124663662    5.0766178628   -1.4786996469
  -3.4537873400    5.0766178628   -1.4786996469
  -4.3919851190    4.6248056250   -1.4786996469
  -5.0412381267    3.8106681043   -1.4786996469
  -3.2001657835    4.6527517780   -2.4410249299
  -4.1619046253    4.2135403655   -2.4410249299
  -4.7335152067    3.3240969395   -2.4410249299
  -4.7335152067    2.2668135031   -2.4410249299
  -3.4537873400    3.6972656382   -3.1069746884
  -3.9744478270    2.7954552213   -3.1069746884
  -7.2007011238   -3.4886855620    1.5907380837
  -6.2389622820   -3.9278969744    1.5907380837
  -7.4307816175   -3.8999508215    0.6284128008
  -6.4925838385   -4.3517630592    0.6284128008
  -5.4512628647   -4.3517630592    0.6284128008
  -4.5130650857   -3.8999508215    0.6284128008
  -8.0800346252   -3.0858133007   -0.4396876822
  -7.4307816175   -3.8999508215   -0.4396876822
  -6.4925838385   -4.3517630592   -0.4396876822
  -5.4512628647   -4.3517630592   -0.4396876822
  -4.5130650857   -3.8999508215   -0.4396876822
  -7.7723117052   -2.5992421359   -1.4020129652
  -7.2007011238   -3.4886855620   -1.4020129652
  -6.2389622820   -3.9278969744   -1.4020129652
  -5.1924404665   -3.7774298532   -1.4020129652
  -6.4925838385   -2.9724108346   -2.0679627237
  -5.4512628647   -2.9724108346   -2.0679627237
  -1.3429220275    0.0284981291    3.1983976078
  -0.3168615975    0.0284981291    3.0174754701
  -0.8298918125    0.9170925273    3.0174754701
  -1.8559522425    0.9170925273    3.0174754701
  -2.3689824575    0.0284981291    3.0174754701
  -0.8298918125   -0.8600962691    3.0174754701
  -0.5418511578    1.7825986571    2.4965309371
  -1.6144949413   -2.5553455489   -1.3016023922
  -0.5400723255   -2.4424191815   -1.3016023922
  -1.6173566716   -1.8802367468   -2.0997357216
  -1.8559522425   -0.8600962691   -2.6206802546
   0.7285168512    2.5159182504    2.0230060545
  -0.2975435788    2.5159182504    2.0230060545
   1.0165575059    3.3814243802    1.5020615215
  -1.0473224614    0.1699644650   -3.0942051373
  -0.0589480080   -0.2814110237   -3.0942051373
  -0.2975435788    0.7387294541   -3.6151496703
   0.2154866362    1.6273238523   -3.7960718079
   5.7984117236    1.1083766738    2.2079121048
   6.8244721536    1.1083766738    2.0269899672
   6.3114419386    1.9969710719    2.0269899672
   7.4206537662    2.1509283300    1.5060454342
   6.5994825933    2.8624772017    1.5060454342
   7.7267745527    1.1083766738   -3.0902212245
   5.5239770795    3.0171115497   -3.0902212245
   6.8244721536    1.1083766738   -3.6111657575
   6.3114419386    1.9969710719   -3.6111657575
   5.2853815087    1.9969710719   -3.6111657575
   5.2853815087    0.2197822756   -3.6111657575
   5.7984117236    1.1083766738   -3.7920878952
  -1.5955651468    3.0240531090    2.1051235914
  -1.3075244921    3.8895592388    1.5841790584
  -2.3830300060    4.0441935867    1.5841790584
  -2.3801682756    4.7193023888    0.7860457290
  -3.9588459469    1.5921761204   -3.0120876003
  -3.3714044594    0.6780993235   -3.0120876003
  -2.3830300060    0.2267238349   -3.0120876003
  -2.6216255768    3.0240531090   -3.5330321333
  -3.1346557918    2.1354587108   -3.5330321333
  -2.6216255768    1.2468643126   -3.5330321333
  -0.3161965156    3.3935350631    1.7419093888
  -0.0281558609    4.2590411929    1.2209648558
  -1.1036613747    4.4136755409    1.2209648558
   0.9092255801    4.4356875576    0.4228315265
  -0.0263770286    4.9758579756    0.4228315265
  -1.1007996444    5.0887843430    0.4228315265
  -1.1036613747    0.5962057890   -3.3753018029
   0.1968336994    2.5049406650   -3.8962463359
  -1.3422569456    3.3935350631   -3.8962463359
  -1.8552871606    2.5049406650   -3.8962463359
  -1.3422569456    1.6163462668   -3.8962463359
  -0.3161965156    1.6163462668   -3.8962463359
  -0.8292267306    2.5049406650   -4.0771684735
   4.4491164059    1.3912636800    2.2326483844
   4.9621466209    2.2798580782    2.0517262467
   3.9360861910    2.2798580782    2.0517262467
   4.9621466209    0.5026692819    2.0517262467
   5.2501872757    3.1453642080    1.5307817137
   4.1746817618    3.2999985560    1.5307817137
   3.1863073084    2.8486230673    1.5307817137
   5.2519661079    3.8621809907    0.7326483844
   5.2501872757    3.1453642080   -3.0654849450
   4.9621466209    2.2798580782   -3.5864294780
   3.9360861910    2.2798580782   -3.5864294780
   3.4230559760    1.3912636800   -3.5864294780
   3.9360861910    0.5026692819   -3.5864294780
   4.4491164059    1.3912636800   -3.7673516156
   8.3905830626    1.9109518159    0.5863253590
   8.0927118967    2.9254078442    0.5863253590
   7.2936703897    3.6177812514    0.5863253590
   6.2471485743    3.7682483726    0.5863253590
   8.8540144939    1.9109518159   -0.3759999240
   8.6222987782    2.9261646989   -0.3759999240
   7.9730457706    3.7403022196   -0.3759999240
   7.0348479916    4.1921144574   -0.3759999240
   5.9935270177    4.1921144574   -0.3759999240
   8.8540144939    1.9109518159   -1.4441004070
   8.6222987782    2.9261646989   -1.4441004070
   7.9730457706    3.7403022196   -1.4441004070
   7.0348479916    4.1921144574   -1.4441004070
   5.9935270177    4.1921144574   -1.4441004070
   8.3905830626    1.9109518159   -2.4064256900
   8.0927118967    2.9254078442   -2.4064256900
   7.2936703897    3.6177812514   -2.4064256900
   6.2471485743    3.7682483726   -2.4064256900
   7.0348479916    2.8127622328   -3.0723754485
   1.8309005919   -3.5908049875    0.1270120818
   1.1670100084   -0.2055534430    2.9434016813
   2.1930704384   -0.2055534430    2.7624795436
   1.6800402234    0.6830409552    2.7624795436
   0.6539797934    0.6830409552    2.7624795436
   0.6539797934   -1.0941478411    2.7624795436
   0.3584937054   -3.0471934943   -0.5775428517
  -0.1320280973   -2.4555534430   -1.5565983187
   0.8954370945   -2.7893971210   -1.5565983187
  -0.0957990892   -1.6629128302   -2.3547316481
   0.8925753642   -2.1142883189   -2.3547316481
   0.6539797934   -1.0941478411   -2.8756761811
   1.3657976950   -1.0272716950    2.8680620447
   2.4071186689   -1.0272716950    2.6303873277
   0.8451372080   -1.9290821119    2.6303873277
   1.8864581819   -1.9290821119    2.6303873277
   0.1370199227   -2.4453568392    1.9644375691
   1.0987587646   -2.8845682517    1.9644375691
  -0.0930605709   -2.8566220987    1.0021122862
   0.8451372080   -3.3084343365    1.0021122862
   0.8451372080   -3.3084343365   -0.0659881968
   4.0052234305   -0.9564546547    2.5073495520
   4.5182536455   -0.0678602565    2.3264274143
   2.9791630006   -0.9564546547    2.3264274143
   2.1549728455   -1.4997372451   -2.7907837774
   2.9791630006   -0.9564546547   -3.3117283104
   3.4921932155   -1.8450490529   -3.3117283104
   4.0052234305   -0.9564546547   -3.4926504480
  -3.1551187394   -3.7013788109   -0.0000812217
  -2.2169209604   -3.2495665731   -0.0000812217
  -4.1964397133   -3.7013788109   -1.0681817047
  -3.1551187394   -3.7013788109   -1.0681817047
  -2.2169209604   -3.2495665731   -1.0681817047
  -3.9428181567   -3.2775127261   -2.0305069877
  -2.8962963412   -3.1270456048   -2.0305069877
  -2.0972548342   -2.4346721977   -2.0305069877
  -2.6344582525   -1.4202161694   -2.6964567462
  -4.1964397133   -2.3220265863   -2.6964567462
  -3.1551187394   -2.3220265863   -2.6964567462
  -3.6757792263   -1.4202161694   -2.9341314632
   8.9771080659   -3.9092485737    1.8626521952
   9.7283267449   -3.9234297141    1.0645188659
  10.3092892824   -2.8666969175    0.0854633989
  10.1097836663   -3.9339576982    0.0854633989
  10.3092892824   -2.8666969175   -0.9564256671
  10.1097836663   -1.7994361368   -0.9564256671
  10.1097836663   -3.9339576982   -0.9564256671
   9.7283267449   -3.9234297141   -1.9354811341
   8.1559368931   -4.6207974455   -2.7336144635
   3.9412647789   -5.8041746027   -0.0550759337
   3.4598650981   -5.9118552601   -1.0341314007
   3.4598650981   -5.9118552601   -2.0760204667
   3.9412647789   -5.8041746027   -3.0550759337
   7.6137636060   -4.6109073994   -3.0550759337
   3.3900522995   -3.0108920124   -3.8532092631
   3.3900522995   -4.0974571931   -3.8532092631
   3.9774937870   -5.0115339900   -3.8532092631
   4.9658682404   -5.4629094787   -3.8532092631
   6.0413737543   -5.3082751307   -3.8532092631
   4.7272726696   -4.4427690009   -4.3741537961
   4.3098382771   -3.3096741888    3.7695904955
   4.8228684921   -4.1982685870    3.7695904955
   5.8489289221   -4.1982685870    3.7695904955
   3.4856481221   -2.7663915984    3.2486459625
   3.4856481221   -3.8529567791    3.2486459625
   4.0730896096   -4.7670335760    3.2486459625
   5.0614640630   -5.2184090647    3.2486459625
   6.9581407496   -4.3522258450    3.2486459625
   4.0368606014   -5.5596741888    2.4505126331
   7.7093594286   -4.3664069854    2.4505126331
   3.5554609207   -5.6673548462    1.4714571661
   3.5554609207   -5.6673548462    0.4295681001
   7.4491933106   -3.1598523069   -4.0139381397
   7.1513221448   -2.1453962786   -4.0139381397
   6.3522806378   -1.4530228715   -4.0139381397
   5.3057588224   -1.3025557502   -4.0139381397
   4.3440199805   -1.7417671627   -4.0139381397
   3.7724093992   -2.6312105887   -4.0139381397
   6.3522806378   -4.8666817424   -4.0139381397
   7.1513221448   -4.1743083352   -4.0139381397
   6.6141187266   -3.1598523069   -4.6798878982
   6.0934582397   -2.2580418900   -4.6798878982
   5.0521372658   -2.2580418900   -4.6798878982
   4.5314767788   -3.1598523069   -4.6798878982
   5.0521372658   -4.0616627238   -4.6798878982
   6.0934582397   -4.0616627238   -4.6798878982
   5.5727977527   -3.1598523069   -4.9175626153
   1.8094467955   -3.5500694878   -1.0196271678
   2.0411625112   -4.5652823708   -1.0196271678
   2.6904155189   -5.3794198915   -1.0196271678
   1.8094467955   -3.5500694878   -2.0877276508
   2.0411625112   -4.5652823708   -2.0877276508
   2.6904155189   -5.3794198915   -2.0877276508
   2.9204960125   -2.1319843436   -3.0500529338
   2.3488854312   -3.0214277696   -3.0500529338
   2.3488854312   -4.0787112060   -3.0500529338
   2.9204960125   -4.9681546320   -3.0500529338
   3.1079528109   -3.5500694878   -3.7160026923
   4.1072000111   -6.4243100853   -0.9494124396
   5.0453977900   -6.8761223230   -0.9494124396
   6.0867187639   -6.8761223230   -0.9494124396
   7.0249165429   -6.4243100853   -0.9494124396
   4.1072000111   -6.4243100853   -2.0175129226
   5.0453977900   -6.8761223230   -2.0175129226
   6.0867187639   -6.8761223230   -2.0175129226
   7.0249165429   -6.4243100853   -2.0175129226
   5.2990193466   -6.4522562382   -2.9798382056
   6.3455411621   -6.3017891170   -2.9798382056
   7.1445826691   -5.6094157099   -2.9798382056
   5.7356926210   -2.7389237767    4.1914530279
   6.7770135949   -2.7389237767    3.9537783109
   6.2563531079   -1.8371133598    3.9537783109
   5.2150321340   -1.8371133598    3.9537783109
   4.6943716471   -2.7389237767    3.9537783109
   5.2150321340   -3.6407341935    3.9537783109
   6.2563531079   -3.6407341935    3.9537783109
   7.6120881789   -2.7389237767    3.2878285524
   7.3142170131   -1.7244677483    3.2878285524
   6.5151755061   -1.0320943412    3.2878285524
   5.4686536906   -0.8816272200    3.2878285524
   4.5069148487   -1.3208386324    3.2878285524
   7.3142170131   -3.7533798050    3.2878285524
   7.1945508869   -0.9095733729    2.3255032694
   6.2563531079   -0.4577611352    2.3255032694
   6.1838354631   -5.2486325326    3.2202120291
   4.4343972039   -5.7649072599    2.5542622706
   5.3961360458   -6.2041186724    2.5542622706
   6.4426578612   -6.0536515511    2.5542622706
   7.2416993682   -5.3612781440    2.5542622706
   4.2043167102   -6.1761725194    1.5919369877
   5.1425144892   -6.6279847572    1.5919369877
   6.1838354631   -6.6279847572    1.5919369877
   7.1220332420   -6.1761725194    1.5919369877
   7.7712862497   -5.3620349987    1.5919369877
   4.2043167102   -6.1761725194    0.5238365047
   5.1425144892   -6.6279847572    0.5238365047
   6.1838354631   -6.6279847572    0.5238365047
   7.1220332420   -6.1761725194    0.5238365047
   3.2061322174   -3.2999011619    3.1907140680
   3.0186754191   -1.8818160177    2.5247643094
   2.4470648378   -2.7712594437    2.5247643094
   2.4470648378   -3.8285428801    2.5247643094
   3.0186754191   -4.7179863061    2.5247643094
   1.9076262021   -3.2999011619    1.5624390265
   2.1393419177   -4.3151140449    1.5624390265
   2.7885949254   -5.1292515656    1.5624390265
   2.1393419177   -4.3151140449    0.4943385435
   2.7885949254   -5.1292515656    0.4943385435
  10.1091504942   -2.5024480645   -1.9113361416
   9.8774347786   -1.4872351815   -1.9113361416
   9.6457190629   -2.5024480645   -2.8736614246
   9.3478478971   -1.4879920362   -2.8736614246
   8.5488063901   -0.7956186291   -2.8736614246
   8.5488063901   -4.2092774999   -2.8736614246
   9.3478478971   -3.5169040928   -2.8736614246
   8.8106444789   -2.5024480645   -3.5396111831
   8.2899839919   -1.6006376476   -3.5396111831
   7.2486630180   -1.6006376476   -3.5396111831
   8.2899839919   -3.4042584814   -3.5396111831
   7.7693235050   -2.5024480645   -3.7772859001
   8.1499519286   -4.8209892125    1.8205717854
   8.4087743267   -5.6260082310    1.1546220269
   9.2078158337   -4.9336348239    1.1546220269
   7.1086309547   -6.2003414371    0.1922967439
   8.1499519286   -6.2003414371    0.1922967439
   9.0881497075   -5.7485291993    0.1922967439
   9.7374027152   -4.9343916786    0.1922967439
   8.1499519286   -6.2003414371   -0.8758037391
   9.0881497075   -5.7485291993   -0.8758037391
   9.7374027152   -4.9343916786   -0.8758037391
   8.4087743267   -5.6260082310   -1.8381290221
   9.2078158337   -4.9336348239   -1.8381290221
   8.8775863798   -2.3279235382    2.5452113594
   8.3569258929   -1.4261131213    2.5452113594
   8.3569258929   -3.2297339551    2.5452113594
   9.7126609639   -2.3279235382    1.8792616009
   9.4147897980   -1.3134675099    1.8792616009
   8.6157482910   -0.6210941028    1.8792616009
   9.4147897980   -3.3423795665    1.8792616009
  10.1760923952   -2.3279235382    0.9169363179
   9.9443766795   -1.3127106552    0.9169363179
   9.2951236719   -0.4985731345    0.9169363179
   9.9443766795   -1.3127106552   -0.1511641651
