   8.3879345261    0.8302111459   -1.9451867283
   4.7552264052   -2.1868314839    1.3330961676
   5.8592617407   -2.5455543098    1.3330961676
   4.7552264052   -2.9901194532    0.4930961676
   5.8315645868   -3.1799069150    0.4930961676
   6.7780804987   -2.6334356985    0.4930961676
   4.7552264052   -2.9901194532   -0.5452009335
   5.8315645868   -3.1799069150   -0.5452009335
   6.7780804987   -2.6334356985   -0.5452009335
   4.7552264052   -2.1868314839   -1.3852009335
   5.8592617407   -2.5455543098   -1.3852009335
   5.6924139843   -0.1296324243    2.5881277550
   6.6798932081   -0.1296324243    2.2672763055
   5.9975618461    0.8095161262    2.2672763055
   4.8935265106    0.4507933004    2.2672763055
   4.8935265106   -0.7100581490    2.2672763055
   5.9975618461   -1.0687809749    2.2672763055
   6.9163806041    0.8973975149    1.4272763055
   5.9698646922    1.4438687314    1.4272763055
   4.8935265106    1.2540812696    1.4272763055
   4.6870670180    2.0466131191    0.5226872504
   3.5830316826    1.6878902932    0.5226872504
   5.6058857760    2.1344945078   -0.3173127496
   4.6593698642    2.6809657243   -0.3173127496
   3.5830316826    2.4911782625   -0.3173127496
   5.6058857760    2.1344945078   -1.3556098507
   4.6593698642    2.6809657243   -1.3556098507
   3.5830316826    2.4911782625   -1.3556098507
   4.6870670180    2.0466131191   -2.1956098507
   3.5830316826    1.6878902932   -2.1956098507
   3.4297940626   -1.7534071773   -2.2851826115
   4.5061322442   -1.9431946391   -2.2851826115
   5.2161607601   -0.3696934833   -3.1251826115
   4.5338293980    0.5694550672   -3.1251826115
   3.4297940626    0.2107322414   -3.1251826115
   3.4297940626   -0.9501192081   -3.1251826115
   4.5338293980   -1.3088420339   -3.1251826115
   4.2286815363   -0.3696934833   -3.4460340610
   2.1941658981   -2.0172798334    1.4911411133
   3.2982012335   -2.3760026593    1.4911411133
   2.1941658981   -2.8205678027    0.6511411133
   3.2705040797   -3.0103552645    0.6511411133
   4.2170199915   -2.4638840479    0.6511411133
   2.1941658981   -2.8205678027   -0.3871559878
   3.2705040797   -3.0103552645   -0.3871559878
   2.1941658981   -2.0172798334   -1.2271559878
   3.2982012335   -2.3760026593   -1.2271559878
   3.1470166753    0.0382705571    2.7435188689
   4.1344958991    0.0382705571    2.4226674195
   3.4521645370    0.9774191076    2.4226674195
   2.3481292016    0.6186962818    2.4226674195
   2.3481292016   -0.5421551676    2.4226674195
   3.4521645370   -0.9008779935    2.4226674195
   4.3709832950    1.0653004963    1.5826674195
   3.4244673832    1.6117717128    1.5826674195
   2.3481292016    1.4219842510    1.5826674195
   4.3709832950   -0.9887593822    1.5826674195
   2.1446900673    2.2145562940    0.6778918791
   1.0406547318    1.8558334682    0.6778918791
   3.0635088253    2.3024376827   -0.1621081209
   2.1169929135    2.8489088992   -0.1621081209
   1.0406547318    2.6591214374   -0.1621081209
   3.0635088253    2.3024376827   -1.2004052220
   2.1169929135    2.8489088992   -1.2004052220
   1.0406547318    2.6591214374   -1.2004052220
   2.1446900673    2.2145562940   -2.0404052220
   1.0406547318    1.8558334682   -2.0404052220
   0.8842587289   -1.5854703142   -2.1287902311
   1.9605969105   -1.7752577760   -2.1287902311
   2.6706254265   -0.2017566203   -2.9687902311
   1.9882940644    0.7373919303   -2.9687902311
   0.8842587289    0.3786691044   -2.9687902311
   0.8842587289   -0.7821823450   -2.9687902311
   1.9882940644   -1.1409051708   -2.9687902311
   1.6831462026   -0.2017566203   -3.2896416806
  -0.3518442050   -1.8462102472    1.6525497596
   0.7521911304   -2.2049330730    1.6525497596
  -0.3518442050   -2.6494982164    0.8125497596
   0.7244939766   -2.8392856782    0.8125497596
   1.6710098884   -2.2928144617    0.8125497596
  -0.3518442050   -2.6494982164   -0.2257473415
   0.7244939766   -2.8392856782   -0.2257473415
  -0.3518442050   -1.8462102472   -1.0657473415
   0.7521911304   -2.2049330730   -1.0657473415
   0.6017133779    0.2124390068    2.8998030422
   1.5891926018    0.2124390068    2.5789515927
   0.9068612397    1.1515875573    2.5789515927
  -0.1971740958    0.7928647315    2.5789515927
  -0.1971740958   -0.3679867179    2.5789515927
   0.9068612397   -0.7267095438    2.5789515927
   1.8256799977    1.2394689460    1.7389515927
   0.8791640859    1.7859401625    1.7389515927
  -0.1971740958    1.5961527007    1.7389515927
   1.8256799977   -0.8145909325    1.7389515927
  -0.4012631032    2.3829727385    0.8318184469
  -1.5052984387    2.0242499126    0.8318184469
   0.5175556548    2.4708541272   -0.0081815531
  -0.4289602571    3.0173253437   -0.0081815531
  -1.5052984387    2.8275378819   -0.0081815531
   0.5175556548    2.4708541272   -1.0464786542
  -0.4289602571    3.0173253437   -1.0464786542
  -1.5052984387    2.8275378819   -1.0464786542
   0.2810682589    1.4438241879   -1.8864786542
  -0.4012631032    2.3829727385   -1.8864786542
  -1.5052984387    2.0242499126   -1.8864786542
  -1.6607571419   -1.4191415114   -1.9718258754
  -0.5844189603   -1.6089289731   -1.9718258754
   0.1256095556   -0.0354278174   -2.8118258754
  -0.5567218065    0.9037207332   -2.8118258754
  -1.6607571419    0.5449979073   -2.8118258754
  -1.6607571419   -0.6158535421   -2.8118258754
  -0.5567218065   -0.9745763679   -2.8118258754
  -0.8618696682   -0.0354278174   -3.1326773248
  -2.8965807812   -1.6764339472    1.8129343309
  -1.7925454457   -2.0351567730    1.8129343309
  -2.8965807812   -2.4797219164    0.9729343309
  -1.8202425995   -2.6695093782    0.9729343309
  -0.8737266877   -2.1230381617    0.9729343309
  -2.8965807812   -2.4797219164   -0.0653627702
  -1.8202425995   -2.6695093782   -0.0653627702
  -2.8965807812   -1.6764339472   -0.9053627702
  -1.7925454457   -2.0351567730   -0.9053627702
  -1.9448023330    0.3848956305    3.0557097663
  -0.9573231092    0.3848956305    2.7348583169
  -1.6396544713    1.3240441811    2.7348583169
  -2.7436898067    0.9653213552    2.7348583169
  -2.7436898067   -0.1955300942    2.7348583169
  -1.6396544713   -0.5542529200    2.7348583169
  -0.7208357132    1.4119255698    1.8948583169
  -1.6673516251    1.9583967863    1.8948583169
  -2.7436898067    1.7686093245    1.8948583169
  -0.7208357132   -0.6421343087    1.8948583169
  -2.9483102034    2.5492116107    0.9861922254
  -4.0523455388    2.1904887848    0.9861922254
  -2.0294914453    2.6370929994    0.1461922254
  -2.9760073572    3.1835642159    0.1461922254
  -4.0523455388    2.9937767541    0.1461922254
  -2.0294914453    2.6370929994   -0.8921048757
  -2.9760073572    3.1835642159   -0.8921048757
  -4.0523455388    2.9937767541   -0.8921048757
  -2.2659788413    1.6100630601   -1.7321048757
  -2.9483102034    2.5492116107   -1.7321048757
  -4.0523455388    2.1904887848   -1.7321048757
  -4.2037502590   -1.2542142237   -1.8164614193
  -3.1274120774   -1.4440016855   -1.8164614193
  -2.4173835614    0.1294994703   -2.6564614193
  -3.0997149235    1.0686480208   -2.6564614193
  -4.2037502590    0.7099251950   -2.6564614193
  -4.2037502590   -0.4509262545   -2.6564614193
  -3.0997149235   -0.8096490803   -2.6564614193
  -3.4048627853    0.1294994703   -2.9773128688
  -5.4441238002   -1.5126149603    1.9738065696
  -4.3400884647   -1.8713377862    1.9738065696
  -5.4441238002   -2.3159029296    1.1338065696
  -4.3677856185   -2.5056903914    1.1338065696
  -3.4212697067   -1.9592191748    1.1338065696
  -6.1466536542   -1.4786604521    0.0955094685
  -5.4441238002   -2.3159029296    0.0955094685
  -4.3677856185   -2.5056903914    0.0955094685
  -5.4441238002   -1.5126149603   -0.7444905315
  -4.3400884647   -1.8713377862   -0.7444905315
  -4.4952883375    0.5426171328    3.2139053849
  -3.5078091137    0.5426171328    2.8930539355
  -4.1901404758    1.4817656833    2.8930539355
  -5.2941758112    1.1230428575    2.8930539355
  -5.2941758112   -0.0378085919    2.8930539355
  -4.1901404758   -0.3965314178    2.8930539355
  -3.2713217177    1.5696470720    2.0530539355
  -4.2178376296    2.1161182885    2.0530539355
  -5.2941758112    1.9263308267    2.0530539355
  -3.2713217177   -0.4844128065    2.0530539355
  -5.5199879139    2.7120089237    1.1329178750
  -6.6240232493    2.3532860979    1.1329178750
  -4.6011691558    2.7998903124    0.2929178750
  -5.5476850677    3.3463615289    0.2929178750
  -6.6240232493    3.1565740671    0.2929178750
  -4.6011691558    2.7998903124   -0.7453792261
  -5.5476850677    3.3463615289   -0.7453792261
  -6.6240232493    3.1565740671   -0.7453792261
  -7.3265531034    2.3193315896   -0.7453792261
  -5.5199879139    2.7120089237   -1.5853792261
  -6.6240232493    2.3532860979   -1.5853792261
  -7.4773704903    0.8456212456   -1.6619604871
  -7.4773704903   -0.2473211874   -1.6619604871
  -6.7748406362   -1.0845636649   -1.6619604871
  -5.6985024546   -1.2743511266   -1.6619604871
  -4.9884739387    0.2991500291   -2.5019604871
  -5.6708053008    1.2382985796   -2.5019604871
  -6.7748406362    0.8795757538   -2.5019604871
  -6.7748406362   -0.2812756956   -2.5019604871
  -5.6708053008   -0.6399985215   -2.5019604871
  -5.9759531625    0.2991500291   -2.8228119366
  -6.3548473201    1.9960933845    1.6808684202
  -7.3691645813    2.1419301899    1.6808684202
  -8.3013078905    1.7162346044    1.6808684202
  -8.8553283330    0.8541619685    1.6808684202
  -8.6822157954   -1.0507694716    0.6308684202
  -8.3013078905   -1.0326583829   -0.4191315798
  -7.3691645813   -1.4583539684   -0.4191315798
  -7.6353432242   -0.5675385632   -1.1877849277
   7.5145500476   -1.6368386329    1.5495558036
   9.8582033956   -0.7275119589    0.7809024557
   7.7807286905   -2.5276540381    0.7809024557
   8.7950459518   -2.3818172327    0.7809024557
   9.5694986016   -1.7107501917    0.7809024557
   7.2948797848   -2.6910460686   -0.2690975443
   8.2926770762   -2.8122005946   -0.2690975443
   9.2324860158   -2.4557780773   -0.2690975443
   7.7807286905   -2.5276540381   -1.3190975443
   8.7950459518   -2.3818172327   -1.3190975443
   8.5645500476   -1.6368386329   -2.0877508922
   7.2173802093    1.8796637056    0.3552184959
   6.1133448739    1.5209408797    0.3552184959
   8.1361989674    1.9675450942   -0.4847815041
   7.1896830555    2.5140163108   -0.4847815041
   6.1133448739    2.3242288490   -0.4847815041
   8.1361989674    1.9675450942   -1.5230786052
   7.1896830555    2.5140163108   -1.5230786052
   6.1133448739    2.3242288490   -1.5230786052
   7.8997115714    0.9405151550   -2.3630786052
   7.2173802093    1.8796637056   -2.3630786052
   6.1133448739    1.5209408797   -2.3630786052
   8.3809675591   -0.5620486016   -2.4258243212
   5.9843051381   -1.9457622956   -2.4258243212
   7.0606433197   -2.1355497574   -2.4258243212
   8.0071592316   -1.5890785409   -2.4258243212
   7.7706718356   -0.5620486016   -3.2658243212
   7.0883404735    0.3770999489   -3.2658243212
   5.9843051381    0.0183771231   -3.2658243212
   5.9843051381   -1.1424743263   -3.2658243212
   7.0883404735   -1.5011971522   -3.2658243212
   6.7831926118   -0.5620486016   -3.5866757706
   8.1878105102   -0.3094866571    2.3149649624
   9.1752897340   -0.3094866571    1.9941135130
   8.4929583720    0.6296618934    1.9941135130
   7.3889230365    0.2709390676    1.9941135130
   7.3889230365   -0.8899123819    1.9941135130
   8.4929583720   -1.2486352077    1.9941135130
   9.7855854576   -0.3094866571    1.1541135130
   9.4117771300    0.7175432821    1.1541135130
   8.4652612181    1.2640144986    1.1541135130
   7.3889230365    1.0742270368    1.1541135130
  10.4571805913   -0.5117701445   -0.2911191015
  10.0833722637    0.5152597947   -0.2911191015
  10.0833722637   -1.5388000838   -0.2911191015
  10.4571805913   -0.5117701445   -1.3294162026
  10.0833722637    0.5152597947   -1.3294162026
   9.1368563518    1.0617310112   -1.3294162026
  10.0833722637   -1.5388000838   -1.3294162026
   9.8468848678   -0.5117701445   -2.1694162026
   9.1645535057    0.4273784060   -2.1694162026
   9.1645535057   -1.4509186951   -2.1694162026
   8.8594056439   -0.5117701445   -2.4902676521
  -7.1515371991   -0.2807023618    3.5999532429
  -6.1715371991   -0.2807023618    3.3373630343
  -6.6615371991    0.5680025339    3.3373630343
  -7.6415371991    0.5680025339    3.3373630343
  -8.1315371991   -0.2807023618    3.3373630343
  -7.6415371991   -1.1294072575    3.3373630343
  -6.6615371991   -1.1294072575    3.3373630343
  -5.7783038314    0.7170100807    2.6199532429
  -6.6270087271    1.3336302812    2.6199532429
  -7.6760656711    1.3336302812    2.6199532429
  -8.5247705668    0.7170100807    2.6199532429
  -8.8489469905   -0.2807023618    2.6199532429
  -8.5247705668   -1.2784148043    2.6199532429
  -7.6760656711   -1.8950350047    2.6199532429
  -6.6270087271   -1.8950350047    2.6199532429
  -5.7783038314   -1.2784148043    2.6199532429
  -9.1115371991   -0.2807023618    1.6399532429
  -8.8489469905   -1.2607023618    1.6399532429
  -8.1315371991   -1.9781121532    1.6399532429
  -7.1515371991   -2.2407023618    1.6399532429
  -6.1715371991   -1.9781121532    1.6399532429
  -8.5247705668   -1.2784148043    0.6599532429
  -7.6760656711   -1.8950350047    0.6599532429
  -6.6270087271   -1.8950350047    0.6599532429
  -8.8404974343    1.3024891314    1.5305088978
  -8.8404974343    2.1057771006    0.6905088978
  -9.5430272883    1.2685346232    0.6905088978
  -9.5430272883    0.1755921902    0.6905088978
  -7.7641592527    2.2955645624   -0.3477882033
  -8.8404974343    2.1057771006   -0.3477882033
  -9.5430272883    1.2685346232   -0.3477882033
  -9.5430272883    0.1755921902   -0.3477882033
  -8.8404974343   -0.6616502873   -0.3477882033
  -7.7364620988    1.6612119572   -1.1877882033
  -8.8404974343    1.3024891314   -1.1877882033
  -8.8404974343    0.1416376820   -1.1877882033
  -8.0416099606    0.7220634067   -1.5086396528
   8.4365103642    0.8614289415   -2.3915622527
   5.0741138789   -2.4377901469    1.6367163923
   6.0341138789   -2.4377901469    1.6367163923
   5.0402900696   -3.1877928380    0.9339476171
   6.0679376882   -3.1877928380    0.9339476171
   6.8993220758   -2.5837567233    0.9339476171
   4.5941138789   -3.2691745345   -0.0260523829
   5.5541138789   -3.5264057592   -0.0260523829
   6.5141138789   -3.2691745345   -0.0260523829
   4.2089056820   -2.5837567233   -0.9860523829
   5.0402900696   -3.1877928380   -0.9860523829
   6.0679376882   -3.1877928380   -0.9860523829
   5.0741138789   -2.4377901469   -1.6888211582
   6.0341138789   -2.4377901469   -1.6888211582
   5.6924139843   -0.1296324243    2.8281277550
   6.6524139843   -0.1296324243    2.5708965302
   6.1724139843    0.7017519633    2.5708965302
   5.2124139843    0.7017519633    2.5708965302
   4.7324139843   -0.1296324243    2.5708965302
   5.2124139843   -0.9610168119    2.5708965302
   6.1724139843   -0.9610168119    2.5708965302
   7.0376221812    0.8477185398    1.8681277550
   6.2062377936    1.4517546545    1.8681277550
   5.1785901750    1.4517546545    1.8681277550
   6.6524139843    1.5331363510    0.9081277550
   5.6924139843    1.7903675757    0.9081277550
   3.0888954129    1.4352476359   -2.2407680074
   4.8619191562    1.9388489561    0.8263074751
   3.9019191562    1.9388489561    0.8263074751
   5.7271273532    2.0848155326    0.1235386998
   4.8957429655    2.6888516473    0.1235386998
   3.8680953470    2.6888516473    0.1235386998
   5.3419191562    2.7702333438   -0.8364613002
   4.3819191562    3.0274645685   -0.8364613002
   3.4219191562    2.7702333438   -0.8364613002
   4.8957429655    2.6888516473   -1.7964613002
   3.8680953470    2.6888516473   -1.7964613002
   4.8619191562    1.9388489561   -2.4992300755
   3.9019191562    1.9388489561   -2.4992300755
   3.2686815363   -2.0324622586   -1.7660340610
   4.2286815363   -2.2896934833   -1.7660340610
   2.8834733394   -1.3470444474   -2.7260340610
   3.7148577270   -1.9510805621   -2.7260340610
   4.7425053455   -1.9510805621   -2.7260340610
   5.1886815363   -0.3696934833   -3.4288028362
   4.7086815363    0.4616909043   -3.4288028362
   3.7486815363    0.4616909043   -3.4288028362
   3.2686815363   -0.3696934833   -3.4288028362
   3.7486815363   -1.2010778710   -3.4288028362
   4.7086815363   -1.2010778710   -3.4288028362
   4.2286815363   -0.3696934833   -3.6860340610
   2.5130533717   -2.2682384963    1.7947613381
   3.4730533717   -2.2682384963    1.7947613381
   2.4792295625   -3.0182411875    1.0919925628
   3.5068771810   -3.0182411875    1.0919925628
   2.0330533717   -3.0996228840    0.1319925628
   2.9930533717   -3.3568541087    0.1319925628
   3.9530533717   -3.0996228840    0.1319925628
   1.6478451748   -2.4142050728   -0.8280074372
   2.4792295625   -3.0182411875   -0.8280074372
   3.5068771810   -3.0182411875   -0.8280074372
   2.5130533717   -2.2682384963   -1.5307762125
   3.4730533717   -2.2682384963   -1.5307762125
   3.1470166753    0.0382705571    2.9835188689
   4.1070166753    0.0382705571    2.7262876442
   3.6270166753    0.8696549447    2.7262876442
   2.6670166753    0.8696549447    2.7262876442
   2.1870166753    0.0382705571    2.7262876442
   2.6670166753   -0.7931138306    2.7262876442
   3.6270166753   -0.7931138306    2.7262876442
   4.4922248722    1.0156215212    2.0235188689
   3.6608404845    1.6196576359    2.0235188689
   2.6331928660    1.6196576359    2.0235188689
   4.1070166753    1.7010393323    1.0635188689
   3.1470166753    1.9582705571    1.0635188689
   0.5435350752    1.6035088997   -2.0846376725
   2.3195422055    2.1067921311    0.9815121039
   1.3595422055    2.1067921311    0.9815121039
   3.1847504024    2.2527587075    0.2787433286
   2.3533660148    2.8567948223    0.2787433286
   1.3257183963    2.8567948223    0.2787433286
   2.7995422055    2.9381765187   -0.6812566714
   1.8395422055    3.1954077435   -0.6812566714
   0.8795422055    2.9381765187   -0.6812566714
   2.3533660148    2.8567948223   -1.6412566714
   1.3257183963    2.8567948223   -1.6412566714
   2.3195422055    2.1067921311   -2.3440254467
   1.3595422055    2.1067921311   -2.3440254467
   0.7231462026   -1.8645253956   -1.6096416806
   1.6831462026   -2.1217566203   -1.6096416806
   0.3379380057   -1.1791075844   -2.5696416806
   1.1693223933   -1.7831436991   -2.5696416806
   2.1969700119   -1.7831436991   -2.5696416806
   2.6431462026   -0.2017566203   -3.2724104559
   2.1631462026    0.6296277673   -3.2724104559
   1.2031462026    0.6296277673   -3.2724104559
   0.7231462026   -0.2017566203   -3.2724104559
   1.2031462026   -1.0331410079   -3.2724104559
   2.1631462026   -1.0331410079   -3.2724104559
   1.6831462026   -0.2017566203   -3.5296416806
  -0.0329567314   -2.0971689101    1.9561699843
   0.9270432686   -2.0971689101    1.9561699843
  -0.0667805406   -2.8471716013    1.2534012091
   0.9608670779   -2.8471716013    1.2534012091
  -0.5129567314   -2.9285532977    0.2934012091
   0.4470432686   -3.1857845225    0.2934012091
   1.4070432686   -2.9285532977    0.2934012091
  -0.8981649283   -2.2431354865   -0.6665987909
  -0.0667805406   -2.8471716013   -0.6665987909
   0.9608670779   -2.8471716013   -0.6665987909
  -0.0329567314   -2.0971689101   -1.3693675662
   0.9270432686   -2.0971689101   -1.3693675662
   0.6017133779    0.2124390068    3.1398030422
   1.5617133779    0.2124390068    2.8825718174
   1.0817133779    1.0438233944    2.8825718174
   0.1217133779    1.0438233944    2.8825718174
  -0.3582866221    0.2124390068    2.8825718174
   0.1217133779   -0.6189453808    2.8825718174
   1.0817133779   -0.6189453808    2.8825718174
   1.9469215748    1.1897899709    2.1798030422
   1.1155371872    1.7938260856    2.1798030422
   0.0878895687    1.7938260856    2.1798030422
   1.5617133779    1.8752077820    1.2198030422
   0.6017133779    2.1324390068    1.2198030422
  -2.0018697916    1.7721097936   -1.9284795203
  -0.2264109650    2.2752085756    1.1354386716
  -1.1864109650    2.2752085756    1.1354386716
   0.6387972319    2.4211751520    0.4326698963
  -0.1925871557    3.0252112667    0.4326698963
  -1.2202347743    3.0252112667    0.4326698963
   0.2535890350    3.1065929632   -0.5273301037
  -0.7064109650    3.3638241879   -0.5273301037
  -1.6664109650    3.1065929632   -0.5273301037
  -0.1925871557    3.0252112667   -1.4873301037
  -1.2202347743    3.0252112667   -1.4873301037
  -0.2264109650    2.2752085756   -2.1900988789
  -1.1864109650    2.2752085756   -2.1900988789
  -1.8218696682   -1.6981965927   -1.4526773248
  -0.8618696682   -1.9554278174   -1.4526773248
  -2.2070778651   -1.0127787815   -2.4126773248
  -1.3756934775   -1.6168148962   -2.4126773248
  -0.3480458589   -1.6168148962   -2.4126773248
   0.0981303318   -0.0354278174   -3.1154461001
  -0.3818696682    0.7959565702   -3.1154461001
  -1.3418696682    0.7959565702   -3.1154461001
  -1.8218696682   -0.0354278174   -3.1154461001
  -1.3418696682   -0.8668122050   -3.1154461001
  -0.3818696682   -0.8668122050   -3.1154461001
  -0.8618696682   -0.0354278174   -3.3726773248
  -2.5776933075   -1.9273926101    2.1165545556
  -1.6176933075   -1.9273926101    2.1165545556
  -2.6115171168   -2.6773953013    1.4137857804
  -1.5838694982   -2.6773953013    1.4137857804
  -3.0576933075   -2.7587769977    0.4537857804
  -2.0976933075   -3.0160082225    0.4537857804
  -1.1376933075   -2.7587769977    0.4537857804
  -3.4429015044   -2.0733591865   -0.5062142196
  -2.6115171168   -2.6773953013   -0.5062142196
  -1.5838694982   -2.6773953013   -0.5062142196
  -2.5776933075   -1.9273926101   -1.2089829949
  -1.6176933075   -1.9273926101   -1.2089829949
  -1.9448023330    0.3848956305    3.2957097663
  -0.9848023330    0.3848956305    3.0384785416
  -1.4648023330    1.2162800182    3.0384785416
  -2.4248023330    1.2162800182    3.0384785416
  -2.9048023330    0.3848956305    3.0384785416
  -2.4248023330   -0.4464887571    3.0384785416
  -1.4648023330   -0.4464887571    3.0384785416
  -0.5995941361    1.3622465946    2.3357097663
  -1.4309785237    1.9662827093    2.3357097663
  -2.4586261423    1.9662827093    2.3357097663
  -0.9848023330    2.0476644058    1.3757097663
  -1.9448023330    2.3048956305    1.3757097663
  -4.5469759754    1.9381467722   -1.7731688012
  -2.7734580651    2.4414474477    1.2898124501
  -3.7334580651    2.4414474477    1.2898124501
  -1.9082498682    2.5874140242    0.5870436748
  -2.7396342558    3.1914501389    0.5870436748
  -3.7672818744    3.1914501389    0.5870436748
  -2.2934580651    3.2728318354   -0.3729563252
  -3.2534580651    3.5300630601   -0.3729563252
  -4.2134580651    3.2728318354   -0.3729563252
  -2.7396342558    3.1914501389   -1.3329563252
  -3.7672818744    3.1914501389   -1.3329563252
  -2.7734580651    2.4414474477   -2.0357251004
  -3.7334580651    2.4414474477   -2.0357251004
  -4.3648627853   -1.5332693050   -1.2973128688
  -3.4048627853   -1.7905005297   -1.2973128688
  -4.7500709822   -0.8478514938   -2.2573128688
  -3.9186865946   -1.4518876085   -2.2573128688
  -2.8910389760   -1.4518876085   -2.2573128688
  -2.4448627853    0.1294994703   -2.9600816440
  -2.9248627853    0.9608838579   -2.9600816440
  -3.8848627853    0.9608838579   -2.9600816440
  -4.3648627853    0.1294994703   -2.9600816440
  -3.8848627853   -0.7018849174   -2.9600816440
  -2.9248627853   -0.7018849174   -2.9600816440
  -3.4048627853    0.1294994703   -3.2173128688
  -5.1252363265   -1.7635736232    2.2774267943
  -4.1652363265   -1.7635736232    2.2774267943
  -5.1590601357   -2.5135763144    1.5746580190
  -4.1314125172   -2.5135763144    1.5746580190
  -5.6052363265   -2.5949580109    0.6146580190
  -4.6452363265   -2.8521892356    0.6146580190
  -3.6852363265   -2.5949580109    0.6146580190
  -5.9904445234   -1.9095401997   -0.3453419810
  -5.1590601357   -2.5135763144   -0.3453419810
  -4.1314125172   -2.5135763144   -0.3453419810
  -5.1252363265   -1.7635736232   -1.0481107562
  -4.1652363265   -1.7635736232   -1.0481107562
  -4.4952883375    0.5426171328    3.4539053849
  -3.5352883375    0.5426171328    3.1966741602
  -4.0152883375    1.3740015204    3.1966741602
  -4.9752883375    1.3740015204    3.1966741602
  -5.4552883375    0.5426171328    3.1966741602
  -4.9752883375   -0.2887672548    3.1966741602
  -4.0152883375   -0.2887672548    3.1966741602
  -3.1500801406    1.5199680969    2.4939053849
  -3.9814645282    2.1240042116    2.4939053849
  -5.0091121468    2.1240042116    2.4939053849
  -5.8404965344    1.5199680969    2.4939053849
  -3.5352883375    2.2053859081    1.5339053849
  -4.4952883375    2.4626171328    1.5339053849
  -6.3719107476   -1.5998632162   -0.6563984490
  -5.3451357756    2.6042447608    1.4365380997
  -6.3051357756    2.6042447608    1.4365380997
  -4.4799275787    2.7502113372    0.7337693245
  -5.3113119664    3.3542474519    0.7337693245
  -6.3389595849    3.3542474519    0.7337693245
  -7.1703439725    2.7502113372    0.7337693245
  -4.8651357756    3.4356291484   -0.2262306755
  -5.8251357756    3.6928603731   -0.2262306755
  -6.7851357756    3.4356291484   -0.2262306755
  -7.4879045509    2.7328603731   -0.2262306755
  -5.3113119664    3.3542474519   -1.1862306755
  -6.3389595849    3.3542474519   -1.1862306755
  -7.1703439725    2.7502113372   -1.1862306755
  -5.3451357756    2.6042447608   -1.8889994508
  -6.3051357756    2.6042447608   -1.8889994508
  -6.9359531625   -1.3636187462   -1.1428119366
  -5.9759531625   -1.6208499709   -1.1428119366
  -6.4897769718    1.8805371079   -2.1028119366
  -7.3211613594    1.2765009932   -2.1028119366
  -7.6387219378    0.2991500291   -2.1028119366
  -7.3211613594   -0.6782009350   -2.1028119366
  -6.4897769718   -1.2822370497   -2.1028119366
  -5.4621293533   -1.2822370497   -2.1028119366
  -5.0159531625    0.2991500291   -2.8055807118
  -5.4959531625    1.1305344167   -2.8055807118
  -6.4559531625    1.1305344167   -2.8055807118
  -6.9359531625    0.2991500291   -2.8055807118
  -6.4559531625   -0.5322343585   -2.8055807118
  -5.4959531625   -0.5322343585   -2.8055807118
  -5.9759531625    0.2991500291   -3.0628119366
  -6.3308603392    2.0486175462    2.1272439447
  -7.3773821546    2.1990846674    2.1272439447
  -8.3391209965    1.7598732550    2.1272439447
  -7.6310037112    2.6229507522    1.1649186617
  -7.6310037112    2.6229507522    0.0968181787
  -8.5692014901   -1.4875622930    0.0968181787
  -7.6310037112   -1.9393745307    0.0968181787
  -6.5896827373   -1.9393745307    0.0968181787
  -8.3391209965   -1.0762970335   -0.8655071043
  -7.3773821546   -1.5155084459   -0.8655071043
   7.5188895607   -1.6293223758    1.8932277387
   7.7725111173   -2.5848085156    1.2272779802
   8.8190329327   -2.4343413944    1.2272779802
   9.6180744397   -1.7419679873    1.2272779802
   9.4984083135    1.1018384448    0.2649526972
   8.5602105346    1.5536506825    0.2649526972
   7.5188895607   -3.0086746004    0.2649526972
   8.5602105346   -3.0086746004    0.2649526972
   9.4984083135   -2.5568623627    0.2649526972
  10.1476613212   -1.7427248419    0.2649526972
   7.5188895607   -3.0086746004   -0.8031477858
   8.5602105346   -3.0086746004   -0.8031477858
   9.4984083135   -2.5568623627   -0.8031477858
   7.7725111173   -2.5848085156   -1.7654730688
   8.8190329327   -2.4343413944   -1.7654730688
   8.5602105346   -1.6293223758   -2.4314228273
   7.3922323476    1.7718995426    0.6588387206
   6.4322323476    1.7718995426    0.6588387206
   8.2574405445    1.9178661191   -0.0439300546
   7.4260561569    2.5219022338   -0.0439300546
   6.3984085383    2.5219022338   -0.0439300546
   8.5750011229    1.9005151550   -1.0039300546
   7.8722323476    2.6032839303   -1.0039300546
   6.9122323476    2.8605151550   -1.0039300546
   5.9522323476    2.6032839303   -1.0039300546
   8.2574405445    1.9178661191   -1.9639300546
   7.4260561569    2.5219022338   -1.9639300546
   6.3984085383    2.5219022338   -1.9639300546
   7.3922323476    1.7718995426   -2.6666988299
   6.4322323476    1.7718995426   -2.6666988299
   5.8231926118   -2.2248173769   -1.9066757706
   6.7831926118   -2.4820486016   -1.9066757706
   8.4459613870   -0.5620486016   -2.8666757706
   8.1284008087    0.4153023625   -2.8666757706
   5.4379844149   -1.5393995657   -2.8666757706
   6.2693688025   -2.1434356804   -2.8666757706
   7.2970164210   -2.1434356804   -2.8666757706
   8.1284008087   -1.5393995657   -2.8666757706
   7.7431926118   -0.5620486016   -3.5694445459
   7.2631926118    0.2693357860   -3.5694445459
   6.3031926118    0.2693357860   -3.5694445459
   5.8231926118   -0.5620486016   -3.5694445459
   6.3031926118   -1.3934329892   -3.5694445459
   7.2631926118   -1.3934329892   -3.5694445459
   6.7831926118   -0.5620486016   -3.8266757706
   8.1878105102   -0.3094866571    2.5549649624
   9.1478105102   -0.3094866571    2.2977337377
   8.6678105102    0.5218977305    2.2977337377
   7.7078105102    0.5218977305    2.2977337377
   7.2278105102   -0.3094866571    2.2977337377
   7.7078105102   -1.1408710448    2.2977337377
   8.6678105102   -1.1408710448    2.2977337377
   9.8505792855   -0.3094866571    1.5949649624
   9.5330187071    0.6678643069    1.5949649624
   8.7016343195    1.2719004217    1.5949649624
   7.6739867009    1.2719004217    1.5949649624
   9.5330187071   -1.2868376212    1.5949649624
   9.8505792855    0.6505133429    0.6349649624
   9.1478105102    1.3532821181    0.6349649624
   8.1878105102    1.6105133429    0.6349649624
  10.5221744192   -0.5117701445    0.1497323479
  10.2046138408    0.4655808195    0.1497323479
  10.7794056439   -0.5117701445   -0.8102676521
  10.5221744192    0.4482298555   -0.8102676521
   9.8194056439    1.1509986307   -0.8102676521
  10.5221744192   -1.4717701445   -0.8102676521
  10.5221744192   -0.5117701445   -1.7702676521
  10.2046138408    0.4655808195   -1.7702676521
   9.3732294532    1.0696169343   -1.7702676521
   9.3732294532   -2.0931572234   -1.7702676521
  10.2046138408   -1.4891211086   -1.7702676521
   9.8194056439   -0.5117701445   -2.4730364273
   9.3394056439    0.3196142431   -2.4730364273
   9.3394056439   -1.3431545322   -2.4730364273
   8.8594056439   -0.5117701445   -2.7302676521
  -7.1515371991   -0.2807023618    3.8799532429
  -6.1796376235   -0.2807023618    3.6581235070
  -6.6655874113    0.5609873606    3.6581235070
  -7.6374869869    0.5609873606    3.6581235070
  -8.1234367747   -0.2807023618    3.6581235070
  -7.6374869869   -1.1223920842    3.6581235070
  -6.6655874113   -1.1223920842    3.6581235070
  -5.4002346784   -0.2807023618    3.0365703990
  -5.7347036975    0.7486874322    3.0365703990
  -6.6103549579    1.3848853126    3.0365703990
  -7.6927194403    1.3848853126    3.0365703990
  -8.5683707007    0.7486874322    3.0365703990
  -8.9028397198   -0.2807023618    3.0365703990
  -8.5683707007   -1.3100921558    3.0365703990
  -7.6927194403   -1.9462900361    3.0365703990
  -6.6103549579   -1.9462900361    3.0365703990
  -5.7347036975   -1.3100921558    3.0365703990
  -8.7861638060    1.1674504450    2.1384001349
  -9.2719173439    0.2419244051    2.1384001349
  -9.2719173439   -0.8033291287    2.1384001349
  -8.7861638060   -1.7288551685    2.1384001349
  -7.9259370120   -2.3226268525    2.1384001349
  -6.8883045533   -2.4486182434    2.1384001349
  -5.9109755215   -2.0779662322    2.1384001349
  -9.2719173439   -0.8033291287    1.1415063508
  -8.7861638060   -1.7288551685    1.1415063508
  -7.9259370120   -2.3226268525    1.1415063508
  -6.8883045533   -2.4486182434    1.1415063508
  -8.5554337699    2.3034504855    1.1313603472
  -9.3868181575    1.6994143708    1.1313603472
  -9.7043787359    0.7220634067    1.1313603472
  -9.3868181575   -0.2552875574    1.1313603472
  -8.0416099606    2.6420634067    0.1713603472
  -9.0016099606    2.3848321820    0.1713603472
  -9.7043787359    1.6820634067    0.1713603472
  -9.9616099606    0.7220634067    0.1713603472
  -9.7043787359   -0.2379365933    0.1713603472
  -8.5554337699    2.3034504855   -0.7886396528
  -9.3868181575    1.6994143708   -0.7886396528
  -9.7043787359    0.7220634067   -0.7886396528
  -9.3868181575   -0.2552875574   -0.7886396528
  -8.5216099606    1.5534477943   -1.4914084280
  -9.0016099606    0.7220634067   -1.4914084280
  -8.5216099606   -0.1093209809   -1.4914084280
  -8.0416099606    0.7220634067   -1.7486396528
   8.4640973821    0.8791580413   -2.8043750375
   5.6077335147    1.2898411652   -2.8043750375
   4.3516463817   -1.9602471085    1.7952776120
   5.3301930137   -2.4071343815   -2.0230990064
   5.0141138789   -2.5417131953    1.8445624893
   6.0941138789   -2.5417131953    1.8445624893
   4.3291216508   -3.0201221526    1.0539476171
   5.2878976259   -3.4579804692    1.0539476171
   6.3311953804   -3.3079768979    1.0539476171
   4.7881673229   -3.6260408434   -0.0260523829
   5.8144731083   -3.7506569273   -0.0260523829
   6.7811337319   -3.3840509095   -0.0260523829
   4.3291216508   -3.0201221526   -1.1060523829
   5.2878976259   -3.4579804692   -1.1060523829
   6.3311953804   -3.3079768979   -1.1060523829
   5.0141138789   -2.5417131953   -1.8966672551
   5.6924139843   -0.1296324243    3.0681277550
   6.7724139843   -0.1296324243    2.7787426272
   6.2324139843    0.8056750118    2.7787426272
   5.1524139843    0.8056750118    2.7787426272
   4.6124139843   -0.1296324243    2.7787426272
   5.1524139843   -1.0649398604    2.7787426272
   6.2324139843   -1.0649398604    2.7787426272
   6.4694954857    1.5719387144    1.9881277550
   5.4261977313    1.7219422857    1.9881277550
   5.9527732136    2.0146187437    0.9081277550
   3.0674207277    1.4600307438   -2.6535807922
   4.9219191562    2.0427720046    1.0341535720
   5.1590006577    2.8090357072    0.2435386998
   4.1157029032    2.9590392785    0.2435386998
   5.6089390092    2.8851097188   -0.8364613002
   4.6422783856    3.2517157366   -0.8364613002
   3.6159726002    3.1270996527   -0.8364613002
   5.1590006577    2.8090357072   -1.9164613002
   4.1157029032    2.9590392785   -1.9164613002
   3.1569269281    2.5211809619   -1.9164613002
   4.9219191562    2.0427720046   -2.7070761724
   3.8419191562    2.0427720046   -2.7070761724
   3.4627349802   -2.3893285675   -1.7660340610
   4.4890407656   -2.5139446514   -1.7660340610
   3.0036893081   -1.7834098768   -2.8460340610
   3.9624652833   -2.2212681933   -2.8460340610
   5.0057630377   -2.0712646220   -2.8460340610
   5.3086815363   -0.3696934833   -3.6366489331
   4.7686815363    0.5656139528   -3.6366489331
   3.6886815363    0.5656139528   -3.6366489331
   3.1486815363   -0.3696934833   -3.6366489331
   3.6886815363   -1.3050009194   -3.6366489331
   4.7686815363   -1.3050009194   -3.6366489331
   4.2286815363   -0.3696934833   -3.9260340610
   1.8084305061   -1.7897898718    1.9505565154
   2.7869771380   -2.2366771448   -1.8678201030
   2.4530533717   -2.3721615448    2.0026074350
   3.5330533717   -2.3721615448    2.0026074350
   1.7680611436   -2.8505705021    1.2119925628
   2.7268371187   -3.2884288187    1.2119925628
   3.7701348732   -3.1384252474    1.2119925628
   2.2271068157   -3.4564891929    0.1319925628
   3.2534126011   -3.5811052768    0.1319925628
   1.7680611436   -2.8505705021   -0.9480074372
   2.7268371187   -3.2884288187   -0.9480074372
   3.7701348732   -3.1384252474   -0.9480074372
   2.4530533717   -2.3721615448   -1.7386223094
   3.1470166753    0.0382705571    3.2235188689
   4.2270166753    0.0382705571    2.9341337411
   3.6870166753    0.9735779932    2.9341337411
   2.6070166753    0.9735779932    2.9341337411
   2.0670166753    0.0382705571    2.9341337411
   2.6070166753   -0.8970368790    2.9341337411
   3.6870166753   -0.8970368790    2.9341337411
   3.9240981767    1.7398416958    2.1435188689
   2.8808004222    1.8898452671    2.1435188689
   3.4073759046    2.1825217251    1.0635188689
   0.5220603900    1.6282920076   -2.4974504573
   2.3795422055    2.2107151796    1.1893582008
   2.6166237070    2.9769788822    0.3987433286
   1.5733259525    3.1269824534    0.3987433286
   3.0665620585    3.0530528938   -0.6812566714
   2.0999014349    3.4196589115   -0.6812566714
   1.0735956495    3.2950428277   -0.6812566714
   2.6166237070    2.9769788822   -1.7612566714
   1.5733259525    3.1269824534   -1.7612566714
   0.6145499774    2.6891241369   -1.7612566714
   2.3795422055    2.2107151796   -2.5518715436
   1.2995422055    2.2107151796   -2.5518715436
   0.9171996466   -2.2213917045   -1.6096416806
   1.9435054320   -2.3460077883   -1.6096416806
   0.4581539745   -1.6154730137   -2.6896416806
   1.4169299496   -2.0533313303   -2.6896416806
   2.4602277041   -1.9033277590   -2.6896416806
   2.7631462026   -0.2017566203   -3.4802565528
   2.2231462026    0.7335508158   -3.4802565528
   1.1431462026    0.7335508158   -3.4802565528
   0.6031462026   -0.2017566203   -3.4802565528
   1.1431462026   -1.1370640564   -3.4802565528
   2.2231462026   -1.1370640564   -3.4802565528
   1.6831462026   -0.2017566203   -3.7696416806
  -0.7366643630   -1.6189602468    2.1081289513
   0.2418822689   -2.0658475198   -1.7102476671
  -0.0929567314   -2.2010919586    2.1640160812
   0.9870432686   -2.2010919586    2.1640160812
  -0.7779489595   -2.6795009159    1.3734012091
   0.1808270156   -3.1173592324    1.3734012091
   1.2241247701   -2.9673556612    1.3734012091
  -0.3189032874   -3.2854196067    0.2934012091
   0.7074024980   -3.4100356905    0.2934012091
  -0.7779489595   -2.6795009159   -0.7865987909
   0.1808270156   -3.1173592324   -0.7865987909
   1.2241247701   -2.9673556612   -0.7865987909
  -0.0929567314   -2.2010919586   -1.5772136631
   0.6017133779    0.2124390068    3.3798030422
   1.6817133779    0.2124390068    3.0904179144
   1.1417133779    1.1477464429    3.0904179144
   0.0617133779    1.1477464429    3.0904179144
  -0.4782866221    0.2124390068    3.0904179144
   0.0617133779   -0.7228684293    3.0904179144
   1.1417133779   -0.7228684293    3.0904179144
   1.3787948794    1.9140101455    2.2998030422
   0.3354971249    2.0640137168    2.2998030422
   0.8620726073    2.3566901748    1.2198030422
  -2.0233444768    1.7968929015   -2.3412923050
  -0.1664109650    2.3791316240    1.3432847685
   0.0706705365    3.1453953266    0.5526698963
  -0.9726272180    3.2953988979    0.5526698963
   0.5206088880    3.2214693382   -0.5273301037
  -0.4460517356    3.5880753560   -0.5273301037
  -1.4723575210    3.4634592721   -0.5273301037
   0.0706705365    3.1453953266   -1.6073301037
  -0.9726272180    3.2953988979   -1.6073301037
  -1.9314031931    2.8575405813   -1.6073301037
  -0.1664109650    2.3791316240   -2.3979449758
  -1.2464109650    2.3791316240   -2.3979449758
  -1.6278162242   -2.0550629016   -1.4526773248
  -0.6015104389   -2.1796789855   -1.4526773248
  -2.0868618963   -1.4491442108   -2.5326773248
  -1.1280859212   -1.8870025274   -2.5326773248
  -0.0847881668   -1.7369989561   -2.5326773248
   0.2181303318   -0.0354278174   -3.3232921970
  -0.3218696682    0.8998796187   -3.3232921970
  -1.4018696682    0.8998796187   -3.3232921970
  -1.9418696682   -0.0354278174   -3.3232921970
  -1.4018696682   -0.9707352535   -3.3232921970
  -0.3218696682   -0.9707352535   -3.3232921970
  -0.8618696682   -0.0354278174   -3.6126773248
  -3.2814977713   -1.4496516043    2.2653304998
  -2.3029511393   -1.8965388773   -1.5530461186
  -2.6376933075   -2.0313156585    2.3244006525
  -1.5576933075   -2.0313156585    2.3244006525
  -3.3226855356   -2.5097246159    1.5337857804
  -2.3639095605   -2.9475829324    1.5337857804
  -1.3206118060   -2.7975793612    1.5337857804
  -2.8636398635   -3.1156433067    0.4537857804
  -1.8373340781   -3.2402593905    0.4537857804
  -3.3226855356   -2.5097246159   -0.6262142196
  -2.3639095605   -2.9475829324   -0.6262142196
  -1.3206118060   -2.7975793612   -0.6262142196
  -2.6376933075   -2.0313156585   -1.4168290918
  -1.9448023330    0.3848956305    3.5357097663
  -0.8648023330    0.3848956305    3.2463246385
  -1.4048023330    1.3202030666    3.2463246385
  -2.4848023330    1.3202030666    3.2463246385
  -3.0248023330    0.3848956305    3.2463246385
  -2.4848023330   -0.5504118056    3.2463246385
  -1.4048023330   -0.5504118056    3.2463246385
  -1.1677208316    2.0864667692    2.4557097663
  -2.2110185860    2.2364703405    2.4557097663
  -1.6844431037    2.5291467986    1.3757097663
  -4.5684506605    1.9629298800   -2.1859815859
  -2.7134580651    2.5453704962    1.4976585470
  -2.4763765637    3.3116341988    0.7070436748
  -3.5196743181    3.4616377701    0.7070436748
  -2.0264382122    3.3877082104   -0.3729563252
  -2.9930988358    3.7543142282   -0.3729563252
  -4.0194046211    3.6296981443   -0.3729563252
  -2.4763765637    3.3116341988   -1.4529563252
  -3.5196743181    3.4616377701   -1.4529563252
  -4.4784502932    3.0237794535   -1.4529563252
  -2.7134580651    2.5453704962   -2.2435711973
  -3.7934580651    2.5453704962   -2.2435711973
  -4.1708093413   -1.8901356139   -1.2973128688
  -3.1445035559   -2.0147516978   -1.2973128688
  -4.6298550134   -1.2842169232   -2.3773128688
  -3.6710790383   -1.7220752397   -2.3773128688
  -2.6277812839   -1.5720716684   -2.3773128688
  -2.3248627853    0.1294994703   -3.1679277409
  -2.8648627853    1.0648069064   -3.1679277409
  -3.9448627853    1.0648069064   -3.1679277409
  -4.4848627853    0.1294994703   -3.1679277409
  -3.9448627853   -0.8058079658   -3.1679277409
  -2.8648627853   -0.8058079658   -3.1679277409
  -3.4048627853    0.1294994703   -3.4573128688
  -4.8435614979   -1.7360310863   -1.3937736423
  -5.1852363265   -1.8674966717    2.4852728912
  -4.1052363265   -1.8674966717    2.4852728912
  -4.9114525795   -2.7837639456    1.6946580190
  -3.8681548250   -2.6337603743    1.6946580190
  -5.4111828825   -2.9518243198    0.6146580190
  -4.3848770971   -3.0764404037    0.6146580190
  -5.8702285546   -2.3459056290   -0.4653419810
  -4.9114525795   -2.7837639456   -0.4653419810
  -3.8681548250   -2.6337603743   -0.4653419810
  -5.1852363265   -1.8674966717   -1.2559568531
  -4.4952883375    0.5426171328    3.6939053849
  -3.4152883375    0.5426171328    3.4045202571
  -3.9552883375    1.4779245689    3.4045202571
  -5.0352883375    1.4779245689    3.4045202571
  -5.0352883375   -0.3926903033    3.4045202571
  -3.9552883375   -0.3926903033    3.4045202571
  -3.7182068361    2.2441882715    2.6139053849
  -4.7615045905    2.3941918428    2.6139053849
  -5.7202805656    1.9563335262    2.6139053849
  -4.2349291082    2.6868683008    1.5339053849
  -7.1015027181    2.1241676773   -2.0315365168
  -5.2851357756    2.7081678092    1.6443841967
  -5.0480542742    3.4744315119    0.8537693245
  -6.0913520286    3.6244350831    0.8537693245
  -7.0501280038    3.1865767666    0.8537693245
  -4.5981159227    3.5505055235   -0.2262306755
  -5.5647765463    3.9171115412   -0.2262306755
  -6.5910823316    3.7924954573   -0.2262306755
  -7.4419189917    3.2052053149   -0.2262306755
  -5.0480542742    3.4744315119   -1.3062306755
  -6.0913520286    3.6244350831   -1.3062306755
  -7.0501280038    3.1865767666   -1.3062306755
  -5.2851357756    2.7081678092   -2.0968455477
  -6.3651357756    2.7081678092   -2.0968455477
  -6.7418997186   -1.7204850551   -1.1428119366
  -5.7155939332   -1.8451011390   -1.1428119366
  -7.2009453907    1.7128664225   -2.2228119366
  -7.7707949887    0.8261631399   -2.2228119366
  -7.7707949887   -0.2278630817   -2.2228119366
  -7.2009453907   -1.1145663643   -2.2228119366
  -6.2421694155   -1.5524246809   -2.2228119366
  -5.1988716611   -1.4024211096   -2.2228119366
  -4.8959531625    0.2991500291   -3.0134268087
  -5.4359531625    1.2344574652   -3.0134268087
  -6.5159531625    1.2344574652   -3.0134268087
  -7.0559531625    0.2991500291   -3.0134268087
  -6.5159531625   -0.6361574070   -3.0134268087
  -5.4359531625   -0.6361574070   -3.0134268087
  -5.9759531625    0.2991500291   -3.3028119366
  -6.3172377380    2.0784468820    2.5400567294
  -7.3820490497    2.2315436358    2.5400567294
  -8.3605956817    1.7846563628    2.5400567294
  -6.5552703759    2.7737211588    1.6641136876
  -7.6654160726    2.7737211588    1.6641136876
  -8.6656227842    2.2920469930    1.6641136876
  -9.6048179620    0.3417881108    1.6641136876
  -8.1435884916    2.8362628485    0.6308684202
  -8.6656227842   -1.6084707715   -0.4023768472
  -7.6654160726   -2.0901449373   -0.4023768472
  -6.5552703759   -2.0901449373   -0.4023768472
  -8.3605956817   -1.1010801413   -1.2783198890
  -7.3820490497   -1.5479674143   -1.2783198890
   7.5229274139   -1.6223286088    2.2253771935
   7.7678442222   -2.6172674840    1.6400907649
   8.8326555339   -2.4641707302    1.6400907649
   9.6456614576   -1.7596970871    1.6400907649
  10.5340247854   -0.7275119589    0.7641477231
  10.2869941281    0.3548000674    0.7641477231
   7.4844771993   -3.1594450070    0.7641477231
   8.5946228960   -3.1594450070    0.7641477231
   9.5948296076   -2.6777708412    0.7641477231
  10.2869941281   -1.8098239853    0.7641477231
   9.0727953150    1.7669627788   -0.2690975443
   7.0063047803   -3.2219866967   -0.2690975443
   8.0395500476   -3.4275119589   -0.2690975443
   9.0727953150   -3.2219866967   -0.2690975443
   9.9487383568   -2.6367002682   -0.2690975443
   7.4844771993   -3.1594450070   -1.3023428117
   8.5946228960   -3.1594450070   -1.3023428117
   9.5948296076   -2.6777708412   -1.3023428117
   7.7678442222   -2.6172674840   -2.1782858535
   8.8326555339   -2.4641707302   -2.1782858535
   8.5561726813   -1.6223286088   -2.7635722821
   7.4522323476    1.8758225911    0.8666848175
   8.4858937174    1.9518459086    0.0760699454
   7.6893138490    2.6420862937    0.0760699454
   6.6460160946    2.7920898650    0.0760699454
   8.8248173630    1.9443172066   -1.0039300546
   8.1392522005    2.7181603053   -1.0039300546
   7.1725915769    3.0847663231   -1.0039300546
   6.1462857916    2.9601502392   -1.0039300546
   8.4858937174    1.9518459086   -2.0839300546
   7.6893138490    2.6420862937   -2.0839300546
   6.6460160946    2.7920898650   -2.0839300546
   5.6872401195    2.3542315484   -2.0839300546
   7.4522323476    1.8758225911   -2.8745449268
   6.3722323476    1.8758225911   -2.8745449268
   6.0172460558   -2.5816836858   -1.9066757706
   7.0435518411   -2.7062997697   -1.9066757706
   8.6538074839   -0.5620486016   -2.9866757706
   5.5582003836   -1.9757649950   -2.9866757706
   6.5169763588   -2.4136233116   -2.9866757706
   7.5602741132   -2.2636197403   -2.9866757706
   8.3568539816   -1.5733793553   -2.9866757706
   7.8631926118   -0.5620486016   -3.7772906428
   7.3231926118    0.3732588345   -3.7772906428
   6.2431926118    0.3732588345   -3.7772906428
   5.7031926118   -0.5620486016   -3.7772906428
   6.2431926118   -1.4973560377   -3.7772906428
   7.3231926118   -1.4973560377   -3.7772906428
   6.7831926118   -0.5620486016   -4.0666757706
   8.1878105102   -0.3094866571    2.7949649624
   9.2678105102   -0.3094866571    2.5055798346
   8.7278105102    0.6258207790    2.5055798346
   7.6478105102    0.6258207790    2.5055798346
   7.6478105102   -1.2447940932    2.5055798346
   8.7278105102   -1.2447940932    2.5055798346
  10.0584253824   -0.3094866571    1.7149649624
   9.7614718800    0.7018440965    1.7149649624
   8.9648920116    1.3920844816    1.7149649624
   7.9215942572    1.5420880528    1.7149649624
   9.4148303631    1.4681584932    0.6349649624
   8.4481697395    1.8347645109    0.6349649624
  10.7300205161   -0.5117701445    0.2697323479
  10.4330670137    0.4995606091    0.2697323479
  11.0194056439   -0.5117701445   -0.8102676521
  10.7719906593    0.4920319071   -0.8102676521
  10.0864254968    1.2658750058   -0.8102676521
  10.7719906593   -1.5155721962   -0.8102676521
  10.7300205161   -0.5117701445   -1.8902676521
  10.4330670137    0.4995606091   -1.8902676521
   9.6364871454    1.1898009942   -1.8902676521
   9.6364871454   -2.2133412833   -1.8902676521
  10.4330670137   -1.5231008982   -1.8902676521
   9.9394056439   -0.5117701445   -2.6808825243
   9.3994056439    0.4235372915   -2.6808825243
   9.3994056439   -1.4470775806   -2.6808825243
   8.8594056439   -0.5117701445   -2.9702676521
  -7.1515371991   -0.2807023618    4.1599532429
  -6.0581501765   -0.2807023618    3.9103947900
  -6.6048436878    0.6661985759    3.9103947900
  -7.6982307104    0.6661985759    3.9103947900
  -8.2449242217   -0.2807023618    3.9103947900
  -7.6982307104   -1.2276032995    3.9103947900
  -6.6048436878   -1.2276032995    3.9103947900
  -6.3330801698    1.5114685454    3.2111475436
  -7.4319280760    1.6694590227    3.2111475436
  -8.4417538599    1.2082870397    3.2111475436
  -9.0419449703    0.2743714423    3.2111475436
  -9.0419449703   -0.8357761659    3.2111475436
  -8.4417538599   -1.7696917632    3.2111475436
  -7.4319280760   -2.2308637463    3.2111475436
  -6.3330801698   -2.0728732690    3.2111475436
  -5.4940865874   -1.3458811915    3.2111475436
  -9.3650540364    0.7852711654    2.2007059964
  -9.6083555378   -0.2807023618    2.2007059964
  -9.3650540364   -1.3466758889    2.2007059964
  -8.6833383783   -2.2015202857    2.2007059964
  -7.6982307104   -2.6759231353    2.2007059964
  -6.6048436878   -2.6759231353    2.2007059964
  -5.6197360199   -2.2015202857    2.2007059964
  -9.3650540364   -1.3466758889    1.0792004893
  -8.6833383783   -2.2015202857    1.0792004893
  -7.6982307104   -2.6759231353    1.0792004893
  -6.6048436878   -2.6759231353    1.0792004893
  -9.2666021887    2.1357798001    1.2513603472
  -9.8364517868    1.2490765175    1.2513603472
  -9.8364517868    0.1950502959    1.2513603472
  -8.8075565166    2.7416984909    0.1713603472
  -9.6583931766    2.1544083485    0.1713603472
 -10.1388442862    1.2389852415    0.1713603472
 -10.1388442862    0.2051415718    0.1713603472
  -9.6583931766   -0.7102815351    0.1713603472
  -8.3078262136    2.5736381167   -0.9086396528
  -9.2666021887    2.1357798001   -0.9086396528
  -9.8364517868    1.2490765175   -0.9086396528
  -9.8364517868    0.1950502959   -0.9086396528
  -9.2666021887   -0.6916529867   -0.9086396528
  -8.5816099606    1.6573708428   -1.6992545250
  -9.1216099606    0.7220634067   -1.6992545250
  -8.5816099606   -0.2132440294   -1.6992545250
  -8.0416099606    0.7220634067   -1.9886396528
   8.7863488012   -0.1530270868   -3.1933200576
   8.4802280147    0.8895245694   -3.1933200576
   7.6590568419    1.6010734411   -3.1933200576
   5.5951768746    1.3043323004   -3.1933200576
   6.4029697088   -2.2714793844    2.1842226322
   5.3274641950   -2.4261137324   -2.4120440265
   5.0334533920   -2.5082161761    2.1362729000
   6.0747743659   -2.5082161761    2.1362729000
   4.3253361067   -3.0244909034    1.4703231415
   5.2870749485   -3.4637023159    1.4703231415
   6.3335967640   -3.3132351946    1.4703231415
   5.0334533920   -3.8875684007    0.5079978586
   6.0747743659   -3.8875684007    0.5079978586
   5.0334533920   -3.8875684007   -0.5601026244
   6.0747743659   -3.8875684007   -0.5601026244
   4.3253361067   -3.0244909034   -1.5224279074
   5.2870749485   -3.4637023159   -1.5224279074
   6.3335967640   -3.3132351946   -1.5224279074
   5.6924139843   -0.1296324243    3.3081277550
   6.7337349582   -0.1296324243    3.0704530379
   6.2130744712    0.7721779926    3.0704530379
   5.1717534973    0.7721779926    3.0704530379
   4.6510930104   -0.1296324243    3.0704530379
   5.1717534973   -1.0314428412    3.0704530379
   6.2130744712   -1.0314428412    3.0704530379
   6.4718968694    1.5771970111    2.4045032794
   5.4253750539    1.7276641324    2.4045032794
   6.2130744712    2.1515302172    1.4421779965
   5.1717534973    2.1515302172    1.4421779965
   5.1187440548    1.7712630197   -3.0425258123
   3.0548640876    1.4745218790   -3.0425258123
   5.1614020413    2.8142940039    0.6599142243
   4.1148802259    2.9647611252    0.6599142243
   4.9025796432    3.3886272100   -0.3024110587
   3.8612586693    3.3886272100   -0.3024110587
   4.9025796432    3.3886272100   -1.3705115417
   3.8612586693    3.3886272100   -1.3705115417
   5.1614020413    2.8142940039   -2.3328368246
   4.1148802259    2.9647611252   -2.3328368246
   3.1531413840    2.5255497127   -2.3328368246
   4.9025796432    2.0092749854   -2.9987865832
   3.8612586693    2.0092749854   -2.9987865832
   3.7080210493   -2.6508561248   -2.3000843025
   4.7493420232   -2.6508561248   -2.3000843025
   2.9999037640    1.0483916609   -3.2624095854
   2.9999037640   -1.7877786276   -3.2624095854
   3.9616426059   -2.2269900400   -3.2624095854
   5.0081644214   -2.0765229188   -3.2624095854
   5.2700025101   -0.3696934833   -3.9283593439
   4.7493420232    0.5321169335   -3.9283593439
   3.7080210493    0.5321169335   -3.9283593439
   3.1873605624   -0.3696934833   -3.9283593439
   3.7080210493   -1.2715039002   -3.9283593439
   4.7493420232   -1.2715039002   -3.9283593439
   4.2286815363   -0.3696934833   -4.1660340610
   3.8597538332   -2.1010221478    2.3395015355
   2.7842483193   -2.2556564957   -2.2567651232
   2.4723928848   -2.3386645256    2.2943178458
   3.5137138587   -2.3386645256    2.2943178458
   1.7642755995   -2.8549392529    1.6283680872
   2.7260144414   -3.2941506654    1.6283680872
   3.7725362568   -3.1436835441    1.6283680872
   2.4723928848   -3.7180167502    0.6660428043
   3.5137138587   -3.7180167502    0.6660428043
   2.4723928848   -3.7180167502   -0.4020576787
   3.5137138587   -3.7180167502   -0.4020576787
   1.7642755995   -2.8549392529   -1.3643829617
   2.7260144414   -3.2941506654   -1.3643829617
   3.7725362568   -3.1436835441   -1.3643829617
   3.1470166753    0.0382705571    3.4635188689
   4.1883376491    0.0382705571    3.2258441519
   3.6676771622    0.9400809740    3.2258441519
   2.6263561883    0.9400809740    3.2258441519
   2.1056957014    0.0382705571    3.2258441519
   2.6263561883   -0.8635398598    3.2258441519
   3.6676771622   -0.8635398598    3.2258441519
   3.9264995603    1.7450999925    2.5598943934
   2.8799777449    1.8955671138    2.5598943934
   3.6676771622    2.3194331986    1.5975691104
   2.6263561883    2.3194331986    1.5975691104
   2.5733837171    1.9395242835   -2.8863954774
   0.5095037498    1.6427831428   -2.8863954774
   2.6190250906    2.9822371789    0.8151188531
   1.5725032752    3.1327043001    0.8151188531
   2.3602026925    3.5565703849   -0.1472064299
   1.3188817186    3.5565703849   -0.1472064299
   2.3602026925    3.5565703849   -1.2153069129
   1.3188817186    3.5565703849   -1.2153069129
   2.6190250906    2.9822371789   -2.1776321959
   1.5725032752    3.1327043001   -2.1776321959
   0.6107644333    2.6934928877   -2.1776321959
   2.3602026925    2.1772181603   -2.8435819544
   1.3188817186    2.1772181603   -2.8435819544
   1.1624857157   -2.4829192618   -2.1436919221
   2.2038066896   -2.4829192618   -2.1436919221
   0.4543684304    1.2163285239   -3.1060172051
   0.4543684304   -1.6198417645   -3.1060172051
   1.4161072723   -2.0590531770   -3.1060172051
   2.4626290877   -1.9085860557   -3.1060172051
   2.7244671765   -0.2017566203   -3.7719669636
   2.2038066896    0.7000537966   -3.7719669636
   1.1624857157    0.7000537966   -3.7719669636
   0.6418252287   -0.2017566203   -3.7719669636
   1.1624857157   -1.1035670372   -3.7719669636
   2.2038066896   -1.1035670372   -3.7719669636
   1.6831462026   -0.2017566203   -4.0096416806
   1.3146589641   -1.9301925228    2.4970739714
   0.2391534502   -2.0848268707   -2.0991926873
  -0.0736172183   -2.1675949393    2.4557264920
   0.9677037556   -2.1675949393    2.4557264920
  -0.7817345036   -2.6838696667    1.7897767335
   0.1800043383   -3.1230810792    1.7897767335
   1.2265261537   -2.9726139579    1.7897767335
  -0.0736172183   -3.5469471640    0.8274514506
   0.9677037556   -3.5469471640    0.8274514506
  -0.0736172183   -3.5469471640   -0.2406490324
   0.9677037556   -3.5469471640   -0.2406490324
  -0.7817345036   -2.6838696667   -1.2029743154
   0.1800043383   -3.1230810792   -1.2029743154
   1.2265261537   -2.9726139579   -1.2029743154
   0.6017133779    0.2124390068    3.6198030422
   1.6430343518    0.2124390068    3.3821283251
   1.1223738649    1.1142494237    3.3821283251
   0.0810528910    1.1142494237    3.3821283251
  -0.4396075960    0.2124390068    3.3821283251
   0.0810528910   -0.6893714101    3.3821283251
   1.1223738649   -0.6893714101    3.3821283251
   1.3811962630    1.9192684422    2.7161785666
   0.3346744476    2.0697355635    2.7161785666
   1.1223738649    2.4936016483    1.7538532837
   0.0810528910    2.4936016483    1.7538532837
   0.0279788503    2.1081251774   -2.7302373252
  -2.0359011170    1.8113840367   -2.7302373252
   0.0730719201    3.1506536233    0.9690454208
  -0.9734498953    3.3011207446    0.9690454208
  -0.1857504780    3.7249868294    0.0067201378
  -1.2270714519    3.7249868294    0.0067201378
  -0.1857504780    3.7249868294   -1.0613803452
  -1.2270714519    3.7249868294   -1.0613803452
   0.0730719201    3.1506536233   -2.0237056281
  -0.9734498953    3.3011207446   -2.0237056281
  -1.9351887372    2.8619093321   -2.0237056281
  -0.1857504780    2.3456346048   -2.6896553866
  -1.2270714519    2.3456346048   -2.6896553866
  -1.3825301552   -2.3165904589   -1.9867275663
  -0.3412091813   -2.3165904589   -1.9867275663
  -2.0906474404    1.3826573268   -2.9490528493
  -2.0906474404   -1.4535129616   -2.9490528493
  -1.1289085986   -1.8927243741   -2.9490528493
  -0.0823867831   -1.7422572528   -2.9490528493
   0.1794513057   -0.0354278174   -3.6150026078
  -0.3412091813    0.8663825995   -3.6150026078
  -1.3825301552    0.8663825995   -3.6150026078
  -1.9031906421   -0.0354278174   -3.6150026078
  -1.3825301552   -0.9372382343   -3.6150026078
  -0.3412091813   -0.9372382343   -3.6150026078
  -0.8618696682   -0.0354278174   -3.8526773248
  -1.2301744442   -1.7608838802    2.6542755200
  -2.3056799580   -1.9155182282   -1.9419911387
  -2.6183537944   -1.9978186393    2.6161110633
  -1.5770328205   -1.9978186393    2.6161110633
  -3.3264710797   -2.5140933667    1.9501613048
  -2.3647322378   -2.9533047791    1.9501613048
  -1.3182104224   -2.8028376579    1.9501613048
  -2.6183537944   -3.3771708639    0.9878360219
  -1.5770328205   -3.3771708639    0.9878360219
  -2.6183537944   -3.3771708639   -0.0802644611
  -1.5770328205   -3.3771708639   -0.0802644611
  -3.3264710797   -2.5140933667   -1.0425897441
  -2.3647322378   -2.9533047791   -1.0425897441
  -1.3182104224   -2.8028376579   -1.0425897441
  -1.9448023330    0.3848956305    3.7757097663
  -0.9034813591    0.3848956305    3.5380350493
  -1.4241418461    1.2867060474    3.5380350493
  -2.4654628200    1.2867060474    3.5380350493
  -2.9861233069    0.3848956305    3.5380350493
  -2.4654628200   -0.5169147864    3.5380350493
  -1.4241418461   -0.5169147864    3.5380350493
  -1.1653194479    2.0917250659    2.8720852908
  -2.2118412634    2.2421921872    2.8720852908
  -1.4241418461    2.6660582720    1.9097600078
  -2.4654628200    2.6660582720    1.9097600078
  -2.5171273334    2.2741621559   -2.5749266061
  -4.5810073007    1.9774210152   -2.5749266061
  -2.4739751800    3.3168924955    1.1234191993
  -3.5204969955    3.4673596168    1.1234191993
  -2.7327975782    3.8912257016    0.1610939163
  -3.7741185521    3.8912257016    0.1610939163
  -2.7327975782    3.8912257016   -0.9070065667
  -3.7741185521    3.8912257016   -0.9070065667
  -2.4739751800    3.3168924955   -1.8693318496
  -3.5204969955    3.4673596168   -1.8693318496
  -4.4822358374    3.0281482043   -1.8693318496
  -2.7327975782    2.5118734770   -2.5352816081
  -3.7741185521    2.5118734770   -2.5352816081
  -3.9255232722   -2.1516631712   -1.8313631103
  -2.8842022984   -2.1516631712   -1.8313631103
  -4.6336405575    1.5475846145   -2.7936883932
  -4.6336405575   -1.2885856740   -2.7936883932
  -3.6719017157   -1.7277970864   -2.7936883932
  -2.6253799002   -1.5773299652   -2.7936883932
  -2.3635418114    0.1294994703   -3.4596381517
  -2.8842022984    1.0313098871   -3.4596381517
  -3.9255232722    1.0313098871   -3.4596381517
  -4.4461837592    0.1294994703   -3.4596381517
  -3.9255232722   -0.7723109466   -3.4596381517
  -2.8842022984   -0.7723109466   -3.4596381517
  -3.4048627853    0.1294994703   -3.6973128688
  -3.7707848028   -1.6003760892    2.8135479963
  -4.8462903166   -1.7550104372   -1.7827186624
  -4.1245758395   -1.8339996525    2.7769833020
  -4.9122752568   -2.7894857923    2.1110335435
  -3.8657534414   -2.6390186710    2.1110335435
  -5.1658968134   -3.2133518771    1.1487082605
  -4.1245758395   -3.2133518771    1.1487082605
  -6.1040945924   -2.7615396393    0.0806077775
  -5.1658968134   -3.2133518771    0.0806077775
  -4.1245758395   -3.2133518771    0.0806077775
  -5.8740140987   -2.3502743798   -0.8817175054
  -4.9122752568   -2.7894857923   -0.8817175054
  -3.8657534414   -2.6390186710   -0.8817175054
  -4.4952883375    0.5426171328    3.9339053849
  -3.4539673636    0.5426171328    3.6962306679
  -3.9746278506    1.4444275497    3.6962306679
  -5.0159488245    1.4444275497    3.6962306679
  -5.0159488245   -0.3591932841    3.6962306679
  -3.9746278506   -0.3591932841    3.6962306679
  -3.7158054524    2.2494465682    3.0302809094
  -4.7623272679    2.3999136895    3.0302809094
  -5.7240661098    1.9607022770    3.0302809094
  -3.9746278506    2.8237797743    2.0679556264
  -5.0159488245    2.8237797743    2.0679556264
  -5.0501793909    2.4353999532   -2.4204815369
  -7.1140593582    2.1386588125   -2.4204815369
  -5.0456528905    3.4796898086    1.2701448489
  -6.0921747060    3.6301569298    1.2701448489
  -5.3044752887    4.0540230146    0.3078195660
  -6.3457962626    4.0540230146    0.3078195660
  -7.2839940415    3.6022107769    0.3078195660
  -5.3044752887    4.0540230146   -0.7602809170
  -6.3457962626    4.0540230146   -0.7602809170
  -7.2839940415    3.6022107769   -0.7602809170
  -5.0456528905    3.4796898086   -1.7226062000
  -6.0921747060    3.6301569298   -1.7226062000
  -7.0539135479    3.1909455174   -1.7226062000
  -5.3044752887    2.6746707900   -2.3885559585
  -6.3457962626    2.6746707900   -2.3885559585
  -6.4966136495   -1.9820126124   -1.6768621781
  -5.4552926756   -1.9820126124   -1.6768621781
  -7.2047309348    1.7172351733   -2.6391874610
  -7.7763415161    0.8277917473   -2.6391874610
  -7.7763415161   -0.2294916891   -2.6391874610
  -7.2047309348   -1.1189351151   -2.6391874610
  -6.2429920929   -1.5581465276   -2.6391874610
  -5.1964702774   -1.4076794063   -2.6391874610
  -4.9346321887    0.2991500291   -3.3051372195
  -5.4552926756    1.2009604460   -3.3051372195
  -6.4966136495    1.2009604460   -3.3051372195
  -7.0172741364    0.2991500291   -3.3051372195
  -6.4966136495   -0.6026603878   -3.3051372195
  -5.4552926756   -0.6026603878   -3.3051372195
  -5.9759531625    0.2991500291   -3.5428119366
  -6.3092723545    2.0958886387    2.9290017496
  -7.3847778684    2.2505229867    2.9290017496
  -6.3074935223    2.8127054214    2.1308684202
  -7.3819161381    2.9256317888    2.1308684202
  -8.4093813299    2.5917881108    2.1308684202
  -9.2122310319    1.8688989921    2.1308684202
  -9.6516452369    0.8819585287    2.1308684202
  -7.9188595273    3.1834281621    1.1518129532
  -7.9188595273    3.1834281621    0.1099238872
  -9.6222445053   -1.2135153156    0.1099238872
  -8.8907810107   -2.0158925466    0.1099238872
  -7.9188595273   -2.4998519406    0.1099238872
  -9.2122310319   -1.1853227706   -0.8691315798
  -8.4093813299   -1.9082118892   -0.8691315798
  -7.3819161381   -2.2420555673   -0.8691315798
  -8.3731523218   -1.1155712765   -1.6672649092
   7.5265198326   -1.6161063571    2.5499803181
   7.7651154035   -2.6362468349    2.0290357851
   8.8406209173   -2.4816124869    2.0290357851
   9.6617920902   -1.7700636152    2.0290357851
  10.6376262590   -0.7275119589    1.2309024557
   7.7679771338   -3.3113556370    1.2309024557
   8.8423997496   -3.1984292696    1.2309024557
   9.7780023583   -2.6582588516    1.2309024557
  10.4130107691   -1.7842447556    1.2309024557
  10.2228951813    1.2628701202    0.2518469887
   9.3564498134    1.9171792897    0.2518469887
   7.2310337446   -3.5691520103    0.2518469887
   8.3121498349   -3.6693321692    0.2518469887
   9.3564498134   -3.3722032076    0.2518469887
  10.2228951813   -2.7178940380    0.2518469887
  10.7944676906   -1.7947727397    0.2518469887
   9.3564498134    1.9171792897   -0.7900420773
   7.2310337446   -3.5691520103   -0.7900420773
   8.3121498349   -3.6693321692   -0.7900420773
   9.3564498134   -3.3722032076   -0.7900420773
  10.2228951813   -2.7178940380   -0.7900420773
   7.7679771338   -3.3113556370   -1.7690975443
   8.8423997496   -3.1984292696   -1.7690975443
   9.7780023583   -2.6582588516   -1.7690975443
   8.8406209173   -2.4816124869   -2.5672308737
   7.6917152327    2.6473445904    0.4924454698
   6.6451934172    2.7978117117    0.4924454698
   8.3710906135    2.7698655587   -0.4698798131
   7.4328928345    3.2216777965   -0.4698798131
   6.3915718606    3.2216777965   -0.4698798131
   9.0203436212    1.9557280380   -1.5379802961
   8.3710906135    2.7698655587   -1.5379802961
   7.4328928345    3.2216777965   -1.5379802961
   6.3915718606    3.2216777965   -1.5379802961
   8.4907567397    1.9549711833   -2.5003055791
   7.6917152327    2.6473445904   -2.5003055791
   6.6451934172    2.7978117117   -2.5003055791
   5.6834545754    2.3586002992   -2.5003055791
   7.4328928345    1.8423255719   -3.1662553376
   6.3915718606    1.8423255719   -3.1662553376
   6.2625321248   -2.8432112431   -2.4407260121
   7.3038530987   -2.8432112431   -2.4407260121
   8.6595881697   -0.5620486016   -3.4030512951
   5.5544148395    0.8560365426   -3.4030512951
   5.5544148395   -1.9801337458   -3.4030512951
   6.5161536814   -2.4193451583   -3.4030512951
   7.5626754969   -2.2688780370   -3.4030512951
   8.3617170039   -1.5765046299   -3.4030512951
   7.8245135857   -0.5620486016   -4.0690010536
   7.3038530987    0.3397618153   -4.0690010536
   6.2625321248    0.3397618153   -4.0690010536
   5.7418716379   -0.5620486016   -4.0690010536
   6.2625321248   -1.4638590185   -4.0690010536
   7.3038530987   -1.4638590185   -4.0690010536
   6.7831926118   -0.5620486016   -4.3066757706
   8.1878105102   -0.3094866571    3.0349649624
   9.2291314841   -0.3094866571    2.7972902454
   8.7084709971    0.5923237597    2.7972902454
   7.6671500233    0.5923237597    2.7972902454
   7.6671500233   -1.2112970740    2.7972902454
   8.7084709971   -1.2112970740    2.7972902454
  10.0642060681   -0.3094866571    2.1313404869
   9.7663349023    0.7049693712    2.1313404869
   8.9672933953    1.3973427783    2.1313404869
   7.9207715798    1.5478098996    2.1313404869
   9.7663349023   -1.3239426854    2.1313404869
  10.2959217838    0.7057262258    1.1690152039
   9.6466687761    1.5198637466    1.1690152039
   8.7084709971    1.9716759844    1.1690152039
   7.6671500233    1.9716759844    1.1690152039
  11.1992326331   -0.5117701445   -0.2762174106
  10.9675169175    0.5034427384   -0.2762174106
  10.3182639098    1.3175802592   -0.2762174106
  10.9675169175   -1.5269830275   -0.2762174106
  11.1992326331   -0.5117701445   -1.3443178936
  10.9675169175    0.5034427384   -1.3443178936
  10.3182639098    1.3175802592   -1.3443178936
   9.3800661308    1.7693924969   -1.3443178936
  10.9675169175   -1.5269830275   -1.3443178936
  10.7358012018   -0.5117701445   -2.3066431765
  10.4379300360    0.5026858838   -2.3066431765
   9.6388885290    1.1950592909   -2.3066431765
  10.4379300360   -1.5262261729   -2.3066431765
   9.9007266178   -0.5117701445   -2.9725929350
   9.3800661308    0.3900402723   -2.9725929350
   9.3800661308   -1.4135805614   -2.9725929350
   8.8594056439   -0.5117701445   -3.2102676521
  -7.1515371991   -0.2807023618    4.4399532429
  -6.0800235885   -0.2807023618    4.2268159339
  -6.6157803938    0.6472556455    4.2268159339
  -7.6872940044    0.6472556455    4.2268159339
  -8.2230508097   -0.2807023618    4.2268159339
  -7.6872940044   -1.2086603691    4.2268159339
  -6.6157803938   -1.2086603691    4.2268159339
  -6.1615877054    1.4339404582    3.6198522302
  -7.1515371991    1.6991966255    3.6198522302
  -8.1414866928    1.4339404582    3.6198522302
  -8.8661800190    0.7092471319    3.6198522302
  -9.1314361864   -0.2807023618    3.6198522302
  -8.8661800190   -1.2706518554    3.6198522302
  -8.1414866928   -1.9953451817    3.6198522302
  -7.1515371991   -2.2606013491    3.6198522302
  -6.1615877054   -1.9953451817    3.6198522302
  -5.4368943791   -1.2706518554    3.6198522302
  -9.2443530783    1.2398173777    2.7114668535
  -9.6818707338    0.2571366342    2.7114668535
  -9.6818707338   -0.8185413578    2.7114668535
  -9.2443530783   -1.8012221013    2.7114668535
  -8.4449685446   -2.5209911683    2.7114668535
  -7.4219379809   -2.8533939483    2.7114668535
  -6.3521526655   -2.7409549808    2.7114668535
  -5.4205881981   -2.2031159848    2.7114668535
  -9.9038618782   -0.7952010117    1.6399532429
  -9.5321451791   -1.7547124178    1.6399532429
  -8.8389141810   -2.5151505982    1.6399532429
  -7.9177935713   -2.9738141627    1.6399532429
  -6.8931857926   -3.0687580554    1.6399532429
  -5.9034698029   -2.7871595776    1.6399532429
  -9.2443530783   -1.8012221013    0.5684396322
  -8.4449685446   -2.5209911683    0.5684396322
  -7.4219379809   -2.8533939483    0.5684396322
  -6.3521526655   -2.7409549808    0.5684396322
  -9.8419983141    1.2507051249    1.6677358717
  -8.5622704475    3.0032260482    0.7054105887
  -9.5004682265    2.5514138104    0.7054105887
 -10.1497212342    1.7372762897    0.7054105887
 -10.3814369498    0.7220634067    0.7054105887
 -10.1497212342   -0.2931494763    0.7054105887
  -8.5622704475    3.0032260482   -0.3626898943
  -9.5004682265    2.5514138104   -0.3626898943
 -10.1497212342    1.7372762897   -0.3626898943
 -10.3814369498    0.7220634067   -0.3626898943
 -10.1497212342   -0.2931494763   -0.3626898943
  -8.3086488910    2.5793599634   -1.3250151772
  -9.2703877328    2.1401485509   -1.3250151772
  -9.8419983141    1.2507051249   -1.3250151772
  -9.8419983141    0.1934216885   -1.3250151772
  -9.2703877328   -0.6960217375   -1.3250151772
  -8.5622704475    1.6238738236   -1.9909649357
  -9.0829309345    0.7220634067   -1.9909649357
  -8.5622704475   -0.1797470102   -1.9909649357
