    0.0129914222
   -0.0055339413
   -0.0108510381
   -0.0018685111
   -0.0090302596
   -0.0322907334
   -0.0009145789
   -0.0085252973
   -0.0336109460
   -0.0005737018
   -0.0077054650
    0.0046551543
    0.0084984243
    0.0088719328
    0.0054218706
   -0.0005983593
   -0.0027126200
    0.0163631380
    0.0082111896
    0.0056009270
    0.0052016034
    0.0043130869
    0.0070951629
    0.0070327687
    0.0060684647
    0.0062974471
    0.0063677371
    0.0049634543
    0.0024617977
   -0.0005133367
    0.0031562649
    0.0019079898
    0.0049059806
    0.0012014362
    0.0021589259
    0.0050402534
    0.0048809113
    0.0046881641
   -0.0024419330
   -0.0022331943
    0.0024626864
    0.0015828733
   -0.0006440490
    0.0035336805
    0.0026066820
    0.0024236802
    0.0016647838
    0.0034534111
    0.0033805270
    0.0056553386
    0.0045707858
   -0.0001759737
   -0.0015026570
    0.0053892814
    0.0046971167
    0.0043411444
   -0.0031490615
    0.0042276018
    0.0041999556
    0.0056623961
    0.0063347332
    0.0060064050
    0.0047896375
    0.0057332473
    0.0049697626
    0.0015239116
   -0.0005661588
    0.0042697537
    0.0035715564
    0.0035372972
    0.0002466989
    0.0023511004
    0.0056465313
    0.0054062977
    0.0045818298
   -0.0018230351
   -0.0009970353
    0.0033912196
    0.0032466355
    0.0019307456
    0.0047259349
    0.0044365534
    0.0036871332
    0.0032283666
    0.0034113438
    0.0032473825
    0.0054418508
    0.0047103563
   -0.0000103206
   -0.0011487786
    0.0047182901
    0.0045677760
    0.0047915791
   -0.0022621384
    0.0049617132
    0.0058032809
    0.0059459355
    0.0071775994
    0.0077031255
    0.0051510852
    0.0067065469
    0.0068384894
   -0.0013730837
    0.0025785555
    0.0014536783
    0.0060456759
    0.0049084640
    0.0043301027
    0.0014091497
    0.0043531345
    0.0075067559
    0.0066596677
    0.0059288475
   -0.0029750684
   -0.0011266586
    0.0029974838
    0.0035344514
    0.0027659561
    0.0055805953
    0.0053615907
    0.0060014868
    0.0047586607
    0.0028912333
    0.0033704249
    0.0056389881
    0.0044863487
   -0.0012623883
   -0.0015126871
    0.0053867528
    0.0055593478
    0.0063038348
   -0.0016376842
    0.0076974578
    0.0109534910
    0.0081871572
    0.0102853288
    0.0134889727
    0.0076417788
    0.0101312691
    0.0129698779
    0.0016794302
    0.0062702713
    0.0080777218
    0.0107121810
    0.0077392955
    0.0071013325
    0.0052264687
    0.0104983424
    0.0127359768
    0.0097429391
    0.0097203306
   -0.0329554099
   -0.0090651702
   -0.0099311243
   -0.0006516963
    0.0021728267
    0.0062156852
    0.0020455050
    0.0048609943
    0.0115145041
    0.0075884114
   -0.0052066057
    0.0012789215
    0.0033470910
   -0.0072824565
   -0.0268199239
   -0.0097749551
    0.0068931458
    0.0072133934
    0.0067350450
   -0.0023426926
    0.0159761751
    0.0250861052
    0.0166357665
    0.0187909884
    0.0216194496
    0.0167582983
    0.0191578062
    0.0212497911
    0.0269245493
    0.0164654779
    0.0191816333
    0.0275017013
    0.0261917785
    0.0199670072
    0.0160720387
    0.0164420947
    0.0157783311
    0.0199956358
    0.0209585831
    0.0184962023
    0.0189547263
    0.0155708237
    0.0139492596
    0.0050130476
   -0.0101299482
   -0.0133902408
    0.0130956215
    0.0128824517
    0.0278672612
   -0.0226724421
    0.0073930717
   -0.0536717521
   -0.0453888972
   -0.0195690741
   -0.0547180590
   -0.0594762936
   -0.0424149928
   -0.0434676216
   -0.0358914209
   -0.0081996334
    0.0096901340
    0.0075521037
    0.0091799791
    0.0082215523
    0.0072783391
    0.0079513209
    0.0072289040
    0.0061606690
    0.0060524729
    0.0046281385
    0.0027362170
    0.0128266449
   -0.0005998842
   -0.0070931440
   -0.0047367316
    0.0059455610
    0.0044122534
    0.0048178333
    0.0051806880
    0.0029886097
    0.0058865247
    0.0161149841
    0.0160542312
    0.0228897312
    0.0195253911
    0.0034868141
   -0.0006357077
    0.0140986797
    0.0208984085
    0.0212678570
    0.0201733436
    0.0155870495
    0.0205834866
   -0.0041499696
    0.0194801422
    0.0229952585
    0.0181019325
    0.0047763563
    0.0192650857
    0.0202836001
    0.0034000100
    0.0150737349
   -0.0474291751
   -0.0457935748
   -0.0377493899
   -0.0402700135
   -0.0491757211
   -0.0514855672
   -0.0505980002
   -0.0240803584
   -0.0181023098
   -0.0220291324
   -0.0343470022
   -0.0464594937
   -0.0505327180
   -0.0487409836
   -0.0481996369
   -0.0481126897
   -0.0306087569
   -0.0396971443
   -0.0401534120
   -0.0385625455
   -0.0373753073
   -0.0175325471
   -0.0215096862
   -0.0184314915
    0.0011731833
    0.0154553891
    0.0099915001
    0.0025453088
    0.0275369624
    0.0204133116
    0.0167782509
    0.0128939402
    0.0116814299
    0.0278157074
    0.0217890879
    0.0196983835
    0.0264061872
    0.0098907653
   -0.0067350412
   -0.0120199482
   -0.0049673756
   -0.0123867937
   -0.0303559494
   -0.0019876133
   -0.0070757872
   -0.0197168139
   -0.0000847304
   -0.0034772341
   -0.0115782188
   -0.0023804028
   -0.0082411816
    0.0033481643
    0.0063020092
    0.0074094054
    0.0051653544
    0.0020860469
   -0.0016865166
   -0.0011387327
    0.0148327647
    0.0083744015
    0.0057083305
    0.0097529693
    0.0059140598
   -0.0018659415
    0.0046076907
    0.0038251628
    0.0061501875
    0.0056590851
    0.0050641262
    0.0059834923
    0.0056470054
    0.0050428217
    0.0043785039
    0.0036240733
    0.0013228546
    0.0003047151
    0.0014638485
    0.0000251935
    0.0037591383
    0.0025031088
    0.0016596068
    0.0037996421
    0.0018008831
    0.0014115889
    0.0031892604
    0.0038012081
    0.0036782761
    0.0034560575
   -0.0027669489
   -0.0037255415
    0.0002043278
   -0.0011021914
    0.0021848759
    0.0012802767
   -0.0002020233
    0.0026197742
    0.0019969486
    0.0008356220
    0.0016688611
    0.0009240756
    0.0022154213
    0.0023955985
    0.0041450512
    0.0038137075
    0.0018010978
   -0.0010292402
   -0.0008368794
    0.0049648599
    0.0044137233
    0.0040430539
    0.0038808542
    0.0034827972
   -0.0015007118
    0.0034115012
    0.0034338519
    0.0043776015
    0.0047548015
    0.0047893918
    0.0050517489
    0.0052224123
    0.0051374376
    0.0036188085
    0.0034833834
    0.0001979236
    0.0000434637
    0.0027882330
    0.0021721300
    0.0047395993
    0.0037313930
    0.0032506432
    0.0028576116
    0.0008859332
    0.0013827966
    0.0036822128
    0.0044540752
    0.0040587039
    0.0034441379
   -0.0021468388
   -0.0025029676
    0.0011374326
    0.0006901522
    0.0032024964
    0.0028870961
    0.0024821369
    0.0038852349
    0.0033740332
    0.0029271726
    0.0029845250
    0.0025025705
    0.0020898109
    0.0022053518
    0.0038185225
    0.0037246596
    0.0017959940
   -0.0009594340
   -0.0006025113
    0.0041836198
    0.0040655503
    0.0041596069
    0.0033351007
    0.0035603837
    0.0011048439
    0.0039661478
    0.0045721338
    0.0045241456
    0.0053548879
    0.0060493567
    0.0055191475
    0.0062584725
    0.0069962866
    0.0044417790
    0.0050404121
    0.0011147568
    0.0016813581
    0.0045406294
    0.0035457029
    0.0069739640
    0.0052915038
    0.0045127602
    0.0036654602
    0.0019095820
    0.0030555365
    0.0056735144
    0.0060259608
    0.0052061302
    0.0047567848
   -0.0035394419
   -0.0027802964
    0.0002715151
    0.0007540850
    0.0030805526
    0.0031913823
    0.0032857580
    0.0056872946
    0.0043639431
    0.0040218514
    0.0049123972
    0.0040619466
    0.0012686477
    0.0020552288
    0.0037001584
    0.0032621789
    0.0002862665
   -0.0024846864
   -0.0011435358
    0.0045283563
    0.0045786264
    0.0048653262
    0.0042856204
    0.0050501945
    0.0099050823
    0.0061685925
    0.0080000982
    0.0064334120
    0.0078249626
    0.0100964059
    0.0078970155
    0.0096712340
    0.0129566233
    0.0074732124
    0.0097765006
    0.0044544031
    0.0067148922
    0.0087909756
    0.0061389324
    0.0135736454
    0.0088453270
    0.0070361184
    0.0063064735
    0.0052170716
    0.0078619072
    0.0112303827
    0.0099296604
    0.0079979289
    0.0082901046
   -0.0233557225
   -0.0105386997
   -0.0116025165
   -0.0040612314
   -0.0055078425
   -0.0003257735
    0.0024339007
    0.0055117357
    0.0035691662
    0.0046476255
    0.0090887339
    0.0072843850
   -0.0070784928
   -0.0009997482
    0.0007445779
   -0.0042330855
   -0.0199528962
   -0.0205573829
   -0.0082871206
    0.0049018295
    0.0047440559
    0.0033890476
   -0.0050939860
    0.0069958297
    0.0089551030
    0.0118014418
    0.0120889162
    0.0154282557
    0.0131001203
    0.0144690102
    0.0164843258
    0.0219673066
    0.0151250251
    0.0165020386
    0.0183262379
    0.0230679023
    0.0152265531
    0.0169270913
    0.0195260369
    0.0133782746
    0.0156166678
    0.0169830193
    0.0122006424
    0.0162831463
    0.0200112562
    0.0212562762
    0.0187319381
    0.0154438480
    0.0138490875
    0.0141709651
    0.0137897798
    0.0159828088
    0.0176464160
    0.0166550395
    0.0152943297
    0.0158494814
    0.0047638563
    0.0033438771
   -0.0043922492
    0.0165731961
    0.0238382555
   -0.0038699520
   -0.0059443631
   -0.0028041707
    0.0130371463
    0.0132554096
   -0.0136638838
   -0.0354397322
   -0.0299474436
   -0.0128212098
    0.0159492869
    0.0130532893
   -0.0434289946
   -0.0426747473
   -0.0295089627
   -0.0098556445
   -0.0397951271
   -0.0393205570
   -0.0256973580
   -0.0265535937
   -0.0215137969
   -0.0037968540
    0.0111724924
    0.0077495390
    0.0099312624
    0.0078290465
    0.0066885521
    0.0091242120
    0.0072718382
    0.0065436684
    0.0060618853
    0.0070132889
    0.0056941670
    0.0048411668
    0.0038834294
    0.0027468845
   -0.0046173493
   -0.0141466825
    0.0080502667
    0.0071855255
    0.0027846454
   -0.0013497139
   -0.0043961390
   -0.0009090604
    0.0045758893
    0.0042271392
    0.0036489560
    0.0042430937
    0.0030927251
    0.0023771669
    0.0043181832
    0.0116636663
    0.0119327009
    0.0170513384
    0.0163998513
    0.0097411064
   -0.0001335526
    0.0020094822
    0.0109540936
    0.0167742880
    0.0180843621
    0.0174290622
   -0.0025033943
    0.0166814577
    0.0158597130
    0.0144282300
    0.0105552364
    0.0162991997
    0.0134643550
    0.0173969600
    0.0165863073
    0.0033155938
    0.0149885274
    0.0180964429
    0.0161394416
   -0.0105673318
    0.0056319928
    0.0140886454
    0.0158946959
    0.0052302470
    0.0111615236
   -0.0384697498
   -0.0366759580
   -0.0314822086
   -0.0333248271
   -0.0393765221
   -0.0416604342
   -0.0407942510
   -0.0319611339
   -0.0222376332
   -0.0187346428
   -0.0215852140
   -0.0296806252
   -0.0377514307
   -0.0411633636
   -0.0407522699
   -0.0400500254
   -0.0386890269
   -0.0140218094
   -0.0251882017
   -0.0333899567
   -0.0363179880
   -0.0358131843
   -0.0348113102
   -0.0335630465
   -0.0191349209
   -0.0252304184
   -0.0260923505
   -0.0247114617
    0.0117209683
    0.0059870960
   -0.0005229344
   -0.0121087360
    0.0202601267
    0.0148805614
    0.0115172963
    0.0079510226
    0.0035576582
    0.0192084936
    0.0159399027
    0.0132947278
    0.0112885249
    0.0200088056
    0.0174782216
    0.0186553170
    0.0227311167
    0.0078920806
    0.0012960099
   -0.0053974691
   -0.0026951994
   -0.0063156022
   -0.0112323908
   -0.0031948666
   -0.0065463722
   -0.0145036752
   -0.0035984414
   -0.0093493664
   -0.0229766895
   -0.0012435078
   -0.0052443738
   -0.0140221373
   -0.0021862156
    0.0026485736
    0.0056144709
    0.0065456766
    0.0044340651
    0.0016657352
   -0.0018559764
   -0.0014893584
    0.0085007820
    0.0056821502
    0.0063015817
   -0.0012742607
    0.0046444817
    0.0053351688
    0.0047700767
    0.0055747709
    0.0050629969
    0.0046374426
    0.0039675209
    0.0035010254
    0.0022687994
    0.0014968984
    0.0005603130
    0.0008056207
   -0.0008991216
    0.0027192306
    0.0015436908
    0.0008101850
    0.0033599686
    0.0017386892
    0.0013161685
    0.0027355541
    0.0030357622
    0.0028767811
    0.0028442488
   -0.0035140549
    0.0015304687
   -0.0026961332
   -0.0036504386
   -0.0001287746
   -0.0006414250
   -0.0021956579
    0.0011976644
    0.0000338930
    0.0020238958
    0.0011099306
   -0.0001569655
    0.0016003290
    0.0015964546
    0.0019386149
    0.0034733755
    0.0031578139
    0.0013949388
   -0.0011804063
   -0.0010646180
    0.0041147694
    0.0037152790
    0.0036237325
   -0.0008975335
    0.0033800413
    0.0042854496
    0.0043637626
    0.0046166797
    0.0045605934
    0.0046327605
    0.0031378222
    0.0032657794
    0.0025831409
    0.0004482079
    0.0003859710
    0.0024335596
    0.0018726863
    0.0038320661
    0.0030096370
    0.0026978538
    0.0025483263
    0.0009154177
    0.0013706734
    0.0033120444
    0.0037661978
    0.0033872596
    0.0029147146
   -0.0032436306
    0.0028714119
   -0.0021933332
   -0.0024297014
    0.0003850933
    0.0004387790
   -0.0000917525
    0.0022892844
    0.0019204359
    0.0032421698
    0.0026549000
    0.0022929536
    0.0029402754
    0.0013917214
    0.0016743448
    0.0030645513
    0.0029823748
    0.0012566633
   -0.0012057342
   -0.0008484204
    0.0035846231
    0.0036609992
    0.0035187117
    0.0015873341
    0.0038171211
    0.0046920524
    0.0053465690
    0.0049122462
    0.0053842745
    0.0061850937
    0.0037774932
    0.0045584149
    0.0048289539
    0.0012972426
    0.0020154753
    0.0039589179
    0.0031991112
    0.0057603096
    0.0044326375
    0.0039205721
    0.0032895339
    0.0018783258
    0.0030339646
    0.0053211151
    0.0053119649
    0.0045023299
    0.0041892002
   -0.0062024637
    0.0047343293
   -0.0040570325
   -0.0028992414
   -0.0017526762
   -0.0004008919
    0.0000066442
    0.0020092345
    0.0022422308
    0.0044197496
    0.0035260488
    0.0033907072
    0.0048293668
    0.0003189771
    0.0013840262
    0.0027797835
    0.0022274954
   -0.0008686498
   -0.0031732318
   -0.0015721237
    0.0039221739
    0.0041661992
    0.0047654109
    0.0091425257
    0.0056555729
    0.0067222683
    0.0084541404
    0.0069496314
    0.0081955654
    0.0107659588
    0.0063840567
    0.0083850660
    0.0114912822
    0.0043897138
    0.0067884285
    0.0069853467
    0.0053164447
    0.0105908898
    0.0072675432
    0.0061323330
    0.0057071630
    0.0049415854
    0.0075692661
    0.0105847835
    0.0089263788
    0.0070625990
    0.0074649481
    0.0089952822
   -0.0238366930
   -0.0106559502
   -0.0095617177
   -0.0040940280
   -0.0046140887
   -0.0006047746
    0.0031125928
    0.0029238717
    0.0040831455
    0.0087723249
   -0.0079668529
   -0.0017649594
   -0.0002803235
   -0.0052832603
   -0.0211453777
   -0.0087005735
    0.0039674459
    0.0032407879
   -0.0011111788
    0.0080732466
    0.0167194748
    0.0098062354
    0.0120413523
    0.0133362057
    0.0160571274
    0.0129894227
    0.0138386524
    0.0151678668
    0.0179408388
    0.0129526834
    0.0143370276
    0.0161954342
    0.0120045514
    0.0141516910
    0.0116388704
    0.0095388579
    0.0171440363
    0.0190043712
    0.0177497332
    0.0147613874
    0.0124251502
    0.0117439590
    0.0123842347
    0.0122297740
    0.0142041680
    0.0153582209
    0.0142222399
    0.0131224697
    0.0137093783
   -0.0014954951
   -0.0027639025
   -0.0093076243
    0.0116142239
    0.0091994095
    0.0045633445
   -0.0124901260
    0.0154383100
    0.0016855537
    0.0007440915
    0.0032009939
    0.0123857680
    0.0127622812
   -0.0085808081
   -0.0240313863
   -0.0201727411
   -0.0083218875
    0.0051434628
    0.0128555762
   -0.0316645287
   -0.0310822609
   -0.0217975829
   -0.0079051669
    0.0112394539
   -0.0294770021
   -0.0340078254
   -0.0295490326
   -0.0182891081
   -0.0269974342
   -0.0267091034
   -0.0168811670
   -0.0166768699
   -0.0132684389
   -0.0015277887
    0.0111697936
    0.0104189277
    0.0077481670
    0.0064832102
    0.0095050883
    0.0070057842
    0.0060689034
    0.0055727514
    0.0072053721
    0.0054225056
    0.0046171347
    0.0036416713
    0.0038944714
    0.0026798086
   -0.0073239176
   -0.0168025248
    0.0077428440
    0.0006231273
   -0.0030288029
   -0.0049748069
   -0.0006027283
    0.0039043759
    0.0038227658
    0.0031288870
    0.0034586240
    0.0021683038
    0.0015085941
    0.0034534630
    0.0087510002
    0.0090683182
    0.0136162355
    0.0130990697
   -0.0014945353
    0.0003643511
    0.0085469734
    0.0134820112
    0.0148734885
    0.0145994426
    0.0139537209
    0.0126956277
    0.0083388061
    0.0135856539
    0.0104930056
    0.0140799166
    0.0142699033
    0.0024858118
    0.0116778433
    0.0145546207
    0.0138262355
   -0.0074188157
    0.0044704678
    0.0109487908
    0.0127366026
    0.0033069590
    0.0086337295
   -0.0317014050
   -0.0297113720
   -0.0254672952
   -0.0271448035
   -0.0322491619
   -0.0344468991
   -0.0335871065
   -0.0144078964
   -0.0156653653
   -0.0208921148
   -0.0275158839
   -0.0323073458
   -0.0338467385
   -0.0334888650
   -0.0326715937
   -0.0306980460
   -0.0156284144
   -0.0233504700
   -0.0280950665
   -0.0295244737
   -0.0291207871
   -0.0281083058
   -0.0260831763
   -0.0174405600
   -0.0205431393
   -0.0206761348
   -0.0188769647
    0.0057251138
    0.0007620026
   -0.0067153799
    0.0137330033
    0.0104172485
    0.0074323373
    0.0038988236
   -0.0002947916
    0.0178693086
    0.0144669289
    0.0120267403
    0.0098793529
    0.0089218693
    0.0174026103
    0.0149852168
    0.0160577963
    0.0200065847
    0.0078200068
    0.0065052001
    0.0039853394
    0.0016135971
   -0.0104345638
   -0.0017727287
   -0.0059664806
   -0.0095482576
   -0.0039134234
   -0.0066834160
   -0.0128165444
   -0.0052548396
   -0.0110399379
   -0.0047201779
   -0.0107783050
   -0.0013354083
   -0.0049341879
   -0.0119139645
    0.0022004441
    0.0043751319
    0.0054181353
    0.0037737464
    0.0014369950
   -0.0012860437
   -0.0008845367
    0.0075056682
    0.0052458209
    0.0068332977
    0.0049803597
    0.0013049888
   -0.0003540063
    0.0050029888
    0.0043521755
    0.0048958270
    0.0045118978
    0.0043918879
    0.0039804125
    0.0032114659
    0.0027589002
    0.0015915153
    0.0014187441
    0.0006547688
    0.0005313005
   -0.0010987381
    0.0000047428
    0.0025504230
    0.0015384723
    0.0010127430
    0.0028920186
    0.0019158804
    0.0015836420
    0.0024669597
    0.0025937346
    0.0024657363
    0.0024899569
   -0.0039166833
    0.0017448378
   -0.0027647176
   -0.0035158154
   -0.0011103586
   -0.0014915647
   -0.0028932211
   -0.0000596375
   -0.0013257633
    0.0006741972
   -0.0005819397
    0.0017484876
    0.0007990772
   -0.0003843667
    0.0012321455
    0.0015861590
    0.0028551493
    0.0025768334
    0.0011070317
   -0.0008364917
   -0.0007418385
    0.0037864163
    0.0034260494
    0.0037676986
    0.0034451197
    0.0000443678
    0.0000381231
    0.0038602171
    0.0038953748
    0.0042526374
    0.0043473553
    0.0038583045
    0.0039069174
    0.0024074460
    0.0025508084
    0.0019144650
    0.0004698011
    0.0004977367
    0.0023352249
    0.0018007375
    0.0004526386
    0.0036258407
    0.0028734601
    0.0026079406
    0.0023781244
    0.0013258698
    0.0016977612
    0.0030437423
    0.0033005138
    0.0029681812
    0.0026305595
   -0.0027262505
    0.0030740241
   -0.0023919588
   -0.0024674577
   -0.0008221028
   -0.0005759013
   -0.0009909432
    0.0010245868
    0.0007333956
    0.0020171857
    0.0016789062
    0.0030180595
    0.0023572135
    0.0019972393
    0.0009537008
    0.0012803235
    0.0024098599
    0.0022885733
    0.0008066800
   -0.0009870179
   -0.0006480461
    0.0032122786
    0.0032473808
    0.0034201498
    0.0036165909
    0.0007583738
    0.0023793562
    0.0041737872
    0.0047323494
    0.0048282112
    0.0055250629
    0.0045563991
    0.0052415354
    0.0030458887
    0.0038197209
    0.0040849715
    0.0013135822
    0.0020598285
    0.0037389634
    0.0031344838
    0.0028058524
    0.0054656910
    0.0042538419
    0.0037937902
    0.0031391851
    0.0022773689
    0.0032687026
    0.0049163002
    0.0047785258
    0.0040566460
    0.0038639577
   -0.0031461847
    0.0049313753
   -0.0045814357
   -0.0031981814
   -0.0037957283
   -0.0018293385
   -0.0011725294
    0.0002985560
    0.0008427037
    0.0021939801
    0.0023229743
    0.0044488403
    0.0033864321
    0.0031745594
   -0.0003240606
    0.0007844620
    0.0018867142
    0.0011809607
   -0.0016889101
   -0.0031952194
   -0.0015992760
    0.0032579466
    0.0032880487
    0.0041317651
    0.0047634526
    0.0035584014
    0.0088111188
    0.0058777931
    0.0072895439
    0.0070351044
    0.0089075241
    0.0070332464
    0.0089433847
    0.0055562601
    0.0074079470
    0.0099827547
    0.0042820314
    0.0064524676
    0.0061775129
    0.0050546776
    0.0092399490
    0.0096707198
    0.0068986090
    0.0058965128
    0.0054383907
    0.0051265606
    0.0072895153
    0.0094344501
    0.0080554704
    0.0064783945
    0.0068886645
   -0.0094694404
    0.0091261975
   -0.0115347836
   -0.0119784355
   -0.0061734993
   -0.0068422069
   -0.0026373876
   -0.0036399305
   -0.0010534890
    0.0011005871
    0.0050912462
    0.0037070731
    0.0042915428
   -0.0083384851
   -0.0028698040
   -0.0017188322
   -0.0063692120
   -0.0187976104
   -0.0087743009
    0.0023700479
    0.0010400155
   -0.0043360482
    0.0055934388
    0.0063537754
    0.0104237893
    0.0145488045
    0.0098450767
    0.0107876374
    0.0115376114
    0.0124718120
    0.0142696973
    0.0120311222
    0.0129951826
    0.0146316850
    0.0113373939
    0.0125734986
    0.0142315627
    0.0110055694
    0.0128487354
    0.0094977359
    0.0088655424
    0.0146865222
    0.0156871491
    0.0147084996
    0.0126496634
    0.0110758761
    0.0106723531
    0.0111330763
    0.0112107618
    0.0126600945
    0.0133175621
    0.0123836610
    0.0115893430
    0.0120918337
   -0.0050144552
   -0.0061274059
    0.0061722139
    0.0048044683
    0.0014741796
   -0.0036457039
   -0.0111727916
    0.0108995938
    0.0156363286
   -0.0028074565
   -0.0065291613
   -0.0078712040
    0.0055255572
    0.0037192106
    0.0039835132
    0.0115290216
   -0.0056378127
   -0.0168079088
   -0.0139814524
   -0.0054999818
    0.0039564080
   -0.0238722351
   -0.0218893939
   -0.0148483964
   -0.0052181178
    0.0122122082
    0.0111548384
   -0.0251558769
   -0.0266334743
   -0.0223036136
   -0.0137931422
   -0.0034964149
    0.0105868830
   -0.0234501228
   -0.0249878351
   -0.0206203514
   -0.0117383606
   -0.0192708390
   -0.0174757744
   -0.0098797686
   -0.0084286766
    0.0080177194
    0.0064748400
    0.0074368876
    0.0061999364
    0.0055955399
    0.0092527509
    0.0064479043
    0.0054091632
    0.0048603510
    0.0064243972
    0.0047855396
    0.0039616165
    0.0029418285
    0.0036972095
    0.0026110311
   -0.0062557608
   -0.0111059104
    0.0054747703
    0.0018913609
    0.0008648648
   -0.0017374027
   -0.0027627141
    0.0003228617
    0.0032962011
    0.0034924424
    0.0029268919
    0.0029257470
    0.0018569524
    0.0014396488
    0.0029100461
    0.0067431453
    0.0070948525
    0.0107368401
    0.0103424394
   -0.0005708206
    0.0007066456
    0.0068936173
    0.0110153690
    0.0124512978
    0.0123595531
   -0.0007529683
    0.0113765982
    0.0123681939
    0.0121149974
    0.0114198902
    0.0076817448
    0.0112778922
    0.0123544430
    0.0006890498
    0.0089719250
    0.0118331191
    0.0123542941
    0.0109712177
    0.0032383483
    0.0093341622
    0.0117608395
    0.0114574020
    0.0038158921
    0.0085370873
    0.0101240037
    0.0029784911
    0.0069062418
   -0.0265368830
   -0.0248722530
   -0.0218450543
   -0.0231498825
   -0.0269427498
   -0.0288064191
   -0.0280455518
   -0.0141364645
   -0.0145324800
   -0.0173773693
   -0.0216646260
   -0.0256895519
   -0.0281103441
   -0.0287928963
   -0.0284740566
   -0.0275443390
   -0.0254933015
   -0.0136871101
   -0.0192385785
   -0.0235431226
   -0.0258236673
   -0.0263633732
   -0.0259655251
   -0.0250462315
   -0.0234008426
   -0.0162613358
   -0.0197261116
   -0.0211203254
   -0.0211232731
   -0.0202049285
   -0.0179917749
   -0.0109160627
   -0.0129233912
   -0.0126825274
   -0.0101465671
   -0.0033251928
    0.0113983467
    0.0078782506
    0.0048781285
    0.0013881624
   -0.0033229914
    0.0142001160
    0.0112007658
    0.0088823260
    0.0065692456
    0.0041169952
    0.0161068678
    0.0132382026
    0.0111681437
    0.0095799476
    0.0092198463
    0.0156366808
    0.0136453547
    0.0146922435
