    0.0189136269
    0.0148083022
    0.0237751781
    0.0159838488
    0.0231872554
    0.0154220920
    0.0179623302
    0.0256624568
    0.0463705790
    0.0207656973
    0.0197612568
    0.0225716005
    0.0307891484
    0.0158175222
    0.0122070796
    0.0361288546
    0.0164131982
    0.0175430698
    0.0208361754
    0.0153387294
    0.0398474679
    0.0247324744
    0.0238411664
    0.0225080600
    0.0133764504
    0.0342933922
    0.0216150873
    0.0087834082
    0.0129203820
    0.0074195567
    0.0217258011
    0.0356901277
    0.0201362413
    0.0172806334
    0.0338233460
    0.0219374522
    0.0226301576
    0.0464823581
    0.0260174218
    0.0286546243
    0.0250491903
    0.0277458096
    0.0389170148
    0.0403234139
    0.0290017806
    0.0217561232
    0.0388737262
    0.0432172446
    0.0369441708
    0.0256348158
    0.0365290856
   -0.0084504390
   -0.0186800914
   -0.0175291424
    0.0017483742
   -0.0170684442
   -0.0296839590
   -0.0323555479
   -0.0312306606
   -0.0207415691
    0.0095238262
    0.0014107102
   -0.0161290737
   -0.0327335016
   -0.0370765702
   -0.0373904676
   -0.0326228321
   -0.0184329071
   -0.0027988439
   -0.0222233725
   -0.0330005768
   -0.0369290515
   -0.0341843149
   -0.0241481979
   -0.0167482910
   -0.0307920814
   -0.0276249865
   -0.0176312388
   -0.0106010856
   -0.0181072634
   -0.0300079654
   -0.0347743803
   -0.0313090410
   -0.0126629229
   -0.0283145675
   -0.0358130772
   -0.0361223049
   -0.0325393880
   -0.0191107469
    0.0099882353
   -0.0155130962
   -0.0304125130
   -0.0332409443
   -0.0304418261
   -0.0231612938
   -0.0032786485
   -0.0167200078
   -0.0217377611
   -0.0148546379
    0.0052798735
    0.0024599618
    0.0112869969
    0.0102628652
    0.0142884219
    0.0157142509
    0.0303811712
    0.0214036167
    0.0230046980
    0.0216137588
    0.0162514824
    0.0197098227
    0.0123915170
    0.0212914313
    0.0229988770
    0.0228329517
    0.0288458615
    0.0153671472
    0.0227149863
    0.0135686272
    0.0300279876
    0.0298102358
    0.0323881325
    0.0157240823
    0.0144497741
    0.0212728946
    0.0119039994
    0.0118772818
    0.0217311397
    0.0195529485
    0.0285093537
    0.0364800224
    0.0280567211
    0.0213101501
    0.0197184158
    0.0315697605
    0.0478665984
    0.0144328364
    0.0295236591
    0.0373883194
    0.0141251911
    0.0269195547
    0.0347644770
    0.0341956504
    0.0366243423
    0.0415569805
    0.0385137633
    0.0424430112
    0.0411099801
    0.0365073590
    0.0367079657
    0.0134031367
    0.0157244572
    0.0146379106
    0.0224861615
    0.0158105355
    0.0052695589
    0.0064136728
    0.0047764453
    0.0050314330
    0.0095299938
    0.0092771103
    0.0039012431
    0.0071050662
    0.0005202844
   -0.0019607833
    0.0054933387
    0.0033136415
    0.0000897223
   -0.0021308348
    0.0021451128
    0.0215910253
    0.0076105791
    0.0013383010
   -0.0005076870
    0.0074995061
    0.0069597211
    0.0050119307
    0.0003127782
   -0.0011817945
    0.0016931593
   -0.0009582185
   -0.0013615362
    0.0014425171
    0.0147962163
    0.0059097941
    0.0009188305
    0.0072227945
    0.0131703920
    0.0052707445
    0.0076165203
   -0.0007500617
    0.0010255883
    0.0087906985
    0.0016442775
   -0.0024364326
   -0.0004608394
    0.0021905368
    0.0073020026
    0.0022065368
   -0.0026702557
   -0.0003315248
    0.0054658916
    0.0101578806
    0.0026656255
    0.0107730112
    0.0154698434
    0.0016245594
   -0.0013282500
    0.0000575380
    0.0125129215
    0.0016611428
   -0.0011990664
   -0.0001168957
   -0.0015258643
    0.0105441841
    0.0051968476
    0.0067811566
    0.0039318616
    0.0041715264
    0.0054222492
    0.0119005116
    0.0125321604
    0.0176083057
    0.0116963350
    0.0151983192
    0.0120187114
    0.0274678550
    0.0186442956
    0.0248122603
    0.0204843586
    0.0274880201
    0.0213991908
    0.0155552632
    0.0123808515
    0.0308651250
    0.0317519332
    0.0293612913
    0.0231430709
    0.0226779492
    0.0318700994
    0.0397631243
    0.0168512315
    0.0257185540
    0.0244256057
    0.0274823543
    0.0252544558
    0.0176856754
    0.0223414921
    0.0177142364
    0.0373549365
    0.0267389519
    0.0317316728
    0.0316747741
    0.0242567709
    0.0394102207
    0.0274621027
    0.0214904971
    0.0336165638
    0.0389888309
    0.0264932208
    0.0235602483
    0.0311926791
    0.0227668484
    0.0389878286
    0.0105195947
    0.0079184019
    0.0200251050
    0.0337126631
    0.0246724915
   -0.0088722177
   -0.0091922484
   -0.0035217834
   -0.0065452028
    0.0069282287
    0.0416143826
    0.0374377652
   -0.0185256682
    0.0249620994
    0.0105519985
    0.0045886408
   -0.0110443078
   -0.0076733442
    0.0066896976
    0.0054213350
   -0.0058614813
   -0.0018945627
   -0.0179829950
    0.0072054366
    0.0146791930
   -0.0017782869
   -0.0014296800
   -0.0040096437
   -0.0083007736
   -0.0065295261
    0.0005666025
    0.0119892238
    0.0043572358
    0.0065335326
    0.0054743784
    0.0049735908
   -0.0088353923
   -0.0117853464
    0.0000546439
   -0.0037684484
    0.0018005530
    0.0077972489
   -0.0047407482
   -0.0156839845
   -0.0244315763
   -0.0069071445
    0.0088655973
    0.0273403846
    0.0095315878
   -0.0141735153
    0.0403429773
    0.0325685334
    0.0232400025
    0.0421455598
    0.0351939074
    0.0255191022
    0.0052200957
    0.0230188036
    0.0362266427
    0.0364419790
    0.0282443215
    0.0304250924
    0.0355451374
    0.0373011737
    0.0345381356
    0.0385830730
    0.0411375545
    0.0379574631
    0.0432975078
    0.0320361673
    0.0219002186
    0.0084002628
    0.0207097131
    0.0096609836
    0.0182341095
    0.0154920741
    0.0166039139
   -0.0157983997
   -0.0191885247
   -0.0296513908
   -0.0249352602
   -0.0095067484
    0.0063313031
   -0.0256834553
   -0.0348803281
   -0.0343891949
   -0.0286969589
   -0.0104862457
    0.0104870223
   -0.0284754247
   -0.0338239054
   -0.0327901813
   -0.0289142286
   -0.0139491480
   -0.0132613837
   -0.0224547184
   -0.0209009787
   -0.0093440898
    0.0026118090
    0.0065895577
   -0.0037593758
    0.0006692368
   -0.0166216355
   -0.0237303865
   -0.0242738686
   -0.0040027874
   -0.0224541234
   -0.0289136643
   -0.0316515178
   -0.0288975715
   -0.0155351576
   -0.0285444069
   -0.0308681188
   -0.0266437497
   -0.0124279166
    0.0023128448
    0.0043142769
   -0.0084759090
   -0.0239926051
   -0.0251811876
   -0.0154504393
    0.0235441604
    0.0209222845
    0.0222191674
    0.0169971811
    0.0111950596
    0.0121781576
    0.0168110463
    0.0219217803
    0.0240025313
    0.0211723327
    0.0293309793
    0.0243416618
    0.0228733832
    0.0251030267
    0.0238307398
    0.0346360563
    0.0629746441
   -0.0010141242
    0.0285842044
    0.0450047441
    0.0492145977
    0.0189731896
    0.0291442774
    0.0081998728
    0.0270438943
    0.0250076748
    0.0268948688
    0.0139794447
    0.0198796572
    0.0248924434
   -0.0045591150
   -0.0153927239
    0.0050900078
    0.0027829169
    0.0112334748
    0.0045759469
    0.0114915318
    0.0140000545
    0.0200107004
    0.0232225114
   -0.0594002111
   -0.0612695325
   -0.0583557149
   -0.0507738594
   -0.0565437941
   -0.0578451259
   -0.0570461167
   -0.0502282327
   -0.0335044281
   -0.0442108604
   -0.0539816218
   -0.0527112516
   -0.0531471005
   -0.0481852309
   -0.0340756067
   -0.0195616914
   -0.0386637476
   -0.0480695670
   -0.0440498098
   -0.0462432692
   -0.0378206335
   -0.0176236720
   -0.0339399603
   -0.0251718956
   -0.0348972086
   -0.0474919590
   -0.0428125441
   -0.0273543267
   -0.0084793799
   -0.0173164087
   -0.0381422989
   -0.0487349284
   -0.0363819228
   -0.0238564134
    0.0042976500
   -0.0021227919
   -0.0268545307
   -0.0440150724
   -0.0138443948
    0.0009105330
    0.0052538488
    0.0224419886
    0.0304098174
    0.0266538698
    0.0500287977
    0.0530837233
    0.0421906071
    0.0627336506
    0.0504836990
    0.0372462862
    0.0167318258
    0.0192483659
    0.0140374028
    0.0200386156
    0.0131416185
    0.0127128383
    0.0161692497
    0.0208292052
    0.0153578092
    0.0157512852
    0.0134867833
    0.0076872004
    0.0250625915
    0.0084445106
    0.0125274498
    0.0226135421
    0.0307256727
    0.0237948872
    0.0209989121
    0.0141783374
    0.0064787136
    0.0230400157
    0.0148387129
    0.0153656745
    0.0119668167
    0.0208468219
    0.0288537651
    0.0158893163
    0.0145383671
    0.0237475256
    0.0192395052
    0.0222692397
    0.0204552502
    0.0262139925
    0.0295178805
    0.0242322160
    0.0180491404
    0.0284008126
    0.0332597311
    0.0321857406
    0.0252571532
    0.0214321596
    0.0312874592
    0.0319535635
    0.0265079268
    0.0238672304
    0.0254473492
    0.0012877095
   -0.0078283137
   -0.0061513472
   -0.0157509532
   -0.0204286045
   -0.0199883736
   -0.0126540494
   -0.0097983591
   -0.0231970628
   -0.0268458351
   -0.0268902286
   -0.0227742449
   -0.0105267157
    0.0084621768
   -0.0007106926
   -0.0120175517
   -0.0245635453
   -0.0289989827
   -0.0290321598
   -0.0246292002
   -0.0146924140
   -0.0044287427
    0.0035819439
    0.0043086599
   -0.0161254052
   -0.0242305088
   -0.0280238419
   -0.0255516226
   -0.0180688201
   -0.0127882568
   -0.0228784264
   -0.0195701710
   -0.0109784475
   -0.0074639357
   -0.0134701320
   -0.0221652916
   -0.0257492210
   -0.0218253996
    0.0023396665
   -0.0105773257
   -0.0212324241
   -0.0270616423
   -0.0276665538
   -0.0238330443
   -0.0112050185
   -0.0073595747
   -0.0199175184
   -0.0259375975
   -0.0264851972
   -0.0235778575
   -0.0157529344
   -0.0070769664
   -0.0191242707
   -0.0211927837
   -0.0179094469
   -0.0091731624
    0.0092403157
   -0.0030810362
   -0.0101247703
   -0.0044338185
    0.0102639742
    0.0111238553
    0.0101951201
    0.0107794701
    0.0299129803
    0.0167739588
    0.0197493000
    0.0195577254
    0.0149640412
    0.0156384391
    0.0115931311
    0.0136747304
    0.0134962547
    0.0160165504
    0.0222133226
    0.0270896590
    0.0199637895
    0.0220875272
    0.0246365413
    0.0249312540
    0.0146572903
    0.0114106211
    0.0271134036
    0.0307344604
    0.0114885618
    0.0089814075
    0.0106071204
   -0.0025648663
    0.0110206679
    0.0022644301
    0.0126893768
    0.0138899961
    0.0233579145
    0.0300783362
    0.0254004644
    0.0193875570
    0.0150392661
    0.0189007207
    0.0268144800
    0.0390166467
   -0.0010909425
    0.0158998624
    0.0260993356
    0.0325474306
    0.0043519371
    0.0201992037
    0.0279474900
    0.0351017237
    0.0160975580
    0.0238541813
    0.0293353325
    0.0307659795
    0.0386806081
    0.0349062644
    0.0330132994
    0.0374188293
    0.0359490726
    0.0348650221
    0.0349518324
    0.0086621747
    0.0077248584
    0.0088653102
    0.0100408537
    0.0139929891
    0.0197470763
    0.0190087238
    0.0128020190
    0.0059073117
    0.0054427434
    0.0046010642
    0.0051816890
    0.0087615636
    0.0090863689
    0.0048855440
    0.0028627307
    0.0060114126
    0.0019283813
   -0.0006735395
   -0.0007373151
    0.0038164924
    0.0010259094
   -0.0004813118
    0.0012628430
    0.0134887508
    0.0076192801
    0.0028545630
    0.0013660923
    0.0064931639
    0.0067698094
    0.0052249302
    0.0026960528
   -0.0006013185
   -0.0001797303
    0.0052242224
    0.0012202355
   -0.0008076027
   -0.0006637010
    0.0010409538
    0.0070277488
    0.0010806470
   -0.0004623826
    0.0003626563
    0.0044119076
    0.0062792596
    0.0025694591
    0.0065480893
    0.0050588665
    0.0064947010
    0.0011581146
    0.0026467542
    0.0074972353
    0.0040760749
   -0.0004144695
   -0.0003731779
    0.0015665136
    0.0047835491
    0.0104417637
   -0.0003394359
   -0.0015351782
   -0.0001492822
    0.0027016764
    0.0067964337
   -0.0009676897
   -0.0005971251
    0.0047131121
    0.0089590023
    0.0043006647
    0.0097426993
    0.0124485421
    0.0023387852
    0.0001563116
    0.0009882325
    0.0029094773
   -0.0000113435
   -0.0009780833
    0.0000515199
    0.0092363699
    0.0015439555
   -0.0004740026
    0.0002670507
    0.0060362945
    0.0069063627
    0.0043932813
    0.0044103544
    0.0062732270
    0.0114196988
    0.0116257722
    0.0113842571
    0.0078783205
    0.0078241098
    0.0101142313
    0.0064169210
    0.0109405609
    0.0215419464
    0.0154204720
    0.0201169807
    0.0254529755
    0.0246782833
    0.0131808166
    0.0102485762
    0.0296210705
    0.0288485931
    0.0182461463
    0.0199725483
    0.0164765779
    0.0304361627
    0.0316419702
    0.0151586418
    0.0223583038
    0.0255013959
    0.0252954808
    0.0226210882
    0.0293759848
    0.0152671180
    0.0189484918
    0.0167660451
    0.0198518092
    0.0302959488
    0.0229539030
    0.0308191563
    0.0285792049
    0.0227740510
    0.0168971452
    0.0207365084
    0.0343045444
    0.0261205161
    0.0134897074
    0.0332751159
    0.0248487467
    0.0397472194
    0.0366195800
    0.0257499514
    0.0208933735
    0.0299315383
    0.0170361457
    0.0314184296
    0.0385219444
    0.0129789570
    0.0122074361
    0.0182119601
    0.0278912118
    0.0009872530
   -0.0019207721
   -0.0041408734
   -0.0129625536
    0.0352775717
    0.0241961434
    0.0166018183
   -0.0169201316
   -0.0056166293
    0.0132067259
    0.0092227023
   -0.0116780784
    0.0001672195
   -0.0071769677
   -0.0113335185
    0.0010914081
    0.0098621608
   -0.0133719532
    0.0102609777
    0.0159251650
   -0.0048184658
    0.0003683619
    0.0097464386
    0.0007546205
   -0.0032764644
   -0.0016771523
    0.0052809739
    0.0075045334
    0.0087755245
    0.0000827914
   -0.0162491087
   -0.0132412053
    0.0002521066
    0.0021297329
   -0.0053411856
   -0.0095216988
   -0.0099599981
    0.0033563620
   -0.0290140829
   -0.0194892313
   -0.0060845997
    0.0102134700
   -0.0054297569
   -0.0130317628
   -0.0015843095
    0.0148233291
    0.0039205433
    0.0252596925
    0.0163529144
    0.0349298703
    0.0289220204
    0.0215312180
    0.0049669109
    0.0401099762
    0.0331665541
    0.0274533875
    0.0181209539
    0.0036749893
    0.0194905413
    0.0315004821
    0.0283226078
    0.0217157136
    0.0255098718
    0.0330761847
    0.0347459364
    0.0305378633
    0.0339011846
    0.0372475007
    0.0284302471
    0.0332166117
    0.0362320826
    0.0271849131
    0.0165959355
    0.0054138842
    0.0132571138
    0.0003918707
    0.0126912845
    0.0107705316
    0.0127386623
    0.0124065082
   -0.0086845050
   -0.0107476864
   -0.0208225828
   -0.0165413357
   -0.0042599529
    0.0087698269
   -0.0149497427
   -0.0259660076
   -0.0261170862
   -0.0204608299
   -0.0065685949
    0.0078983383
   -0.0273452718
   -0.0274629883
   -0.0246113629
   -0.0157654267
   -0.0232080410
   -0.0229328843
   -0.0194107875
   -0.0083268197
   -0.0116950243
   -0.0105036177
    0.0001919894
    0.0045698556
    0.0087844034
   -0.0064304814
   -0.0128019713
   -0.0130713080
   -0.0025744766
   -0.0144925112
   -0.0199189508
   -0.0220264777
   -0.0066388711
   -0.0185957524
   -0.0228263883
   -0.0232890677
   -0.0176369167
   -0.0070400550
   -0.0194414958
   -0.0218513179
   -0.0169059407
   -0.0062523783
    0.0040920174
    0.0052176158
   -0.0025405609
   -0.0146793916
   -0.0163789761
   -0.0083909908
    0.0174909697
    0.0131793216
    0.0085505331
    0.0141037026
    0.0176131644
    0.0182777203
    0.0154387496
    0.0123200703
    0.0127275107
    0.0158597008
    0.0184047066
    0.0196183015
    0.0184462755
    0.0216976547
    0.0252026283
    0.0191068464
    0.0193062699
    0.0208857353
    0.0250088836
    0.0424214850
    0.0031762140
   -0.0006742594
    0.0147743945
    0.0352943569
    0.0447260696
    0.0394492027
    0.0172498344
    0.0224815945
    0.0282883706
   -0.0030925342
    0.0111394294
    0.0222556874
    0.0211325203
    0.0222725024
    0.0172594933
    0.0118491817
    0.0180494936
    0.0201555718
   -0.0190541284
   -0.0025580115
   -0.0090411767
    0.0007554177
   -0.0047048059
   -0.0094616970
    0.0059876748
    0.0046065628
    0.0102791907
    0.0058560423
    0.0118376138
    0.0125719538
    0.0189382740
   -0.0503345802
   -0.0503791284
   -0.0487743948
   -0.0473202952
   -0.0486768525
   -0.0481053243
   -0.0433370232
   -0.0347309590
   -0.0387119655
   -0.0456425003
   -0.0451670891
   -0.0454822888
   -0.0424501541
   -0.0345472402
   -0.0247168770
   -0.0358734798
   -0.0420675173
   -0.0398441119
   -0.0411577723
   -0.0382656229
   -0.0293806762
   -0.0143968801
   -0.0273019666
   -0.0351568016
   -0.0281173675
   -0.0325336548
   -0.0276639988
   -0.0274759499
   -0.0383949789
   -0.0343674762
   -0.0221068015
   -0.0095392385
   -0.0151882961
   -0.0302469665
   -0.0499050314
   -0.0431089348
   -0.0321230952
   -0.0203704010
   -0.0009132396
   -0.0050754518
   -0.0234963559
   -0.0385010183
   -0.0210013892
   -0.0106925556
    0.0112950866
    0.0136222749
   -0.0067501202
   -0.0223658938
    0.0026780201
    0.0198466880
    0.0284435696
    0.0380846989
    0.0358218940
    0.0237382886
    0.0511454225
    0.0467293470
    0.0380565550
    0.0257506920
    0.0365849341
    0.0164211363
    0.0123402488
    0.0134635658
    0.0116167263
    0.0086548373
    0.0128974322
    0.0196735788
    0.0145626558
    0.0180718320
    0.0115389473
    0.0143788165
    0.0130354870
    0.0022713094
    0.0069665659
    0.0131186407
    0.0182547102
    0.0112286357
    0.0180789924
    0.0104006547
    0.0225455983
    0.0182260060
    0.0099005738
    0.0033237047
    0.0161648805
    0.0098385748
    0.0165843914
    0.0131625244
    0.0193847900
    0.0130834868
    0.0127991726
    0.0175432289
    0.0184240751
    0.0222003198
    0.0264675797
    0.0228307889
    0.0217984558
    0.0124236863
    0.0188221535
    0.0250303509
    0.0265532826
    0.0234674488
    0.0158716440
    0.0214169630
    0.0257300106
    0.0243190327
    0.0175043863
    0.0202001069
   -0.0035657791
   -0.0046600947
    0.0032701457
   -0.0089448548
   -0.0146794854
   -0.0154531896
   -0.0116522523
    0.0011874317
   -0.0154574838
   -0.0203390288
   -0.0211902211
   -0.0189322915
   -0.0115937773
    0.0027106890
    0.0036697702
   -0.0044253890
   -0.0164197325
   -0.0220505229
   -0.0231310219
   -0.0208579856
   -0.0144312022
   -0.0058589876
    0.0009765630
    0.0065068644
   -0.0106708219
   -0.0180026021
   -0.0218333360
   -0.0194811200
   -0.0128268962
   -0.0081583805
   -0.0171352829
   -0.0138648459
   -0.0049571424
   -0.0032301889
   -0.0090198492
   -0.0165891745
   -0.0195985234
   -0.0152714589
   -0.0028350625
   -0.0116611123
   -0.0184723950
   -0.0214984785
   -0.0207419106
   -0.0156758171
   -0.0020888812
    0.0025209359
   -0.0085272147
   -0.0168161954
   -0.0202126656
   -0.0198297520
   -0.0162610884
   -0.0075175514
   -0.0079137376
   -0.0146483619
   -0.0150792891
   -0.0112685629
   -0.0024122431
   -0.0031915392
   -0.0053686269
    0.0009874029
    0.0097970764
    0.0098101196
    0.0086575798
    0.0280553022
    0.0134226516
    0.0178083278
    0.0137935066
    0.0130837296
    0.0114121011
    0.0121835031
    0.0109458433
    0.0293999401
    0.0149757588
    0.0196879590
    0.0247685086
    0.0228480752
    0.0262967315
    0.0220298902
    0.0141315080
    0.0108858334
    0.0290793413
    0.0259710114
    0.0065416751
   -0.0018029205
    0.0001350305
    0.0067992812
    0.0196792478
    0.0263937089
    0.0112675183
    0.0147571425
    0.0227527117
    0.0004577577
    0.0151261261
    0.0234038229
    0.0293798863
    0.0065420105
    0.0187547700
    0.0256265602
    0.0327778069
    0.0257295141
    0.0269074105
    0.0309293041
    0.0294531558
    0.0330869814
    0.0321684954
    0.0316334314
    0.0319646456
    0.0195037771
    0.0078311387
    0.0075684768
    0.0056722181
    0.0059746323
    0.0077869344
    0.0119643273
    0.0163399113
    0.0161711556
    0.0116959620
    0.0062424766
    0.0051576813
    0.0045312395
    0.0051944005
    0.0082115761
    0.0087961934
    0.0053708200
    0.0086041832
    0.0031808281
    0.0002219632
   -0.0003638155
    0.0058397498
    0.0023486457
    0.0002734544
   -0.0002214521
    0.0009163413
    0.0101577035
    0.0043179722
    0.0017502370
    0.0006799902
    0.0020650112
    0.0115281780
    0.0078186784
    0.0038230236
    0.0024933734
    0.0056523419
    0.0066492075
    0.0051957150
    0.0015677224
    0.0001105419
   -0.0004861152
    0.0002165341
    0.0029529142
   -0.0000897571
   -0.0004397087
    0.0001777794
    0.0021872389
    0.0019580796
    0.0005676746
    0.0008122563
    0.0033839929
    0.0058740532
    0.0032640894
    0.0056570557
    0.0055240785
    0.0022770420
    0.0036029561
    0.0041507561
    0.0008092411
    0.0006052178
    0.0022660100
    0.0053645404
    0.0096700218
    0.0007989570
   -0.0005398555
   -0.0001179957
    0.0016306638
    0.0047361360
    0.0004408738
   -0.0008313064
   -0.0003223746
    0.0020434692
    0.0075250944
    0.0047177510
    0.0081519020
    0.0091968194
    0.0025322567
    0.0011593450
    0.0021519421
    0.0025304205
    0.0003147379
   -0.0002956982
    0.0002195318
    0.0027423783
    0.0002992480
   -0.0004481279
    0.0000015672
    0.0010176165
   -0.0002949598
    0.0008011747
    0.0064481332
    0.0068655641
    0.0046616392
    0.0047027817
    0.0067015947
    0.0108661302
    0.0108635143
    0.0087621280
    0.0060353816
    0.0057079174
    0.0064286544
    0.0050441306
    0.0060397495
    0.0100860667
    0.0169618901
    0.0222234368
    0.0187722345
    0.0134433535
    0.0169986035
    0.0234304931
    0.0216847236
    0.0098514123
    0.0274225250
    0.0287374285
    0.0323831700
    0.0156827487
    0.0181095803
    0.0140944872
    0.0290609364
    0.0199043246
    0.0267492137
    0.0252932713
    0.0220732346
    0.0253365468
    0.0212800721
    0.0148803365
    0.0306364082
    0.0143708426
    0.0167437198
    0.0158536239
    0.0182272842
    0.0254915055
    0.0201548717
    0.0299902632
    0.0256413345
    0.0269350954
    0.0197588327
    0.0195041617
    0.0148563303
    0.0182888104
    0.0315867737
    0.0250228794
    0.0166665703
    0.0126723569
    0.0156536425
    0.0267456637
    0.0196358358
    0.0329913241
    0.0196292458
    0.0272294882
    0.0327228986
    0.0375982278
    0.0137976234
    0.0131349847
    0.0240981392
   -0.0116367061
   -0.0072404132
    0.0004085002
   -0.0098433962
    0.0287472497
    0.0234993167
   -0.0133733878
    0.0098563742
    0.0054392732
    0.0168959948
   -0.0122301755
   -0.0111583740
    0.0069417395
    0.0039073197
   -0.0111530898
   -0.0066926905
   -0.0044064108
   -0.0009663659
   -0.0074206918
    0.0045105172
    0.0115626255
   -0.0109663621
    0.0117640748
   -0.0054150445
   -0.0062867620
   -0.0055113074
   -0.0003629198
    0.0048447854
    0.0113840375
    0.0034321561
    0.0006926248
    0.0007360604
    0.0069792671
    0.0092918440
    0.0096906443
    0.0031177973
    0.0010611204
   -0.0096522009
   -0.0109529871
   -0.0110697746
   -0.0018393063
    0.0004140071
    0.0033370544
   -0.0027508868
    0.0105534909
   -0.0226164047
   -0.0130333723
   -0.0111724760
   -0.0103890360
   -0.0037600225
    0.0165811437
    0.0047131258
   -0.0080327102
   -0.0131828157
    0.0202928013
    0.0287231812
    0.0231825498
    0.0147958135
    0.0326251581
    0.0270273361
    0.0211620878
    0.0112339379
    0.0161263625
    0.0277134922
    0.0242002019
    0.0176987809
    0.0219713292
    0.0299666420
    0.0319437370
    0.0282368810
    0.0306283325
    0.0350263646
    0.0243815440
    0.0291218556
    0.0236541361
    0.0090012147
    0.0074094786
    0.0057403826
    0.0092542583
   -0.0039712158
   -0.0058551075
   -0.0156947100
   -0.0112730122
    0.0000838031
    0.0125305552
   -0.0203197513
   -0.0210287691
   -0.0169412082
   -0.0067335019
    0.0062004523
    0.0155927439
   -0.0217931533
   -0.0222719975
   -0.0199738724
   -0.0135897445
   -0.0183134434
   -0.0182612352
   -0.0155985698
   -0.0080780844
   -0.0081055400
   -0.0077429344
   -0.0012303231
    0.0071886710
    0.0051837993
   -0.0044322459
   -0.0084152145
   -0.0028309702
   -0.0111242579
   -0.0150280973
   -0.0161710017
   -0.0061256966
   -0.0143222179
   -0.0173287699
   -0.0168553730
   -0.0067458056
   -0.0146778006
   -0.0157065183
   -0.0100200055
   -0.0015307899
    0.0071127835
    0.0079573099
    0.0025411965
   -0.0087852894
   -0.0108641603
   -0.0036257385
    0.0142953242
    0.0108215194
    0.0121831328
    0.0146325065
    0.0150222438
    0.0129348924
    0.0105609377
    0.0109188080
    0.0135702513
    0.0152670571
    0.0163751382
    0.0156641899
    0.0192240520
    0.0161578285
    0.0161245776
    0.0178586914
    0.0191925861
    0.0362025824
    0.0001343161
    0.0235138313
    0.0359076843
    0.0431170335
    0.0144283048
    0.0180288068
    0.0242563885
   -0.0010902061
    0.0110976731
    0.0191908334
    0.0180651360
    0.0191050111
    0.0141613569
    0.0088561030
    0.0150611064
    0.0168872151
   -0.0057636414
   -0.0122938609
   -0.0019489324
   -0.0065179041
   -0.0104948692
    0.0035245436
    0.0016169905
    0.0076526261
    0.0041771708
    0.0100618403
    0.0098433794
   -0.0431377403
   -0.0422264450
   -0.0412372919
   -0.0397510931
   -0.0407996442
   -0.0406242501
   -0.0376343643
   -0.0322003769
   -0.0272237639
   -0.0334497282
   -0.0384187246
   -0.0377092273
   -0.0381799043
   -0.0362300862
   -0.0311007032
   -0.0224843034
   -0.0303798989
   -0.0351509283
   -0.0324041204
   -0.0338095099
   -0.0322038356
   -0.0267135327
   -0.0135460333
   -0.0224579590
   -0.0285197596
   -0.0253045128
   -0.0235727508
   -0.0222681474
   -0.0325616404
   -0.0286668159
   -0.0176325921
   -0.0070846996
   -0.0116925277
   -0.0247533674
   -0.0397250894
   -0.0291372123
   -0.0196899314
   -0.0064324872
    0.0093367058
    0.0075753063
   -0.0077188677
   -0.0216016780
   -0.0349721369
   -0.0203041264
   -0.0121740569
    0.0017658677
    0.0066194727
   -0.0080035829
   -0.0028572076
    0.0188228828
    0.0150887282
    0.0163166684
    0.0288586677
    0.0316153285
    0.0264125417
    0.0422536286
    0.0364848147
    0.0281059514
    0.0268096442
    0.0139233304
    0.0105039223
    0.0092016253
    0.0099991231
    0.0122351713
    0.0063399915
    0.0143293972
    0.0155577617
    0.0118029296
    0.0150220211
    0.0147350089
    0.0127954758
    0.0156875778
    0.0084874661
    0.0128811237
    0.0061644880
    0.0044006295
    0.0198793602
    0.0096492533
    0.0138327025
    0.0147566197
    0.0102638609
    0.0150945104
    0.0207609121
    0.0156063165
    0.0075693362
    0.0118018854
    0.0066032133
    0.0164736680
    0.0104324860
    0.0179452434
    0.0113830129
    0.0133818334
    0.0155407644
    0.0186497933
    0.0217505237
    0.0171381342
    0.0148568338
    0.0186237131
    0.0206505942
    0.0191004349
    0.0131372277
    0.0074054701
    0.0169065269
    0.0210783872
    0.0214280120
    0.0186039787
    0.0147869098
    0.0196674480
    0.0194494505
    0.0117634720
    0.0000589556
   -0.0014813979
   -0.0074893064
   -0.0091038581
   -0.0070610538
    0.0006875081
   -0.0110456689
   -0.0142458705
   -0.0147377134
   -0.0127941686
   -0.0071835764
    0.0046744546
   -0.0112870792
   -0.0163011336
   -0.0177923793
   -0.0169787547
   -0.0134561362
   -0.0063725602
    0.0029487436
    0.0019063390
   -0.0035242335
   -0.0115764655
   -0.0166898989
   -0.0184336678
   -0.0176527783
   -0.0143319101
   -0.0088817790
   -0.0033765253
    0.0010739465
    0.0041808662
    0.0042390405
   -0.0079328507
   -0.0136415500
   -0.0168739350
   -0.0149594149
   -0.0097822929
   -0.0061630006
   -0.0129429060
   -0.0098030081
   -0.0026155049
   -0.0018621249
   -0.0066240932
   -0.0124130839
   -0.0146042292
   -0.0106430199
   -0.0005403736
   -0.0066526164
   -0.0120603681
   -0.0156835664
   -0.0167663890
   -0.0151095737
   -0.0098058710
    0.0021348181
   -0.0046570182
   -0.0111834399
   -0.0153002915
   -0.0166062305
   -0.0154423222
   -0.0114905899
   -0.0026576511
   -0.0033028500
   -0.0104891008
   -0.0136262047
   -0.0137647388
   -0.0114561546
   -0.0062420105
    0.0036441837
   -0.0037255000
   -0.0082892749
   -0.0079268179
   -0.0037962335
    0.0044609675
    0.0008125763
    0.0009253061
    0.0063139620
    0.0042626544
    0.0108863395
    0.0220583074
    0.0160693569
    0.0125598893
    0.0112310454
    0.0109634431
    0.0108271853
    0.0084535077
    0.0291294096
    0.0162286153
    0.0216670112
    0.0159466865
    0.0199657613
    0.0238524526
    0.0134229947
    0.0288731004
    0.0264787859
    0.0026267442
   -0.0015472251
   -0.0018530189
    0.0045232934
    0.0169016071
    0.0224943819
    0.0100831950
    0.0127088916
    0.0193372036
    0.0295712283
    0.0017411544
    0.0128942007
    0.0201286706
    0.0253607083
    0.0087538753
    0.0178067799
    0.0237866610
    0.0300819033
    0.0090767926
    0.0179614907
    0.0239685610
    0.0228653731
    0.0236682775
    0.0272185232
    0.0259998632
    0.0297802869
    0.0287156039
    0.0303192501
    0.0298045637
    0.0303062498
    0.0107829790
    0.0161577057
    0.0074935355
    0.0058678142
    0.0056428865
    0.0045533066
    0.0045944147
    0.0064817187
    0.0104069981
    0.0139768620
    0.0141246268
    0.0108445989
    0.0063381291
    0.0050176852
    0.0044393841
    0.0051073636
    0.0077343573
    0.0084304571
    0.0055472971
    0.0040455868
    0.0074520301
    0.0032023718
    0.0008979607
   -0.0000272703
    0.0002645636
    0.0058209745
    0.0026125490
    0.0008591265
    0.0004658291
    0.0012968050
    0.0099848126
    0.0046964976
    0.0023769414
    0.0014938654
    0.0025016941
    0.0077871995
    0.0043724631
    0.0031225262
    0.0050144462
    0.0065436965
    0.0050952257
    0.0003914835
   -0.0002991918
    0.0001249395
    0.0024690470
    0.0003224585
   -0.0002174489
   -0.0002195484
    0.0003574442
    0.0020197484
    0.0004277800
    0.0000014090
    0.0001872282
    0.0011233941
    0.0024226636
    0.0012359754
    0.0011464265
    0.0026020524
    0.0052452894
    0.0034024035
    0.0048151168
    0.0048154979
    0.0028847010
    0.0041178823
    0.0039302391
    0.0015602551
    0.0013746845
    0.0028390783
    0.0056421901
    0.0091358755
    0.0013400461
    0.0002290019
    0.0004955859
    0.0019891708
    0.0048917355
    0.0087890743
   -0.0000708019
   -0.0003525826
    0.0004058176
    0.0023214984
    0.0061219571
    0.0005417653
   -0.0004593053
    0.0000552445
    0.0025616122
    0.0045446425
    0.0066810502
    0.0025215237
    0.0017519917
    0.0026829585
    0.0017255412
    0.0004417384
    0.0002629691
    0.0008355657
    0.0021793504
    0.0004386804
   -0.0001776964
   -0.0001711144
    0.0002831073
    0.0022758071
    0.0003058084
   -0.0001470664
    0.0002892892
    0.0065693567
    0.0067078750
    0.0047577912
    0.0048673316
    0.0068310750
    0.0102696561
    0.0101657544
    0.0074251634
    0.0050876867
    0.0047028677
    0.0049933090
    0.0046574910
    0.0059673998
    0.0095776671
    0.0151802703
    0.0188268166
    0.0165357098
    0.0119726854
    0.0075756054
    0.0213781061
    0.0192929308
    0.0270497091
    0.0086765804
    0.0251848642
    0.0278742171
    0.0298282732
    0.0139548047
    0.0268253474
    0.0131733137
    0.0245377397
    0.0178293234
    0.0275262158
    0.0258788888
    0.0220821106
    0.0222635845
    0.0184576352
    0.0245441351
    0.0159651323
    0.0135229851
    0.0150138048
    0.0147819042
    0.0166438593
    0.0218267020
    0.0178316327
    0.0258987992
    0.0257496503
    0.0170342442
    0.0163358158
    0.0241367498
    0.0183076801
    0.0137595037
    0.0219258475
    0.0162940046
    0.0310144239
    0.0184486909
    0.0245457066
    0.0287655612
    0.0083637122
    0.0129461848
    0.0212914091
   -0.0013274157
   -0.0069968687
    0.0337588103
    0.0301242507
    0.0189427294
    0.0130710449
   -0.0122435148
   -0.0102531677
    0.0096509152
    0.0050466188
   -0.0122240337
   -0.0117084665
    0.0017435520
   -0.0104373893
   -0.0011699216
    0.0012087748
    0.0060224628
    0.0101677134
   -0.0041463115
    0.0120755675
   -0.0081422673
   -0.0029829882
    0.0001973542
    0.0066277744
    0.0012691867
   -0.0019028762
   -0.0027873302
   -0.0025523700
    0.0022437838
    0.0066199730
    0.0055304811
    0.0034248127
    0.0037814414
    0.0099572687
    0.0096772105
   -0.0015124078
   -0.0160451286
   -0.0143161282
    0.0009682784
    0.0008998818
    0.0010613992
   -0.0053977442
   -0.0076745380
   -0.0086953456
    0.0014324968
    0.0043996383
    0.0052022800
   -0.0163570497
   -0.0152060680
   -0.0091958668
    0.0081531282
   -0.0021691988
   -0.0123687382
    0.0021500824
   -0.0063475367
    0.0237532678
    0.0183859436
    0.0091992036
    0.0291939282
    0.0238045452
    0.0185689803
    0.0099881005
    0.0279158214
    0.0234115545
    0.0182861406
    0.0104868006
    0.0146610517
    0.0237913029
    0.0208376430
    0.0156501440
    0.0192612476
    0.0269054646
    0.0267389986
    0.0278073407
    0.0307631217
    0.0244440588
    0.0269040462
    0.0307848738
    0.0252979081
    0.0209062961
    0.0067116238
    0.0048938258
    0.0004265363
    0.0038593475
   -0.0009776328
   -0.0028292631
   -0.0111352371
   -0.0073055848
    0.0021162111
    0.0126879721
   -0.0152468133
   -0.0165680478
   -0.0140070953
   -0.0078011030
    0.0012525590
    0.0093441082
   -0.0175326670
   -0.0186912738
   -0.0171112523
   -0.0128848267
   -0.0035244234
   -0.0171077573
   -0.0174742139
   -0.0162313953
   -0.0131334997
   -0.0062591649
   -0.0121155893
   -0.0122862235
   -0.0103938189
   -0.0052890269
   -0.0023879337
   -0.0027765057
    0.0009729048
    0.0060644663
   -0.0000296937
   -0.0023552385
    0.0093940708
   -0.0007418794
   -0.0065902322
   -0.0094867195
   -0.0104511032
   -0.0016014843
   -0.0084226694
   -0.0118066636
   -0.0129671293
   -0.0120063258
   -0.0058476586
   -0.0112800114
   -0.0129188773
   -0.0112186496
   -0.0058610561
   -0.0103981596
   -0.0101972482
   -0.0046803131
    0.0008574978
    0.0072579885
    0.0080161983
    0.0043536249
   -0.0043736601
   -0.0062863213
   -0.0004420578
    0.0128333994
    0.0118750400
    0.0097835529
    0.0087982295
    0.0111944465
    0.0123551716
    0.0129606260
    0.0116602557
    0.0105164072
    0.0104184843
    0.0120906135
    0.0131648162
    0.0141330580
    0.0140097180
    0.0170565213
    0.0143683063
    0.0139946066
    0.0155333941
   -0.0010890784
    0.0215994446
    0.0326857517
    0.0339524748
    0.0138833917
    0.0162908903
    0.0201558383
    0.0011800424
    0.0103610516
    0.0163814510
    0.0158498908
    0.0163706194
    0.0124951199
    0.0085404240
    0.0130783140
    0.0145003321
   -0.0098455659
   -0.0149796924
   -0.0000080061
   -0.0021752218
   -0.0054095741
    0.0009530680
   -0.0021217362
    0.0047518488
    0.0033912403
    0.0080427193
    0.0053344092
    0.0099796979
   -0.0360900793
   -0.0356924784
   -0.0344167964
   -0.0352082459
   -0.0352313498
   -0.0335748529
   -0.0307751204
   -0.0268049489
   -0.0303913385
   -0.0335464378
   -0.0332222430
   -0.0336001238
   -0.0323679945
   -0.0292518340
   -0.0240745097
   -0.0228735585
   -0.0280379476
   -0.0313844525
   -0.0298334901
   -0.0307038911
   -0.0300500983
   -0.0275822824
   -0.0228352116
   -0.0118101915
   -0.0191308528
   -0.0241313572
   -0.0276232923
   -0.0237550881
   -0.0257403202
   -0.0253584143
   -0.0222832670
   -0.0145266266
   -0.0198083959
   -0.0185162225
   -0.0269680998
   -0.0238910468
   -0.0150627341
   -0.0073323167
   -0.0106170312
   -0.0206176847
   -0.0363324716
   -0.0338335970
   -0.0267327559
   -0.0194151096
   -0.0106716918
   -0.0001928188
    0.0076434281
    0.0073872788
   -0.0004315820
   -0.0107627772
   -0.0207231084
   -0.0302291296
   -0.0222363620
   -0.0149004600
   -0.0057977795
    0.0076067257
    0.0112065472
   -0.0012121584
   -0.0122023006
   -0.0245423456
   -0.0073431717
    0.0028455369
    0.0128514663
    0.0018456449
    0.0204579269
    0.0231382000
    0.0188589795
    0.0282385145
    0.0331171305
    0.0315171774
    0.0260971204
    0.0179741372
    0.0366880571
    0.0295632128
    0.0224103606
