    0.0134249455
    0.0145910351
    0.0114417724
    0.0211023246
    0.0176038154
    0.0153835967
    0.0326357662
    0.0154222867
    0.0169342377
    0.0173342732
    0.0303881510
    0.0136003115
    0.0125872649
    0.0268473766
    0.0017259643
    0.0049440246
    0.0057920415
    0.0110956686
    0.0177739319
    0.0216928889
    0.0172302201
    0.0114177879
    0.0177629902
    0.0161109997
    0.0317423903
    0.0217988382
    0.0104155586
    0.0157488334
    0.0312459649
    0.0204214712
    0.0113416452
    0.0215281980
    0.0211131088
    0.0135795316
    0.0311616209
    0.0344458442
    0.0303738253
    0.0231100107
    0.0354607859
    0.0404128863
    0.0372549077
    0.0264784664
    0.0133380936
    0.0325676039
    0.0296929852
    0.0098610715
   -0.0156423765
   -0.0202498583
   -0.0203817208
   -0.0168171407
   -0.0034782788
    0.0064107576
   -0.0012690135
   -0.0016444615
    0.0005963451
    0.0019883871
   -0.0302186845
   -0.0353206173
   -0.0355169441
   -0.0353894897
   -0.0336497487
   -0.0300201945
   -0.0273996138
   -0.0252232753
   -0.0254093109
   -0.0262343757
   -0.0410769199
   -0.0418073181
   -0.0416692331
   -0.0401490687
   -0.0373961574
   -0.0381649355
   -0.0421465504
   -0.0339872749
   -0.0161750748
   -0.0276020620
   -0.0358524552
   -0.0385597403
   -0.0349244455
   -0.0236550223
   -0.0028316375
   -0.0193490830
   -0.0305015548
   -0.0373615550
   -0.0389211426
   -0.0353176838
   -0.0277686466
   -0.0131482339
   -0.0111287948
   -0.0239040420
   -0.0313556916
   -0.0334502098
   -0.0297832277
   -0.0210770634
   -0.0059611060
   -0.0007513913
   -0.0096179987
   -0.0095118817
   -0.0036245940
    0.0043303291
    0.0169211903
    0.0075740805
    0.0161623300
    0.0175389490
    0.0255588127
    0.0158032106
    0.0150714526
    0.0271581136
    0.0099289333
    0.0176208282
    0.0173312512
    0.0231349721
    0.0175076128
    0.0196420908
    0.0352004181
    0.0174661847
    0.0092129534
    0.0273378362
    0.0211893673
    0.0167269303
    0.0037820503
    0.0225651771
    0.0323223889
    0.0308913933
   -0.0122205870
    0.0034170792
    0.0015412462
    0.0211472452
    0.0092278927
    0.0050999920
    0.0050528861
   -0.0088843145
    0.0052343009
    0.0143069843
    0.0082047246
    0.0302166184
    0.0361952314
    0.0269509879
    0.0202049085
    0.0248228874
    0.0336814572
    0.0201684850
    0.0123379122
   -0.0043661317
    0.0093341854
    0.0231237899
    0.0314902738
    0.0384703167
    0.0365336043
    0.0338234468
    0.0429955821
    0.0417222475
    0.0381243851
    0.0341458208
    0.0331520619
    0.0374783204
    0.0382982657
    0.0394009150
    0.0209997333
    0.0378186806
    0.0319749135
    0.0183765364
    0.0206186551
    0.0046242747
    0.0139312286
    0.0171623567
    0.0202875416
    0.0048227193
    0.0123698253
    0.0032551526
    0.0025756779
   -0.0077766357
    0.0170615112
    0.0132801420
    0.0085888944
    0.0139152245
    0.0201894991
    0.0313866805
    0.0214360345
    0.0365152879
    0.0207322129
    0.0095433043
    0.0160513082
    0.0168945243
    0.0222977426
    0.0089698021
    0.0121108368
    0.0144505391
    0.0084524374
    0.0346462076
    0.0185638292
    0.0159228814
    0.0265674656
    0.0406880713
    0.0192337370
    0.0184607849
    0.0187344727
    0.0136022591
    0.0010658160
    0.0223846129
    0.0390753822
    0.0207891186
    0.0103018693
   -0.0243862771
   -0.0069744665
   -0.0281937792
   -0.0173948803
   -0.0298142285
   -0.0239060888
   -0.0410299727
   -0.0232064401
   -0.0045560922
   -0.0116227774
   -0.0147597443
   -0.0259867480
   -0.0087830900
   -0.0230340733
   -0.0068201537
   -0.0113591861
   -0.0154827270
   -0.0039408082
   -0.0079039576
   -0.0251673331
   -0.0188536548
    0.0003136121
   -0.0305925725
   -0.0321834031
   -0.0085616223
   -0.0101267978
    0.0015444353
   -0.0227452673
   -0.0154866327
   -0.0224108433
   -0.0180735062
   -0.0240656026
   -0.0010984137
   -0.0171629959
    0.0156999665
    0.0023204678
    0.0099833921
    0.0038051899
    0.0095678551
    0.0125862490
    0.0088795571
    0.0115071599
   -0.0025991102
   -0.0026821196
   -0.0093946768
   -0.0161843258
   -0.0018687114
    0.0044260565
    0.0043220671
   -0.0013306827
    0.0061074333
    0.0180658407
    0.0259396779
    0.0253593311
    0.0084107511
    0.0378792900
    0.0330970963
    0.0261750444
    0.0107006597
    0.0356778428
    0.0271128784
    0.0162146673
    0.0086672551
    0.0283290299
    0.0179020661
    0.0382927521
    0.0378555216
    0.0396688290
    0.0330197729
    0.0363554060
    0.0351630104
    0.0386383401
    0.0329046312
    0.0334990421
    0.0140020635
    0.0018222528
    0.0132976870
    0.0183765319
   -0.0074440747
    0.0043015095
    0.0067710285
    0.0025383055
   -0.0032408867
   -0.0110614915
   -0.0336421043
   -0.0307758401
   -0.0116037730
   -0.0475593492
   -0.0446546203
   -0.0383762675
   -0.0256115095
   -0.0460732394
   -0.0468359983
   -0.0444377925
   -0.0387197007
   -0.0204904630
   -0.0379664738
   -0.0435906615
   -0.0428091326
   -0.0307515482
   -0.0313069601
   -0.0373566583
   -0.0255219051
   -0.0000057070
   -0.0111696663
   -0.0224413866
   -0.0219799491
   -0.0051561664
   -0.0233187325
   -0.0343168551
   -0.0360937138
    0.0054095504
   -0.0177067277
   -0.0336090260
   -0.0402159912
   -0.0436502019
   -0.0447034943
   -0.0256176775
   -0.0374058486
   -0.0412256713
   -0.0440055101
   -0.0439278966
   -0.0194350906
   -0.0320892649
   -0.0346552542
   -0.0306058252
   -0.0130537469
   -0.0146371277
   -0.0025745411
   -0.0121142507
   -0.0065564593
   -0.0239806883
   -0.0282371695
   -0.0283046013
   -0.0206387686
   -0.0341432018
   -0.0362393650
   -0.0364895461
   -0.0329611634
   -0.0113863217
   -0.0267036723
   -0.0352603119
   -0.0367589912
   -0.0299771991
   -0.0097152925
   -0.0134022062
   -0.0258827531
   -0.0290115178
    0.0160967954
    0.0106985429
    0.0166146789
    0.0122967443
    0.0141816586
    0.0151537766
    0.0174114648
    0.0027256907
   -0.0061939436
    0.0186912004
    0.0147538817
    0.0157957240
    0.0164157750
    0.0182111528
    0.0122420407
    0.0085248454
    0.0008272639
    0.0001439579
   -0.0073976133
    0.0007216501
    0.0024888267
    0.0040912731
    0.0003085671
   -0.0059392295
    0.0006942156
    0.0080153227
    0.0072932008
    0.0003786262
   -0.0107214023
   -0.0026562333
    0.0029963162
    0.0056927864
    0.0018183087
    0.0065162890
    0.0047260051
    0.0023338554
    0.0063117306
   -0.0025326387
   -0.0017697554
   -0.0020521575
    0.0086585426
    0.0030383540
    0.0044576086
    0.0102361462
    0.0142999268
    0.0076312389
    0.0004391426
    0.0026379409
    0.0108429930
    0.0169510032
    0.0070501711
    0.0162577508
    0.0092241815
    0.0048202112
    0.0070078057
    0.0076838205
    0.0084102406
   -0.0013830495
    0.0077659532
    0.0091072751
    0.0073585192
    0.0074477024
    0.0047137188
    0.0068262952
    0.0079813142
    0.0036218080
   -0.0036306472
   -0.0213972431
   -0.0229525280
   -0.0205902533
   -0.0019878760
   -0.0084494875
   -0.0057909166
   -0.0128985349
   -0.0010988134
   -0.0011924352
    0.0001440573
   -0.0216904441
    0.0037329919
    0.0053005704
    0.0073313526
    0.0009318688
    0.0035721669
    0.0030148200
    0.0048237522
    0.0013800653
   -0.0016661182
   -0.0069356688
   -0.0013804476
   -0.0004086226
    0.0018568008
    0.0017281971
    0.0051425783
    0.0037514266
    0.0069961037
    0.0075673001
    0.0093105925
    0.0116436337
    0.0046632602
    0.0001046702
    0.0031188159
    0.0063295360
    0.0078569049
    0.0043106133
    0.0088740835
    0.0082587692
    0.0064562196
    0.0030127569
    0.0025974609
   -0.0002130861
   -0.0206108383
   -0.0209509511
   -0.0090603154
   -0.0235419956
   -0.0143740586
   -0.0191905769
   -0.0046938144
   -0.0150799285
   -0.0036808471
   -0.0226329732
   -0.0092020945
   -0.0280963103
   -0.0093318839
   -0.0130912909
   -0.0254275244
   -0.0282751702
   -0.0175563199
   -0.0092779503
    0.0002889019
   -0.0041333790
   -0.0069875039
   -0.0161766543
   -0.0231855974
   -0.0054939007
   -0.0174681355
   -0.0052134915
   -0.0272728965
   -0.0163765265
   -0.0143734825
   -0.0007808357
    0.0070290744
   -0.0253028939
   -0.0109617174
   -0.0158830812
   -0.0060178863
    0.0091308810
    0.0065038105
    0.0117392800
    0.0109381735
    0.0058470711
    0.0107342210
    0.0108540535
    0.0067611846
   -0.0008461740
    0.0079417494
    0.0000111681
   -0.0100333741
   -0.0171609868
   -0.0119182692
   -0.0126846854
   -0.0096382338
   -0.0082987681
   -0.0073847686
   -0.0072656005
   -0.0076147565
    0.0084569086
    0.0049595573
    0.0058562210
    0.0082367777
   -0.0051068036
    0.0009056001
    0.0037548291
    0.0028147510
   -0.0104020725
   -0.0039582717
   -0.0010035706
   -0.0021466173
    0.0010122512
   -0.0007707543
    0.0046799399
    0.0100200881
    0.0031180078
   -0.0081980801
   -0.0066979595
   -0.0008746969
    0.0051390594
   -0.0002429492
    0.0154480633
    0.0081526481
    0.0092262319
    0.0131932818
    0.0150992131
    0.0125308302
    0.0130486957
    0.0039716362
    0.0117180531
    0.0037241406
    0.0023844962
    0.0012097096
    0.0073512572
    0.0103487270
    0.0096934524
    0.0122205130
    0.0119544618
    0.0070754141
    0.0114411933
    0.0106911428
    0.0012353943
    0.0054622425
    0.0029920937
    0.0022783089
    0.0050585457
    0.0114215674
    0.0109774358
    0.0121775898
    0.0121622232
    0.0129864242
    0.0092267427
   -0.0025642496
    0.0008784526
    0.0112451668
    0.0078854601
    0.0237530583
    0.0125777498
    0.0116774126
    0.0129799360
    0.0098134559
    0.0098678827
    0.0144052122
    0.0132014653
    0.0146968449
    0.0051002635
    0.0128991827
    0.0148140995
    0.0264918024
   -0.0015478390
    0.0116858743
    0.0150189595
    0.0151734067
    0.0110866811
    0.0247360322
    0.0097509569
    0.0169627819
    0.0131902695
    0.0064512579
    0.0139566601
    0.0022680944
    0.0081439185
    0.0095622006
    0.0194921101
    0.0115991847
    0.0129953113
    0.0185438410
    0.0181370306
    0.0180505119
    0.0200945319
    0.0178158939
    0.0127553842
    0.0192767539
    0.0260976884
    0.0292682042
    0.0287396068
    0.0250123704
    0.0229062478
    0.0290379648
    0.0297280041
    0.0254773567
    0.0165805621
    0.0217880288
    0.0144366510
   -0.0053247777
   -0.0060626831
   -0.0029723584
   -0.0177421398
   -0.0215072264
   -0.0215578580
   -0.0198542545
   -0.0143407785
   -0.0069027535
   -0.0066309719
   -0.0091309527
   -0.0084819217
   -0.0074447329
   -0.0052860604
   -0.0255112362
   -0.0294892336
   -0.0300322486
   -0.0294616710
   -0.0276058338
   -0.0250270557
   -0.0234080761
   -0.0221894099
   -0.0220490122
   -0.0224340356
   -0.0324898841
   -0.0336204602
   -0.0332423079
   -0.0317500308
   -0.0300981721
   -0.0304424521
   -0.0335465894
   -0.0242122954
   -0.0094591970
   -0.0198553430
   -0.0272047550
   -0.0293636528
   -0.0256960830
   -0.0151829566
   -0.0031150201
   -0.0159675114
   -0.0242954007
   -0.0292014235
   -0.0303659725
   -0.0277376234
   -0.0213692462
   -0.0084855199
   -0.0100804292
   -0.0191229504
   -0.0248834141
   -0.0276223140
   -0.0270056259
   -0.0231255044
   -0.0159590341
   -0.0041897249
   -0.0058813009
   -0.0119060491
   -0.0161749841
   -0.0173693016
   -0.0140071538
   -0.0050750846
    0.0039680879
    0.0022797517
   -0.0117096945
    0.0003925872
    0.0165851459
    0.0243560292
   -0.0012293084
    0.0103604725
    0.0140369088
    0.0186173937
    0.0166722859
    0.0141904247
    0.0098409906
    0.0113385758
    0.0148841334
    0.0197322999
    0.0173309514
    0.0197978033
    0.0333518926
    0.0325469442
    0.0182240509
    0.0109299694
    0.0316562642
    0.0057839965
    0.0072127614
   -0.0087680501
   -0.0118998464
   -0.0018525791
   -0.0055125403
    0.0124845242
    0.0138979662
    0.0016597167
    0.0015133683
    0.0003144171
   -0.0075630087
    0.0048379155
    0.0077646726
    0.0023135436
    0.0246842091
    0.0302110871
    0.0240092057
    0.0181852307
    0.0168646458
    0.0231631340
    0.0292929343
    0.0190930311
    0.0129000698
    0.0015380662
    0.0007096314
    0.0136008344
    0.0226268952
    0.0300953377
    0.0048238390
    0.0173256033
    0.0330348035
    0.0311305366
    0.0297506824
    0.0329865405
    0.0346151095
    0.0324801326
    0.0292927848
    0.0284522915
    0.0252025015
    0.0340816174
    0.0319966037
    0.0284110837
    0.0324927998
    0.0212364788
    0.0269855186
    0.0207587138
    0.0104887033
    0.0320923752
    0.0059398116
    0.0026851723
    0.0125717812
    0.0162875457
    0.0094225587
    0.0160842955
   -0.0005172998
   -0.0016512333
    0.0001879751
   -0.0117243550
    0.0168218401
    0.0206247733
    0.0067331948
    0.0059389975
    0.0093603331
    0.0194135514
    0.0283072076
    0.0165411175
    0.0295083967
    0.0175620697
    0.0089673501
    0.0139232155
    0.0168182956
    0.0191542967
    0.0272694650
    0.0215973784
    0.0136846061
    0.0090174272
    0.0122191862
    0.0076126126
    0.0177401990
    0.0117007978
    0.0189331482
    0.0274214850
    0.0067217218
   -0.0041967390
    0.0140904271
    0.0168394651
   -0.0046683737
    0.0135181326
    0.0009191660
    0.0163171894
    0.0004512198
    0.0133922140
    0.0052637080
   -0.0284381480
   -0.0276768559
   -0.0338708544
   -0.0240848537
   -0.0162207071
   -0.0336789609
   -0.0163814898
   -0.0010045634
   -0.0066941626
   -0.0178168958
   -0.0049617443
   -0.0163344201
   -0.0042750151
   -0.0092885670
   -0.0091398602
   -0.0009591072
   -0.0154959551
   -0.0042970894
   -0.0272949015
   -0.0191673443
   -0.0311889918
   -0.0038926590
   -0.0145040568
   -0.0109560465
   -0.0038034722
   -0.0226056304
   -0.0164997359
    0.0073056699
   -0.0000913196
   -0.0104829266
    0.0091974021
    0.0016452565
    0.0008542306
    0.0062336295
    0.0065629863
    0.0026634211
    0.0028609041
    0.0100288963
    0.0079953898
    0.0066667284
    0.0076614134
   -0.0016498721
   -0.0105345164
   -0.0174036107
   -0.0032475537
    0.0016741233
    0.0004972315
   -0.0031374371
    0.0033999228
    0.0139843183
    0.0219198173
    0.0159948599
    0.0001443068
    0.0287881975
    0.0242359786
    0.0160092168
   -0.0028015187
    0.0355790149
    0.0280769947
    0.0216607440
    0.0120732348
   -0.0054747462
    0.0268778535
    0.0193401133
    0.0110684333
    0.0344626897
    0.0323810786
    0.0334376601
    0.0381651873
    0.0301310103
    0.0318173334
    0.0323766378
    0.0295660790
    0.0296823695
    0.0276952270
    0.0296410727
    0.0259521712
   -0.0062323918
    0.0079644201
    0.0143794690
   -0.0093193255
    0.0033560796
    0.0056583656
   -0.0072996656
   -0.0016401207
   -0.0009341791
   -0.0024723095
   -0.0075247501
   -0.0251693668
   -0.0220356777
   -0.0067883932
   -0.0373305107
   -0.0342380405
   -0.0284562473
   -0.0168444960
   -0.0389533264
   -0.0379870177
   -0.0354152443
   -0.0303405789
   -0.0187336897
   -0.0332310764
   -0.0366504650
   -0.0361021470
   -0.0320736884
   -0.0185976869
   -0.0273192430
   -0.0335258595
   -0.0326250854
   -0.0208696726
   -0.0229776982
   -0.0276831534
   -0.0179909696
   -0.0018051597
   -0.0080826437
   -0.0163121507
   -0.0139003920
   -0.0023619233
   -0.0157120073
   -0.0246208925
   -0.0251137685
    0.0031065200
   -0.0119645692
   -0.0241545466
   -0.0304840248
   -0.0331200144
   -0.0325618085
   -0.0078790856
   -0.0238931179
   -0.0308444840
   -0.0340846853
   -0.0364317132
   -0.0183958039
   -0.0277690277
   -0.0312588139
   -0.0328154604
   -0.0319964259
   -0.0081101307
   -0.0208950050
   -0.0237625394
   -0.0198486047
   -0.0053084771
   -0.0072232159
   -0.0015710951
   -0.0156308115
   -0.0166402374
   -0.0121685651
   -0.0172111090
   -0.0228867789
   -0.0254522967
   -0.0253851025
   -0.0208895397
   -0.0271889349
   -0.0294183293
   -0.0293489673
   -0.0248486130
    0.0021691479
   -0.0106796100
   -0.0212650722
   -0.0271842929
   -0.0284767767
   -0.0220803044
   -0.0106605520
   -0.0200366998
   -0.0221254605
    0.0130924574
    0.0094569464
    0.0123196836
    0.0121084239
    0.0095012347
    0.0100031734
    0.0144799270
    0.0095937472
    0.0004476497
   -0.0015623295
    0.0141676360
    0.0196427074
    0.0150754812
    0.0140745416
    0.0123324512
    0.0138409580
    0.0137538001
    0.0151688557
    0.0051121298
    0.0131075117
    0.0143821435
    0.0091997053
    0.0101056335
    0.0011702678
    0.0037033974
   -0.0000729277
    0.0000028752
   -0.0039462585
    0.0005206879
    0.0017094053
    0.0001168998
   -0.0031891729
    0.0022490171
    0.0042303055
    0.0027053710
   -0.0017798790
   -0.0088079127
    0.0073241483
    0.0004889177
   -0.0098807006
    0.0009351638
    0.0026809510
    0.0039744104
    0.0019039203
    0.0049902263
    0.0036136043
    0.0020771591
    0.0002395210
    0.0049803252
   -0.0001324675
   -0.0002085827
   -0.0005601824
    0.0004743818
   -0.0094428178
   -0.0048359497
    0.0070086750
    0.0033044062
    0.0036615503
    0.0065378143
    0.0106603616
    0.0100466576
    0.0059418089
    0.0025050607
    0.0066413628
    0.0106460937
   -0.0023672720
    0.0041916217
    0.0066267255
    0.0099528793
    0.0065101764
    0.0081663943
    0.0062218664
    0.0062623999
    0.0015775133
    0.0063929390
    0.0070267809
    0.0063307739
    0.0067900930
    0.0057432597
    0.0048866857
    0.0059441498
    0.0066628583
    0.0041669876
   -0.0134483491
   -0.0009505906
   -0.0028500827
   -0.0078265333
   -0.0050271500
   -0.0122878457
   -0.0071527403
   -0.0004960216
   -0.0004347772
   -0.0007073204
   -0.0002328509
   -0.0128633880
    0.0031838582
    0.0037654740
    0.0054019885
    0.0015007247
    0.0028114175
    0.0028993832
    0.0046272301
    0.0015086440
   -0.0001464930
   -0.0024772192
   -0.0052164265
   -0.0000173105
   -0.0044023076
    0.0001964926
    0.0002540728
    0.0009202775
    0.0028935233
    0.0037556960
    0.0029919139
    0.0049935145
    0.0069327686
    0.0077498512
    0.0085749285
    0.0110321525
    0.0037663140
    0.0008179738
    0.0042998635
    0.0058613656
    0.0052594633
    0.0027698882
    0.0068194542
    0.0061519606
    0.0046196747
    0.0021824129
    0.0053729397
    0.0035023232
    0.0016303232
    0.0001470953
   -0.0172112931
   -0.0087180784
   -0.0048585717
    0.0044344077
   -0.0190489225
   -0.0123907609
   -0.0015853961
   -0.0149640647
   -0.0045111685
    0.0040955957
   -0.0167490212
   -0.0077867096
   -0.0221724555
   -0.0029140836
   -0.0163715139
   -0.0102875376
   -0.0086604381
    0.0024056947
   -0.0060318948
   -0.0118581856
   -0.0185736160
   -0.0046098908
   -0.0129059864
   -0.0042240494
   -0.0234654106
   -0.0163267699
   -0.0150374931
   -0.0064442508
   -0.0046282540
   -0.0188125711
   -0.0181481941
   -0.0078028714
   -0.0112762728
   -0.0043722458
    0.0026409264
    0.0076857825
    0.0093463444
    0.0046011025
    0.0078273299
    0.0078627135
    0.0046531051
   -0.0022167532
    0.0076621976
    0.0041355088
   -0.0014546131
    0.0001693483
   -0.0150264344
   -0.0207756522
   -0.0148056315
   -0.0149202984
   -0.0102751759
   -0.0085495428
   -0.0092265793
   -0.0079157172
   -0.0071708299
   -0.0075956081
    0.0075161845
    0.0040114352
    0.0053911233
   -0.0038525891
   -0.0014590047
    0.0019883984
    0.0034546042
   -0.0119353246
   -0.0064654812
   -0.0017672307
    0.0003451936
    0.0002656607
   -0.0008685039
   -0.0086656612
   -0.0044287151
   -0.0029057273
   -0.0025577583
    0.0010584596
    0.0057514947
   -0.0032704098
    0.0007691951
    0.0045489857
    0.0082055641
    0.0009414392
   -0.0071020396
   -0.0068953403
   -0.0040094207
    0.0002225180
    0.0033139104
   -0.0014143237
    0.0030826503
    0.0129570979
    0.0105426660
    0.0068420945
    0.0057481147
    0.0100348780
    0.0111132026
    0.0100429544
    0.0050401182
    0.0085619813
    0.0020811169
   -0.0035878442
    0.0022548036
    0.0059615041
    0.0041382073
    0.0068960178
    0.0084558406
    0.0085443648
    0.0071155274
    0.0085763311
    0.0093941597
    0.0089960514
    0.0059068381
   -0.0011505947
    0.0084307187
    0.0077613045
    0.0032840716
    0.0035749004
   -0.0025295321
   -0.0006071535
    0.0057412033
    0.0054672616
    0.0082472038
    0.0067052531
    0.0095931353
    0.0092371376
    0.0098427981
    0.0063147666
    0.0095663660
    0.0099594824
    0.0095055255
    0.0074779733
    0.0009594428
   -0.0025861028
    0.0036936557
    0.0087021430
    0.0055507262
    0.0115456040
    0.0078097720
    0.0089957318
    0.0113248746
    0.0088961969
    0.0141132375
    0.0106685861
    0.0117927393
    0.0191290956
    0.0100679526
    0.0115097980
    0.0117172725
    0.0075057962
    0.0141084926
    0.0044316316
    0.0046855063
    0.0158675970
    0.0047071252
    0.0062350197
    0.0073802363
    0.0099148472
    0.0055443848
    0.0180917363
    0.0169861683
    0.0142863907
    0.0069473652
    0.0153989858
    0.0098077322
    0.0078492940
    0.0159075202
    0.0172472928
    0.0102549152
    0.0098477230
    0.0159617246
    0.0160692049
    0.0179801192
    0.0137532084
    0.0127388659
    0.0090789780
    0.0187769185
    0.0219838876
    0.0226455886
    0.0209655031
    0.0175994078
    0.0145266077
    0.0208889415
    0.0232433989
    0.0219636458
    0.0176860860
    0.0098895019
    0.0152226935
   -0.0039734925
   -0.0021646636
   -0.0125264131
   -0.0166940984
   -0.0169478629
   -0.0155544189
   -0.0113468253
   -0.0040525065
   -0.0004294172
   -0.0036207165
   -0.0055180245
   -0.0047844023
   -0.0036355846
   -0.0191046424
   -0.0232355778
   -0.0242420405
   -0.0236796525
   -0.0219733420
   -0.0194382365
   -0.0180003861
   -0.0173748127
   -0.0167301264
   -0.0163854591
   -0.0161792884
   -0.0259695112
   -0.0273007800
   -0.0267755260
   -0.0252312942
   -0.0239649262
   -0.0241464777
   -0.0271559155
   -0.0173096041
   -0.0135914601
   -0.0208559631
   -0.0228078209
   -0.0189442903
   -0.0079876063
    0.0025418260
   -0.0093044423
   -0.0168949192
   -0.0216893982
   -0.0238523528
   -0.0232188728
   -0.0197259064
   -0.0126648207
   -0.0045348118
   -0.0122164125
   -0.0172557144
   -0.0202537821
   -0.0211199551
   -0.0195933371
   -0.0155269433
   -0.0084445810
    0.0025959727
   -0.0007412061
   -0.0050541445
   -0.0085830150
   -0.0111489848
   -0.0111258123
   -0.0073456230
    0.0011462244
    0.0034416907
   -0.0027692747
    0.0032287801
    0.0167621920
   -0.0020963095
    0.0141421711
    0.0190193749
    0.0045280712
    0.0105351295
    0.0166283573
    0.0104066227
    0.0089643859
    0.0137271717
    0.0199566545
    0.0081550965
    0.0120695099
    0.0158708187
    0.0225081881
    0.0177238265
    0.0194533923
    0.0309133562
    0.0172530033
    0.0120089282
    0.0292690654
    0.0091280594
    0.0076285303
    0.0259684301
    0.0077455846
   -0.0007968141
    0.0260831496
   -0.0057340120
   -0.0061995438
    0.0110037640
    0.0101563376
   -0.0019864294
   -0.0032435793
   -0.0121498428
    0.0012595692
    0.0043298030
   -0.0015174908
    0.0207341510
    0.0266070667
    0.0204646847
    0.0143367002
    0.0127695370
    0.0192925690
    0.0256093846
    0.0118202271
    0.0018086000
    0.0021206900
    0.0139237514
    0.0215360644
    0.0287967413
    0.0289229531
    0.0269523491
    0.0258577862
    0.0291893657
    0.0306942334
    0.0283685805
    0.0252505416
    0.0247720372
    0.0223401269
    0.0309567192
    0.0199617594
    0.0099915689
    0.0068764762
    0.0138982030
    0.0029078139
    0.0048850628
    0.0010976387
    0.0159738377
    0.0075422966
    0.0140779122
    0.0158196547
   -0.0027997124
   -0.0045107558
   -0.0013992303
    0.0162589007
    0.0120076176
    0.0137515971
    0.0033400949
    0.0065451495
    0.0260265484
    0.0300325772
    0.0208497066
    0.0139784094
    0.0152006912
    0.0084232418
    0.0124563702
    0.0164424175
    0.0169714657
    0.0193654997
    0.0242486167
    0.0065101693
    0.0175521600
    0.0111793643
    0.0076811424
    0.0072405050
    0.0165963480
    0.0110232115
    0.0092752920
    0.0148289939
    0.0206861913
   -0.0007810845
   -0.0007937494
    0.0111899885
    0.0199269575
    0.0167478663
    0.0009967302
    0.0128354465
    0.0018424396
    0.0087809201
    0.0025029612
   -0.0229322192
   -0.0205704494
   -0.0261414762
   -0.0202424379
   -0.0284189647
   -0.0259125492
   -0.0204334744
   -0.0120377171
   -0.0075580201
   -0.0110532881
    0.0011611541
   -0.0035390479
   -0.0029938864
   -0.0142270841
   -0.0104571991
   -0.0132580555
   -0.0071215931
    0.0012469468
   -0.0102501988
   -0.0018874383
   -0.0114374072
   -0.0201043806
   -0.0141995574
   -0.0302207116
    0.0000631909
   -0.0086344327
   -0.0045792023
   -0.0134893734
   -0.0125055191
   -0.0011623965
   -0.0102208112
    0.0045488273
    0.0041562073
    0.0002336320
    0.0002770291
    0.0077388792
    0.0059159645
    0.0044864954
    0.0051328342
   -0.0025183313
   -0.0137237663
   -0.0051307352
   -0.0000237622
   -0.0005604792
   -0.0047662796
    0.0017356912
    0.0113202750
    0.0192248323
    0.0125216594
    0.0236079150
    0.0180591606
    0.0084006370
    0.0282311551
    0.0219485618
    0.0153696241
    0.0049584311
    0.0289816532
    0.0207237257
    0.0138808045
    0.0065026467
    0.0318358704
    0.0290628928
    0.0303106086
    0.0271919771
    0.0278224420
    0.0289916761
    0.0259592977
    0.0252336890
    0.0234487398
    0.0257757904
    0.0225040084
    0.0031422484
    0.0098704662
   -0.0014375007
    0.0023800956
   -0.0112304626
   -0.0057558463
   -0.0036211802
   -0.0050996713
   -0.0103954014
   -0.0174223424
   -0.0316055110
   -0.0282353475
   -0.0239227564
   -0.0158061664
   -0.0012182331
   -0.0311062149
   -0.0293049907
   -0.0254376908
   -0.0170961815
   -0.0263191666
   -0.0297538199
   -0.0296968115
   -0.0267225672
   -0.0175307750
   -0.0211618342
   -0.0269665514
   -0.0268148919
   -0.0195579356
   -0.0177661895
   -0.0219729862
   -0.0132815475
   -0.0048250611
   -0.0123398321
   -0.0082951512
    0.0012603409
   -0.0102788961
   -0.0183648595
   -0.0184381782
   -0.0006882993
   -0.0117056154
   -0.0203683987
   -0.0247444304
   -0.0262874793
   -0.0087776666
   -0.0200832047
   -0.0252461955
   -0.0278650198
   -0.0298451794
   -0.0161572367
   -0.0227164450
   -0.0255300341
   -0.0269160305
   -0.0091366905
   -0.0170193044
   -0.0187721317
   -0.0158480535
   -0.0026556574
    0.0009013718
   -0.0110424137
   -0.0126835200
   -0.0100725282
   -0.0174360071
   -0.0201674842
   -0.0203350232
   -0.0175055009
   -0.0213928417
   -0.0236453542
   -0.0238759613
   -0.0212063167
    0.0007621140
   -0.0091415107
   -0.0167184343
   -0.0217561811
   -0.0229620296
   -0.0169609581
   -0.0071869180
   -0.0154652717
   -0.0173396377
    0.0111119457
    0.0079839171
    0.0102877662
    0.0098082031
    0.0074999688
    0.0064048653
    0.0118521753
    0.0109024183
    0.0028559912
   -0.0031763140
   -0.0020324195
    0.0179664361
    0.0125791802
    0.0103748814
    0.0115947117
    0.0113340134
    0.0125813321
    0.0095073226
    0.0067916540
    0.0093329919
    0.0017075741
    0.0039020277
    0.0003844023
    0.0007428403
    0.0000978986
    0.0011256208
    0.0001800893
   -0.0021792500
    0.0014553806
    0.0031366295
    0.0019807221
   -0.0015014238
   -0.0070777009
    0.0067913685
    0.0007497097
   -0.0080536455
    0.0027264234
    0.0032095282
    0.0016717960
    0.0044444637
    0.0024561346
    0.0015188404
    0.0004351361
    0.0036532997
   -0.0013485433
   -0.0008606830
   -0.0004244272
   -0.0010168970
    0.0060334757
    0.0031380199
    0.0031582340
    0.0054910205
    0.0092305303
    0.0088121503
    0.0054400185
    0.0014821292
    0.0037988208
    0.0045570316
    0.0064829587
    0.0090072029
    0.0057943591
    0.0051136773
    0.0049956437
    0.0057134336
   -0.0026002613
    0.0017344009
    0.0056303467
    0.0058107232
    0.0053874941
    0.0058796049
    0.0045793933
    0.0050084433
    0.0053625029
   -0.0121604282
   -0.0009101972
   -0.0069799640
   -0.0042239601
   -0.0068282269
   -0.0107716119
   -0.0062215548
    0.0023969573
    0.0010064141
    0.0002608079
    0.0001764265
   -0.0003451857
    0.0005752331
   -0.0004346551
    0.0030357457
    0.0029903027
    0.0046734993
    0.0013956198
    0.0018492125
    0.0017582060
    0.0030779920
    0.0012197982
   -0.0008415560
   -0.0033798476
   -0.0065468176
   -0.0001062618
   -0.0045052750
    0.0001314624
    0.0014319995
    0.0026698791
    0.0030958504
    0.0024048240
    0.0026211556
    0.0046250046
    0.0059622833
    0.0067006909
    0.0096475353
    0.0033913146
    0.0040788301
    0.0050068232
    0.0042998019
    0.0023754515
    0.0054436048
    0.0045517485
    0.0032149659
    0.0014332891
    0.0036611799
    0.0023833604
    0.0010858931
   -0.0132766495
   -0.0199886593
   -0.0055533343
   -0.0008090738
   -0.0149244152
   -0.0099204298
   -0.0021233913
   -0.0113322872
   -0.0037064144
   -0.0117764062
   -0.0058846145
   -0.0071964494
   -0.0002399884
   -0.0031980407
   -0.0140886400
   -0.0095438220
   -0.0094025380
   -0.0048877579
   -0.0002737279
   -0.0024321475
   -0.0047685796
   -0.0088091906
   -0.0140919833
   -0.0035642020
   -0.0093587806
   -0.0030654419
   -0.0195093020
   -0.0146607319
   -0.0081264789
   -0.0066800827
   -0.0006286261
   -0.0134192947
   -0.0127279782
    0.0019156940
   -0.0053218312
   -0.0078775785
   -0.0029538196
    0.0010036181
    0.0052190396
    0.0067133409
    0.0057653587
    0.0057842347
    0.0033055510
   -0.0024580042
    0.0063478848
    0.0032299766
   -0.0015471383
   -0.0193389480
   -0.0132027545
   -0.0125493779
   -0.0094429617
   -0.0088824087
   -0.0076317008
   -0.0070720358
   -0.0070752077
    0.0033319996
    0.0045214480
   -0.0040199570
   -0.0007761896
    0.0017539589
    0.0028122649
   -0.0103223257
   -0.0048954271
   -0.0013832135
    0.0000356497
    0.0000502040
   -0.0066426268
   -0.0035484094
   -0.0012620866
    0.0017487671
   -0.0019455532
    0.0012402203
    0.0043664527
    0.0080132588
    0.0002362225
   -0.0076728644
   -0.0066284685
   -0.0040152708
   -0.0003553829
    0.0024295014
   -0.0019049331
    0.0015402633
    0.0103326929
    0.0080962303
    0.0051293953
    0.0063997924
    0.0085956785
    0.0089318034
    0.0081987585
    0.0038188529
    0.0069645196
    0.0009352213
    0.0040550865
    0.0030083033
    0.0050653863
    0.0063781955
    0.0067211990
    0.0061747955
    0.0069347138
    0.0072833982
    0.0070876136
    0.0052301338
    0.0009577970
    0.0068088816
    0.0059201093
    0.0020773327
    0.0025114010
    0.0043251608
    0.0041926524
    0.0064924458
    0.0051239768
    0.0075851547
    0.0074732464
    0.0065741089
    0.0079424243
    0.0079154449
    0.0074978914
    0.0059147578
    0.0002322482
    0.0026240979
    0.0068554469
    0.0041383118
    0.0109687135
    0.0077403472
    0.0083170308
    0.0060174597
    0.0062229526
    0.0059066673
    0.0096817211
    0.0131145451
    0.0094707221
    0.0110461497
    0.0023628900
    0.0121617483
    0.0079891247
    0.0024705173
    0.0063235604
    0.0068638575
   -0.0025578747
   -0.0021947696
    0.0003106899
    0.0104964176
    0.0010644252
    0.0024279789
    0.0046406156
    0.0092354560
    0.0148466570
    0.0110150680
    0.0045343001
    0.0108381433
    0.0066216269
    0.0011049951
    0.0056646290
    0.0056670408
    0.0114991287
    0.0079435859
    0.0104093719
    0.0155925533
    0.0178595753
    0.0146719481
    0.0152554526
    0.0142414890
    0.0120750923
    0.0135531552
    0.0170888433
    0.0187500912
    0.0185445908
    0.0167742146
    0.0081783044
    0.0145848671
    0.0170023071
    0.0161999523
    0.0127922052
    0.0084893990
   -0.0079842129
   -0.0089976855
   -0.0085101737
   -0.0064069777
   -0.0007858327
   -0.0133395495
   -0.0162653486
   -0.0165207950
   -0.0156330732
   -0.0134099130
   -0.0095851259
   -0.0060982854
   -0.0058098502
   -0.0071607940
   -0.0074415155
   -0.0068009276
   -0.0057487420
   -0.0172729618
   -0.0199877487
   -0.0209077679
   -0.0205788474
   -0.0194520322
   -0.0177005228
   -0.0162238316
   -0.0155716296
   -0.0151464660
   -0.0147678560
   -0.0145899416
   -0.0149682741
   -0.0215622864
   -0.0227033829
   -0.0221755069
   -0.0208484780
   -0.0199374440
   -0.0200854768
   -0.0223621761
   -0.0123941260
   -0.0096730760
   -0.0159553371
   -0.0175353094
   -0.0139633767
   -0.0046186761
   -0.0059558476
   -0.0122631882
   -0.0163895715
   -0.0186755440
   -0.0191074396
   -0.0175720809
   -0.0138024978
   -0.0068587351
   -0.0039635022
   -0.0098774181
   -0.0140106730
   -0.0166567825
   -0.0178797534
   -0.0175442169
   -0.0155024721
   -0.0115197226
   -0.0050168782
   -0.0003757322
   -0.0053881791
   -0.0086524832
   -0.0110043288
   -0.0125347359
   -0.0128608582
   -0.0115654035
   -0.0083100172
   -0.0027230800
    0.0044509686
    0.0010376550
   -0.0019747440
   -0.0023766152
    0.0010782383
   -0.0021576701
    0.0026353939
   -0.0064514131
   -0.0005074719
    0.0155266715
    0.0206489258
   -0.0050411859
    0.0094167725
    0.0121712713
    0.0147630806
    0.0071885756
    0.0158326363
    0.0284108974
    0.0109786486
    0.0086034995
    0.0151210939
    0.0208961936
    0.0088830791
    0.0082648960
    0.0114370342
    0.0170261957
    0.0169481749
    0.0192990769
    0.0185290498
    0.0170189066
    0.0129894865
    0.0285172607
    0.0164870753
    0.0103871009
    0.0082904454
    0.0031955958
    0.0038071177
    0.0225670270
   -0.0069053456
   -0.0096420817
    0.0069688820
    0.0061417244
   -0.0033151272
   -0.0052476177
   -0.0017725634
    0.0013574696
   -0.0040234628
    0.0177605841
    0.0227977829
    0.0178461107
    0.0125510191
    0.0113034173
    0.0166720449
    0.0220432960
    0.0159150609
    0.0106069527
    0.0029389585
    0.0034463700
    0.0124563176
    0.0192193057
    0.0252917516
    0.0105560077
    0.0256213009
    0.0239166754
    0.0231991696
    0.0260044580
    0.0272962185
    0.0252435430
    0.0227316663
    0.0218771931
    0.0204587864
    0.0275259138
    0.0185568226
    0.0095122199
    0.0206826263
    0.0094192772
    0.0040398824
   -0.0002161952
    0.0155628638
    0.0068417943
    0.0128924379
    0.0055605380
    0.0118284408
   -0.0041269012
    0.0031071516
    0.0011222408
   -0.0061861737
   -0.0025645130
    0.0153097715
    0.0114601302
    0.0159450951
    0.0096354219
    0.0044996866
    0.0266356821
    0.0192721440
    0.0173337582
    0.0120848723
    0.0077516802
    0.0056269421
    0.0130596347
    0.0075914917
    0.0112353350
    0.0156429099
    0.0151641940
    0.0098772971
    0.0187600290
    0.0228882980
    0.0217652672
    0.0194991084
    0.0252579955
    0.0160197302
    0.0099747184
    0.0050663960
    0.0096283512
    0.0068312995
    0.0067932363
    0.0151788981
    0.0083797597
    0.0075280984
    0.0124056371
    0.0165768668
    0.0153244531
    0.0100136331
    0.0013712377
    0.0008339634
    0.0090587293
    0.0077907780
    0.0160035641
    0.0128965329
    0.0012494233
    0.0106859556
    0.0025517696
    0.0124220768
    0.0057203478
    0.0007826074
   -0.0217520375
   -0.0208960045
   -0.0201044566
   -0.0140190502
   -0.0081662120
   -0.0059132433
   -0.0075415534
    0.0021343891
   -0.0017474529
   -0.0017967829
   -0.0055090807
   -0.0174779569
   -0.0073004871
   -0.0091511353
   -0.0024913465
   -0.0054023865
    0.0026139371
   -0.0070766853
   -0.0020624874
    0.0056283731
   -0.0084811462
   -0.0144861159
   -0.0112117337
   -0.0020764236
   -0.0176151987
    0.0023208294
   -0.0043658395
    0.0001792516
   -0.0113351330
    0.0025285425
   -0.0014267528
   -0.0081153168
    0.0105377723
    0.0044276496
    0.0006414862
    0.0025446002
   -0.0004683062
   -0.0002130538
    0.0054372383
    0.0045296293
    0.0032242163
    0.0033719840
   -0.0025558707
   -0.0047449425
   -0.0007417337
   -0.0006137554
   -0.0045158050
    0.0006402268
    0.0162473212
    0.0097654520
    0.0197038125
    0.0143638273
    0.0050841923
    0.0270600080
    0.0214093674
    0.0161526739
    0.0089757941
    0.0232562895
    0.0174231844
    0.0112777847
    0.0025735101
    0.0180074869
    0.0120405310
    0.0268436227
    0.0275695834
    0.0250308191
    0.0259333411
    0.0236643768
    0.0235899980
    0.0237801151
    0.0224734611
    0.0214962294
    0.0227610746
    0.0018731803
   -0.0051283189
    0.0018492225
    0.0047110260
   -0.0050546322
   -0.0027313444
   -0.0093111577
   -0.0072421607
   -0.0075634613
   -0.0071840447
   -0.0129305737
   -0.0225271039
   -0.0191064293
   -0.0133476031
   -0.0037902326
   -0.0256337694
   -0.0238770589
   -0.0207236678
   -0.0147773436
   -0.0044898685
   -0.0253292438
   -0.0252141158
   -0.0236503292
   -0.0198270733
   -0.0116997220
   -0.0191408668
   -0.0234837313
   -0.0243025501
   -0.0225153645
   -0.0163977533
   -0.0160261169
   -0.0210548603
   -0.0216179495
   -0.0176730933
   -0.0137229333
   -0.0171477834
   -0.0109455581
   -0.0041252120
   -0.0097944027
    0.0024542235
   -0.0065432561
   -0.0130007129
   -0.0124138169
    0.0035743884
   -0.0039545230
   -0.0114706817
   -0.0167662337
   -0.0192967654
   -0.0194529263
   -0.0110128035
   -0.0175762803
   -0.0209745836
   -0.0227272452
   -0.0241637939
   -0.0139581307
   -0.0189999681
   -0.0216126848
   -0.0232771436
   -0.0252064589
   -0.0125309962
   -0.0173517960
   -0.0194674104
   -0.0202977119
   -0.0072626183
   -0.0120192907
   -0.0127569572
   -0.0035447657
   -0.0061614372
   -0.0047582736
   -0.0121194312
   -0.0137901312
   -0.0132754246
   -0.0104763781
   -0.0139336962
   -0.0167528430
   -0.0182223438
   -0.0182144759
   -0.0163275706
   -0.0179314552
   -0.0197405348
   -0.0200007165
   -0.0183596322
   -0.0125340160
    0.0039063364
   -0.0026885253
   -0.0092108202
   -0.0144161515
   -0.0175773400
   -0.0185754321
   -0.0138438274
   -0.0063954664
   -0.0125959969
   -0.0140287152
    0.0096827203
    0.0077621722
    0.0089069453
    0.0084347427
    0.0070245090
    0.0061840528
    0.0099204313
    0.0092052918
    0.0038683611
   -0.0002221913
    0.0009095466
    0.0123626703
    0.0131729159
    0.0107242852
    0.0092895902
    0.0099990265
    0.0098595022
    0.0107973478
    0.0081188293
    0.0085555874
    0.0069405589
    0.0084839090
    0.0025376354
    0.0020722506
    0.0039472577
    0.0012724020
    0.0008148458
    0.0013028523
    0.0003328807
    0.0003492162
    0.0000302372
   -0.0002313453
    0.0000987754
   -0.0043410235
    0.0005443838
   -0.0000923178
    0.0015058274
    0.0010973358
   -0.0008402733
   -0.0039862971
    0.0038627427
    0.0021393982
   -0.0016445061
   -0.0074557725
   -0.0002880625
    0.0027566622
    0.0017386814
    0.0038786273
    0.0022148457
    0.0014604596
    0.0032985440
    0.0000529684
    0.0000656532
    0.0000920065
    0.0006657188
   -0.0052674421
   -0.0031706082
   -0.0061209976
    0.0053594216
    0.0033308918
    0.0032055813
    0.0049612296
    0.0077274912
    0.0075180115
    0.0051175514
    0.0020886285
    0.0041533005
    0.0084402771
    0.0000423073
    0.0070680984
    0.0047125160
    0.0042610565
    0.0081044975
    0.0053957913
    0.0053630177
    0.0046261283
    0.0049863076
    0.0006992270
    0.0031940030
    0.0051182739
    0.0049910921
    0.0049202431
    0.0057560614
    0.0044999736
    0.0045200633
    0.0046953905
   -0.0091038552
   -0.0157837016
    0.0000665286
   -0.0096877570
   -0.0014739475
   -0.0079007559
   -0.0051737781
   -0.0028559490
   -0.0058735986
   -0.0092135644
   -0.0053527344
    0.0027495304
    0.0015334822
    0.0008224341
    0.0005076144
    0.0001261774
    0.0007308850
    0.0005597464
    0.0002766024
    0.0005313101
    0.0008921615
    0.0004618761
   -0.0114499376
    0.0029746853
    0.0026153229
    0.0041435201
    0.0015840558
    0.0017462540
    0.0019833522
    0.0012752178
    0.0000168874
   -0.0012843119
   -0.0024656529
    0.0004267777
   -0.0025525529
   -0.0069417789
   -0.0005681167
    0.0015743316
    0.0016158132
    0.0009127499
    0.0019424469
    0.0010141639
    0.0024893074
    0.0034335420
    0.0038189434
    0.0035168381
    0.0046329047
    0.0058960557
    0.0072207728
    0.0031938025
    0.0043220394
    0.0036427349
    0.0023199468
    0.0046313179
    0.0039124913
    0.0029123191
    0.0016293885
    0.0041313120
    0.0031919065
    0.0023172088
    0.0012932183
    0.0018709748
    0.0012055029
   -0.0098392193
   -0.0103333033
   -0.0054090483
   -0.0027946084
   -0.0116446675
   -0.0078724558
   -0.0021332970
   -0.0029253744
   -0.0078677146
   -0.0041505141
   -0.0061793369
   -0.0010009819
    0.0001908242
   -0.0032176324
   -0.0117322200
   -0.0088629720
   -0.0055798291
   -0.0022327320
   -0.0044110972
   -0.0015047868
    0.0012388959
   -0.0015257892
   -0.0038177728
   -0.0067585791
   -0.0027594147
   -0.0068454381
   -0.0021793958
   -0.0126223904
   -0.0082516501
   -0.0071253258
   -0.0029587615
   -0.0033468499
   -0.0001695088
   -0.0019226680
    0.0026285733
   -0.0110512189
   -0.0096391231
   -0.0090677070
   -0.0048678020
    0.0013849681
   -0.0036597496
   -0.0055598238
   -0.0019813832
    0.0001376217
    0.0036791819
    0.0036497977
    0.0044481757
    0.0032882055
    0.0052353814
    0.0042353477
    0.0016958964
   -0.0031887024
    0.0050214519
    0.0014141898
   -0.0027258390
   -0.0182442691
   -0.0147768430
   -0.0103653375
   -0.0082617696
   -0.0080079646
   -0.0064050811
   -0.0064294923
    0.0042823319
   -0.0020831961
   -0.0002407894
    0.0017881405
    0.0030747055
   -0.0114051759
   -0.0065355626
   -0.0024198944
   -0.0000513899
    0.0009449038
    0.0010352956
   -0.0091499625
   -0.0045766481
   -0.0020077179
   -0.0009179019
    0.0001216762
    0.0026965538
    0.0063004498
   -0.0016487106
    0.0009512662
    0.0034293215
    0.0059908048
   -0.0005494135
   -0.0065564090
   -0.0057050581
   -0.0035614714
   -0.0007090473
    0.0014018354
   -0.0020960078
    0.0054712544
    0.0023478406
    0.0082993096
    0.0080628470
    0.0069618952
    0.0054679781
    0.0042036022
    0.0064472746
    0.0071328681
    0.0072075241
    0.0026195629
    0.0054092230
   -0.0000390320
    0.0023326376
    0.0039582931
    0.0050536640
    0.0041632098
    0.0049512321
    0.0055223569
    0.0053757983
    0.0042817683
    0.0061399277
    0.0059113391
    0.0053920369
    0.0036133597
    0.0001202690
    0.0053211249
    0.0043501605
    0.0012937758
    0.0018375065
    0.0012002814
    0.0035773250
    0.0020808197
    0.0049561192
    0.0050042602
    0.0075542326
    0.0061721913
    0.0054189944
    0.0064365699
    0.0063070359
    0.0063573278
    0.0048666595
    0.0064229729
    0.0066171557
    0.0058503043
    0.0045622790
    0.0020952192
    0.0053037116
    0.0031983711
