    0.0126916681
    0.0364136676
    0.0176467029
    0.0142621005
    0.0136168714
    0.0247378164
    0.0145308491
    0.0360530095
    0.0141855260
    0.0008181879
    0.0062117426
    0.0037727251
    0.0204129756
    0.0334521332
    0.0189941737
    0.0262161860
    0.0120486233
    0.0305746697
    0.0196748229
    0.0221756088
    0.0061809621
    0.0060940566
    0.0287224291
    0.0135897260
    0.0174711429
    0.0345004435
    0.0240217498
    0.0139932442
    0.0349331386
    0.0297079020
    0.0173874601
    0.0193010714
    0.0209444210
    0.0306132552
    0.0327747793
    0.0239183214
    0.0358875169
    0.0408297386
    0.0347892829
    0.0159832922
    0.0281132755
    0.0376406055
    0.0345622001
    0.0269401087
   -0.0024293737
    0.0060415583
   -0.0043915213
   -0.0222736819
   -0.0274556675
   -0.0203656216
   -0.0061309673
   -0.0284032492
   -0.0356315511
   -0.0380192542
   -0.0355521147
   -0.0226424685
    0.0008272527
   -0.0258754477
   -0.0384253920
   -0.0408090676
   -0.0393038317
   -0.0307709894
   -0.0143791796
   -0.0136429201
   -0.0282509818
   -0.0385010553
   -0.0373652173
   -0.0280738879
   -0.0154278083
   -0.0311115789
   -0.0338830850
   -0.0317202758
   -0.0232288632
   -0.0232205326
   -0.0322646363
   -0.0384238087
   -0.0379500837
   -0.0195509422
   -0.0060063468
   -0.0075171982
   -0.0217854110
   -0.0349013318
   -0.0385319593
   -0.0377022122
   -0.0333477772
   -0.0191166735
   -0.0310397328
   -0.0324075536
   -0.0300718819
   -0.0201656606
   -0.0013551085
   -0.0173557765
   -0.0173000435
   -0.0059693057
    0.0055974563
    0.0113017579
    0.0179708827
    0.0264421240
    0.0161887121
    0.0163652604
    0.0121906958
    0.0079527305
    0.0163251704
    0.0185185641
    0.0156049809
    0.0139232448
    0.0107803442
    0.0309973111
    0.0187974584
    0.0238102957
    0.0094566506
    0.0116159634
   -0.0007779276
    0.0123098879
    0.0017196574
    0.0149450322
    0.0127625739
    0.0197897459
    0.0282465792
    0.0218504474
    0.0153706295
    0.0034248962
    0.0218252616
    0.0350237267
    0.0345492802
   -0.0001147845
    0.0210915506
    0.0301134966
    0.0433581358
    0.0219895257
    0.0300310144
    0.0311714734
    0.0312010553
    0.0204574942
    0.0410757708
    0.0320351366
    0.0386847366
    0.0348881777
    0.0298313045
    0.0294926660
    0.0306526208
    0.0224659971
    0.0054979506
    0.0027159963
    0.0047532839
    0.0113940885
    0.0021113375
    0.0037983769
    0.0027411129
   -0.0011739721
    0.0023564135
    0.0033809763
   -0.0011298890
   -0.0027591175
   -0.0066286966
    0.0003443096
   -0.0007915672
   -0.0037788953
   -0.0064552246
   -0.0050832655
    0.0149500930
    0.0024451437
   -0.0033020371
   -0.0051890396
   -0.0040707361
    0.0054787789
   -0.0004984647
   -0.0038013691
    0.0060605247
   -0.0019998373
   -0.0052465091
   -0.0026662709
    0.0072943125
   -0.0038175167
   -0.0057324316
   -0.0041418892
    0.0010544986
   -0.0024484690
    0.0012780717
   -0.0016147089
   -0.0003599847
   -0.0048811565
   -0.0027789768
    0.0024276661
   -0.0010616324
   -0.0062266814
   -0.0045815970
   -0.0015357244
    0.0030406252
   -0.0060228068
   -0.0060543894
    0.0006241442
    0.0029262367
    0.0096209228
   -0.0021954280
   -0.0049747974
   -0.0042365104
   -0.0016905611
   -0.0048584834
   -0.0056502668
    0.0007292869
    0.0025016627
   -0.0047254272
   -0.0041954009
    0.0008376116
    0.0017141479
   -0.0016033143
    0.0002350356
    0.0028129542
    0.0081444755
    0.0086720999
    0.0036771569
    0.0005996909
    0.0046972093
    0.0107841783
    0.0143375663
    0.0169873052
    0.0113489476
    0.0097075003
    0.0089105979
    0.0184480128
    0.0237868895
    0.0265692606
    0.0099966435
    0.0227230058
    0.0243573539
    0.0072344986
    0.0106709529
    0.0173107627
    0.0179713806
    0.0153166291
    0.0277734033
    0.0216090212
    0.0160463031
    0.0099206718
    0.0079967453
    0.0176448008
    0.0125369582
    0.0164780081
    0.0253717207
    0.0146056385
    0.0265974691
    0.0105985802
    0.0164845371
    0.0374763756
    0.0278007496
    0.0270302465
    0.0137981183
    0.0221785240
    0.0092271054
    0.0301027427
    0.0214465148
    0.0099306069
    0.0033682011
    0.0276933612
    0.0171851669
    0.0234332280
    0.0251566783
   -0.0251529868
   -0.0226774107
   -0.0244449182
   -0.0307556168
   -0.0211277269
   -0.0284289492
    0.0123420899
   -0.0122889445
   -0.0030783282
   -0.0197732585
   -0.0118387479
   -0.0127931305
   -0.0174394234
   -0.0172300190
   -0.0119920313
   -0.0050692893
    0.0029997536
   -0.0136908628
   -0.0047772341
   -0.0223505758
   -0.0201064075
   -0.0353212482
   -0.0031927658
   -0.0116572404
    0.0152056604
   -0.0205343359
    0.0034276486
   -0.0113537367
   -0.0028450064
   -0.0216512786
   -0.0061314426
   -0.0049335243
   -0.0187666371
   -0.0104796854
   -0.0133223768
   -0.0059446211
    0.0202563882
    0.0382325590
    0.0288124000
    0.0199893722
    0.0052297352
    0.0338447407
    0.0285858916
    0.0185163706
   -0.0073013283
    0.0072902258
    0.0258107466
    0.0162623393
    0.0177890707
    0.0311816619
    0.0327561393
    0.0334637604
    0.0311541364
    0.0346527504
    0.0430328130
    0.0289317896
    0.0379909754
    0.0100070730
    0.0152311418
    0.0007544887
    0.0127095761
   -0.0021431602
    0.0108057164
    0.0115534158
   -0.0271422969
   -0.0360735898
   -0.0393505188
   -0.0319883956
   -0.0121903072
   -0.0013420228
   -0.0181629157
   -0.0437273986
   -0.0453846292
   -0.0431199389
   -0.0369007010
   -0.0274263429
   -0.0463855190
   -0.0458697955
   -0.0426594909
   -0.0390609175
   -0.0283027752
   -0.0337844497
   -0.0326920870
   -0.0259453050
   -0.0031249684
   -0.0118165755
   -0.0048903152
   -0.0030375185
   -0.0052213093
   -0.0073916412
   -0.0249751797
   -0.0278263186
   -0.0212658861
   -0.0096332311
   -0.0318450023
   -0.0375668208
   -0.0397463006
   -0.0414100937
   -0.0437551970
   -0.0041438832
   -0.0276078440
   -0.0390365723
   -0.0427917567
   -0.0457877131
   -0.0380294811
   -0.0199787127
   -0.0102412603
   -0.0231012016
   -0.0362526720
   -0.0410512606
   -0.0312764306
    0.0070683928
    0.0016141929
    0.0158455693
    0.0115125319
    0.0143592874
    0.0107587170
    0.0014098210
    0.0037377135
    0.0042831095
   -0.0017527068
   -0.0015763903
   -0.0032084063
    0.0163397885
    0.0119508510
    0.0135579677
    0.0191767752
    0.0189693875
    0.0150789089
    0.0160928792
    0.0090495516
    0.0099485675
   -0.0174731545
   -0.0107943083
   -0.0220251253
   -0.0018907769
   -0.0031531648
   -0.0174174144
   -0.0016860133
   -0.0126352835
   -0.0083928734
    0.0026403431
   -0.0023839913
    0.0114953744
   -0.0052900675
   -0.0169842822
    0.0002048734
    0.0005183570
   -0.0146850010
   -0.0072268762
   -0.0098875873
    0.0028002000
   -0.0074532111
   -0.0187218285
    0.0076363762
    0.0029410411
    0.0038430416
   -0.0095172848
   -0.0099199097
   -0.0013206050
   -0.0044009917
   -0.0042939573
   -0.0181913023
    0.0015149969
    0.0079669537
   -0.0023425742
   -0.0104999257
   -0.0107192020
   -0.0031210620
   -0.0184407570
   -0.0131961233
    0.0157275263
    0.0178499705
    0.0069148267
    0.0166202159
    0.0144934841
    0.0090398148
    0.0089506265
    0.0171464154
    0.0184757641
    0.0087527788
    0.0126070046
    0.0177224379
    0.0161876296
    0.0194303936
    0.0174659275
    0.0188216620
    0.0181911670
    0.0146433612
    0.0104282267
    0.0166943220
    0.0147910930
    0.0134321309
    0.0154359820
    0.0168073084
    0.0181720404
    0.0047815555
    0.0021603722
    0.0005128037
    0.0040857704
    0.0074402928
    0.0115641153
    0.0180281509
    0.0066840028
    0.0030588861
    0.0081290413
    0.0133672789
    0.0148131915
    0.0117359574
   -0.0000132251
    0.0032990685
    0.0045823977
   -0.0072329809
    0.0066850465
    0.0109003591
    0.0135513757
    0.0030712501
    0.0111247715
    0.0105580865
   -0.0050984425
    0.0049158330
    0.0144025029
    0.0190049166
    0.0153434218
    0.0116320423
    0.0055221669
    0.0096708284
    0.0116986362
    0.0098942727
    0.0051862235
   -0.0009376198
    0.0029933079
    0.0010435015
   -0.0179264383
   -0.0218522766
   -0.0281407843
   -0.0166464823
   -0.0290879685
   -0.0255446431
   -0.0242095306
   -0.0279079788
   -0.0080252337
   -0.0224802456
    0.0142355370
    0.0103307274
    0.0161695152
    0.0200004347
    0.0177912302
    0.0190813816
    0.0140461536
    0.0152446235
   -0.0050595477
    0.0036030030
    0.0099243432
    0.0164939491
    0.0180754023
    0.0075218047
    0.0105930796
    0.0152453188
    0.0185339835
    0.0166087627
    0.0103801951
    0.0170490588
    0.0176202864
    0.0147907702
    0.0106701826
    0.0141195495
    0.0135366853
    0.0121872756
    0.0068637856
    0.0137741661
    0.0117931159
    0.0158145764
    0.0126112463
    0.0203165106
    0.0127903992
    0.0055532817
    0.0135256757
    0.0228266852
    0.0111209172
    0.0077018285
    0.0105350803
    0.0225147748
    0.0190751260
    0.0149284668
    0.0175318236
    0.0145712076
    0.0177256731
    0.0122829314
    0.0153098738
    0.0229855154
    0.0168895871
    0.0242361871
    0.0161432910
    0.0242350209
    0.0297241999
    0.0288774920
    0.0186198708
    0.0208701037
    0.0287645813
    0.0308584383
    0.0269677305
    0.0174124273
    0.0212219068
    0.0263920759
    0.0229181172
    0.0090059509
   -0.0120260676
   -0.0155663285
   -0.0059723069
   -0.0142038227
   -0.0230886901
   -0.0262132445
   -0.0247167702
   -0.0151542193
   -0.0200700632
   -0.0284727433
   -0.0310777608
   -0.0305747525
   -0.0255441887
   -0.0144398780
   -0.0004554334
   -0.0178595625
   -0.0296756116
   -0.0321751454
   -0.0304295940
   -0.0237011849
   -0.0122589247
   -0.0097524603
   -0.0198257856
   -0.0289333360
   -0.0285341114
   -0.0213366908
   -0.0119733376
   -0.0228793565
   -0.0258563919
   -0.0236475084
   -0.0181148403
   -0.0184560914
   -0.0245897393
   -0.0294643798
   -0.0289796524
   -0.0147962859
   -0.0067050425
   -0.0024832425
   -0.0028107243
   -0.0088177081
   -0.0178172684
   -0.0268438206
   -0.0302926375
   -0.0296450636
   -0.0251310441
   -0.0077330249
   -0.0219635149
   -0.0269780666
   -0.0271461897
   -0.0242042809
   -0.0146033308
   -0.0101156554
   -0.0191153402
   -0.0200327541
   -0.0161363329
   -0.0034991359
   -0.0059074105
   -0.0059177210
    0.0044672845
    0.0086091666
    0.0049082916
    0.0067951428
    0.0169254994
    0.0126189625
    0.0140476873
    0.0102756661
    0.0070373775
    0.0111055553
    0.0076935943
    0.0136786156
    0.0165361797
    0.0223049778
    0.0157655696
    0.0177207662
    0.0255185239
    0.0135634173
    0.0082327341
    0.0076456354
    0.0246812396
    0.0229182656
    0.0074494740
    0.0038110129
    0.0061966337
   -0.0039711312
    0.0043589088
   -0.0082865537
    0.0078080855
    0.0102756596
    0.0144972608
    0.0217788681
    0.0186044466
    0.0131619761
    0.0030374500
    0.0046097141
    0.0174801891
    0.0275980568
    0.0263575226
    0.0010973944
    0.0172624230
    0.0243203906
    0.0346775149
    0.0134147727
    0.0216762027
    0.0275745842
    0.0197798436
    0.0264990917
    0.0259286615
    0.0187689048
    0.0332911784
    0.0263082668
    0.0349681122
    0.0299037607
    0.0260390298
    0.0286370259
    0.0281633049
    0.0107124315
    0.0091335823
    0.0096699731
    0.0170300173
    0.0045707063
    0.0012378278
    0.0016903956
    0.0053488696
    0.0106627584
    0.0131561243
    0.0017572126
    0.0014903690
    0.0015364710
   -0.0001957081
    0.0023354465
    0.0035118313
    0.0001319571
   -0.0010234688
   -0.0047313516
   -0.0052347548
   -0.0032279466
   -0.0002220452
   -0.0027104926
   -0.0046382577
   -0.0046579542
   -0.0009211748
    0.0061218108
    0.0021338296
   -0.0021043272
   -0.0037895209
   -0.0027426247
    0.0021394107
    0.0000760083
   -0.0022451129
   -0.0047665608
   -0.0036198079
    0.0010536315
   -0.0009291536
   -0.0041040220
   -0.0045745270
   -0.0034617330
   -0.0006369597
   -0.0029671310
   -0.0041587278
   -0.0038971446
   -0.0020255973
    0.0040322880
   -0.0004696858
    0.0020479956
    0.0082057256
   -0.0003093953
   -0.0002661480
   -0.0030317944
   -0.0012451826
    0.0028555293
    0.0006350048
   -0.0040158729
   -0.0040098254
   -0.0020938909
    0.0010738866
   -0.0032016250
   -0.0051601475
   -0.0045952016
   -0.0019252267
   -0.0032992420
   -0.0054833597
    0.0040345684
    0.0091113420
   -0.0005703105
   -0.0026703772
   -0.0022158760
   -0.0005681904
   -0.0037595543
   -0.0046586392
   -0.0043690860
   -0.0024440277
   -0.0012556206
   -0.0039779494
   -0.0047108177
   -0.0025633083
   -0.0047371536
    0.0021108115
    0.0023026696
   -0.0003259968
    0.0004574166
    0.0029255346
    0.0079620725
    0.0080666198
    0.0027514631
   -0.0000033357
    0.0009608612
    0.0045428702
    0.0090583617
    0.0061555855
    0.0107746047
    0.0165679271
    0.0061436062
    0.0070140228
    0.0186653246
    0.0191938077
    0.0200466604
    0.0091356519
    0.0217168791
    0.0277455438
    0.0060759261
    0.0076031231
    0.0130867432
    0.0187965910
    0.0159367494
    0.0226198942
    0.0176114883
    0.0139391823
    0.0260427332
    0.0085246558
    0.0075417358
    0.0139441409
    0.0098353622
    0.0173426073
    0.0213928142
    0.0189514009
    0.0093882308
    0.0111802387
    0.0292560012
    0.0228160869
    0.0232203518
    0.0069349495
    0.0129797750
    0.0033555836
    0.0243956886
    0.0169782536
    0.0053843126
    0.0009587476
    0.0192031290
    0.0107244480
    0.0019019498
    0.0193709005
   -0.0221536378
   -0.0229556595
   -0.0347983797
   -0.0213649015
   -0.0297882443
   -0.0241137263
   -0.0104028830
    0.0048589440
   -0.0219966623
    0.0021676787
   -0.0102504186
   -0.0029838261
   -0.0178178213
   -0.0116963747
   -0.0141546303
   -0.0205842224
   -0.0053688854
   -0.0166102268
   -0.0131205571
   -0.0101056738
   -0.0044798220
    0.0024672303
   -0.0100310870
   -0.0037556921
   -0.0199379637
   -0.0110574302
   -0.0244634044
   -0.0333841799
   -0.0020926069
   -0.0016351437
   -0.0084879083
   -0.0198603888
   -0.0045878132
   -0.0121427557
   -0.0187341011
   -0.0049586829
   -0.0084721779
   -0.0071561039
   -0.0124961583
   -0.0064368107
    0.0284840417
    0.0216884011
    0.0141294189
    0.0298614992
    0.0240282825
    0.0170675261
    0.0031566172
    0.0277782740
    0.0250242714
    0.0199612729
    0.0089194661
    0.0037132754
    0.0196441186
    0.0180504790
    0.0086030429
    0.0133531318
    0.0261849494
    0.0267659720
    0.0274635598
    0.0291445842
    0.0320606424
    0.0264731579
    0.0304934910
    0.0186234751
    0.0254028003
    0.0066861290
    0.0087114044
   -0.0037615602
    0.0073349700
    0.0014448994
    0.0050128559
   -0.0199165758
   -0.0271972014
   -0.0297898834
   -0.0229147798
   -0.0085706755
   -0.0024242208
   -0.0140644232
   -0.0332284998
   -0.0354172615
   -0.0336617361
   -0.0270778918
   -0.0214883643
   -0.0377526114
   -0.0376031693
   -0.0356113513
   -0.0327178675
   -0.0252765607
   -0.0335308345
   -0.0316349621
   -0.0289969190
   -0.0221270530
   -0.0206822486
   -0.0154957446
    0.0015627821
    0.0042685628
    0.0039826375
    0.0014604801
   -0.0131858367
   -0.0152907701
   -0.0075135317
   -0.0218582061
   -0.0261084979
   -0.0264622360
   -0.0147291078
   -0.0272342921
   -0.0315014632
   -0.0336383450
   -0.0357868194
   -0.0343254765
   -0.0044174860
   -0.0198662744
   -0.0298745917
   -0.0338957580
   -0.0359428563
   -0.0292950578
   -0.0167701664
   -0.0096651066
   -0.0173665397
   -0.0273500958
   -0.0317564906
   -0.0240463670
    0.0049186463
    0.0002385647
    0.0110791157
    0.0066623280
    0.0112024055
    0.0067295090
   -0.0026669402
    0.0069904630
    0.0056390718
   -0.0010750539
   -0.0013561121
   -0.0018448685
   -0.0112681439
    0.0040502695
    0.0025910956
    0.0031543998
    0.0110644499
    0.0103722310
    0.0106315537
    0.0132065208
    0.0156835188
    0.0109558316
    0.0116575434
    0.0102792270
    0.0069763229
   -0.0182067712
   -0.0165578441
   -0.0165981541
   -0.0050337180
   -0.0187009625
    0.0022563752
   -0.0088281893
   -0.0126121144
   -0.0140332971
   -0.0001595623
   -0.0095467600
   -0.0077112135
   -0.0064836248
   -0.0018538311
   -0.0054578993
   -0.0154290792
   -0.0203704580
   -0.0032581379
   -0.0124194539
    0.0010037232
    0.0022268050
   -0.0097994202
   -0.0039683182
   -0.0106357395
   -0.0049584911
    0.0049352551
   -0.0020019987
   -0.0105109795
   -0.0071466507
   -0.0163446734
    0.0045566834
   -0.0044122190
   -0.0043343550
    0.0051664251
    0.0023665454
   -0.0077694891
   -0.0087268369
   -0.0097963888
   -0.0177622711
    0.0024894520
   -0.0019210487
   -0.0133747365
   -0.0088383670
   -0.0207169108
   -0.0173480153
    0.0133946221
    0.0150739635
    0.0091736217
    0.0138798392
    0.0129445803
    0.0111998992
    0.0097052483
    0.0142046659
    0.0149034498
    0.0091757812
    0.0076792241
    0.0133036812
    0.0148383402
    0.0133251306
    0.0048590225
    0.0151902708
    0.0117227660
    0.0139337783
    0.0151405751
    0.0147365503
    0.0134502025
    0.0099495634
    0.0104885787
    0.0142237699
    0.0133638952
    0.0124258239
    0.0130449458
    0.0151641079
    0.0142460074
    0.0150399718
    0.0081333942
    0.0062746312
    0.0067505160
    0.0130465827
   -0.0019778192
    0.0016585248
    0.0055905036
   -0.0087219227
   -0.0006132412
    0.0034614484
    0.0071862615
    0.0109610581
    0.0143844166
    0.0051981045
    0.0019329191
    0.0035008035
    0.0074205541
    0.0104988281
    0.0104771795
    0.0080467960
   -0.0059120775
   -0.0027351532
   -0.0021602531
    0.0034866160
    0.0050502728
    0.0078998460
   -0.0061444181
    0.0035484228
    0.0077065298
    0.0097062926
    0.0008702896
    0.0065181323
    0.0078351477
    0.0026944540
   -0.0044247137
    0.0025094005
    0.0115819355
    0.0161381418
    0.0122938253
    0.0099835455
    0.0066276263
    0.0094145412
    0.0095511525
    0.0081919082
    0.0048146390
    0.0012756062
    0.0012076807
    0.0040110863
    0.0043432141
    0.0021312176
   -0.0006222039
   -0.0042056189
   -0.0075072526
   -0.0178763799
   -0.0155854245
   -0.0199930184
   -0.0220072380
   -0.0225450305
   -0.0173524233
   -0.0181622090
   -0.0196247210
   -0.0065235327
   -0.0158501489
    0.0112392959
    0.0077674744
    0.0089161103
    0.0160162565
    0.0153481662
    0.0134540560
    0.0215723412
    0.0148925245
    0.0128995377
    0.0135645107
    0.0021064227
    0.0059476445
    0.0106375111
   -0.0136286287
    0.0082761675
    0.0139164505
    0.0050261491
    0.0100485144
    0.0135927333
    0.0148181429
    0.0127934869
    0.0058880332
    0.0113182736
    0.0137321502
    0.0147472574
    0.0124500788
    0.0083171364
    0.0157138357
    0.0139111615
    0.0131342758
    0.0117924313
    0.0078539502
    0.0075836344
    0.0110846919
    0.0103246707
    0.0074419787
    0.0139083457
    0.0114976725
    0.0102774346
    0.0114523673
    0.0176153437
    0.0110779705
    0.0068748657
    0.0004388611
    0.0087440194
    0.0165851872
    0.0071177590
    0.0071683231
    0.0097131989
    0.0068244510
    0.0177224429
    0.0189662980
    0.0109780820
    0.0099225051
    0.0107178025
    0.0077113649
    0.0030761167
    0.0033072337
    0.0097281248
    0.0141491898
    0.0167873181
    0.0106675061
    0.0072483702
    0.0145972920
    0.0197116299
    0.0175907999
    0.0182194042
    0.0095178280
    0.0163048866
    0.0215719931
    0.0235211870
    0.0197939257
    0.0064857982
    0.0104670860
    0.0191749992
    0.0236452402
    0.0234571659
    0.0185850530
    0.0079487397
    0.0184524922
    0.0202028634
   -0.0062949096
   -0.0111439785
   -0.0078338921
   -0.0073919353
   -0.0163472725
   -0.0200217571
   -0.0199617670
   -0.0149572918
   -0.0016083671
   -0.0111949296
   -0.0209523081
   -0.0243924073
   -0.0247839167
   -0.0221062267
   -0.0152252060
   -0.0047669164
   -0.0213159769
   -0.0254345456
   -0.0253615163
   -0.0218130998
   -0.0146429711
   -0.0050559921
   -0.0049627433
   -0.0135686132
   -0.0225283381
   -0.0224656396
   -0.0160479783
   -0.0076601936
   -0.0170857932
   -0.0199997804
   -0.0174443365
   -0.0130808788
   -0.0136374166
   -0.0187349115
   -0.0231516292
   -0.0225825187
   -0.0080648849
   -0.0023541223
   -0.0005537552
   -0.0033360278
   -0.0083574488
   -0.0161227330
   -0.0221231745
   -0.0239850316
   -0.0226486256
   -0.0175035859
   -0.0090177701
   -0.0181369269
   -0.0211465247
   -0.0206582654
   -0.0168955632
   -0.0064441380
   -0.0095044206
   -0.0145692810
   -0.0143027626
   -0.0096211396
    0.0030944192
   -0.0035694336
   -0.0015898737
    0.0040097564
    0.0227459748
    0.0094308657
    0.0157250654
    0.0120291677
    0.0085131228
    0.0177192986
    0.0102626892
    0.0076098994
    0.0067408073
    0.0099437346
    0.0135576409
    0.0150402972
    0.0194598157
    0.0165719620
    0.0189260086
    0.0122883213
    0.0064793003
    0.0203028634
   -0.0019257310
    0.0026903188
   -0.0067799338
    0.0039079945
    0.0108353252
    0.0180098001
    0.0154670457
    0.0000413861
    0.0134280144
    0.0238276108
    0.0233425415
    0.0026653467
    0.0149677068
    0.0207889273
    0.0122795168
    0.0191857407
    0.0245264107
    0.0221584305
    0.0222737789
    0.0297416871
    0.0256695782
    0.0223422486
    0.0252059151
    0.0245436263
    0.0032828762
    0.0043780590
    0.0087007947
    0.0162346133
    0.0025003384
    0.0005839979
    0.0012570451
    0.0044221615
    0.0085465939
    0.0102674661
    0.0017752366
    0.0008714556
    0.0010427165
    0.0003793820
    0.0024057384
    0.0034941344
    0.0007998010
   -0.0029734806
   -0.0009656144
   -0.0035083643
   -0.0044076560
   -0.0037404059
    0.0002601648
   -0.0020726605
   -0.0035661764
   -0.0035251604
   -0.0010224085
    0.0044032418
    0.0023953216
   -0.0012052715
   -0.0026895282
   -0.0019168925
    0.0009081134
    0.0005110814
   -0.0013026255
   -0.0035251228
    0.0008853540
   -0.0031568175
   -0.0040618963
   -0.0035149953
   -0.0019676678
   -0.0034721536
   -0.0039816111
   -0.0036528811
   -0.0026980726
    0.0004407168
   -0.0029491902
   -0.0028305866
   -0.0015229980
    0.0020879352
    0.0002624337
    0.0019322994
    0.0004831626
   -0.0000908221
   -0.0017314240
   -0.0001208420
    0.0031295495
    0.0002135608
   -0.0027540103
   -0.0028666452
   -0.0012457134
    0.0018731385
    0.0054497242
   -0.0018576230
   -0.0037922814
   -0.0038127311
   -0.0024685305
    0.0006780197
   -0.0040350391
   -0.0044358483
   -0.0029949287
    0.0026491972
   -0.0000477565
   -0.0011846590
   -0.0007331119
   -0.0008584524
   -0.0030878558
   -0.0035488177
   -0.0033956392
   -0.0009737091
   -0.0033334805
   -0.0040188148
   -0.0040803725
   -0.0031778031
   -0.0016156780
   -0.0037208909
   -0.0041673326
   -0.0026921665
    0.0028476937
    0.0027271762
    0.0005027511
    0.0009306200
    0.0032521285
    0.0076831186
    0.0075519707
    0.0025516507
    0.0000939477
    0.0003860585
    0.0018106436
    0.0172066348
    0.0082263843
    0.0038261547
    0.0014808392
    0.0011244515
    0.0093748146
    0.0088203400
    0.0160298471
    0.0042236123
    0.0163691753
    0.0215522774
    0.0067316693
    0.0159377974
    0.0084685454
    0.0224467103
    0.0106959321
    0.0170786250
    0.0164076503
    0.0136785319
    0.0237934635
    0.0117307458
    0.0057382124
    0.0196153952
    0.0053735104
    0.0074171670
    0.0070880420
    0.0114321655
    0.0079500794
    0.0184939103
    0.0192198788
    0.0083138259
    0.0077242047
    0.0202227572
    0.0089430052
    0.0169128811
    0.0029912516
    0.0076859614
    0.0006888472
    0.0200763150
    0.0130756396
    0.0003323744
    0.0144792376
    0.0072154409
    0.0218615204
    0.0049060355
    0.0156133612
   -0.0186738816
   -0.0186861411
   -0.0277402701
   -0.0244770746
   -0.0164921687
    0.0021093809
   -0.0123555511
   -0.0182263054
    0.0009644678
   -0.0083108614
   -0.0025324560
   -0.0157346183
   -0.0136639387
   -0.0211816004
   -0.0081188891
   -0.0092622810
   -0.0135175629
    0.0028801749
   -0.0099443793
   -0.0081051002
   -0.0037419792
    0.0024091012
   -0.0016304606
   -0.0071095522
   -0.0026264535
    0.0072154574
   -0.0159939089
   -0.0182286730
   -0.0248869107
   -0.0298431836
   -0.0009889374
   -0.0010330299
   -0.0058684219
   -0.0081757016
   -0.0164578850
   -0.0081454875
   -0.0031911736
   -0.0111473385
   -0.0160899072
   -0.0041174452
   -0.0060564626
   -0.0167030513
   -0.0056307337
   -0.0108849183
   -0.0058219359
    0.0227774266
    0.0168847079
    0.0094285568
    0.0237946951
    0.0184877494
    0.0109668005
    0.0232625865
    0.0196905359
    0.0138014350
    0.0013249746
    0.0165093171
    0.0143952501
    0.0047000962
    0.0102977010
    0.0232494852
    0.0239666305
    0.0244693642
    0.0259691864
    0.0201040653
    0.0238198796
    0.0285222659
    0.0218242615
    0.0033920630
    0.0022639561
   -0.0048619398
    0.0005197753
   -0.0147788892
   -0.0215208221
   -0.0236316440
   -0.0169011778
   -0.0043439084
   -0.0100828693
   -0.0269676082
   -0.0288490770
   -0.0276471702
   -0.0230744608
   -0.0097099352
   -0.0186889089
   -0.0314780425
   -0.0308029011
   -0.0292658886
   -0.0269719622
   -0.0217557554
   -0.0270096442
   -0.0254073898
   -0.0236150699
   -0.0190255026
   -0.0070292296
   -0.0151260666
   -0.0130541043
   -0.0035343920
   -0.0010704761
   -0.0095761633
   -0.0089692405
   -0.0079899049
   -0.0173183846
   -0.0201325380
   -0.0196712187
   -0.0135559671
   -0.0220855175
   -0.0253617305
   -0.0269769151
   -0.0291615547
   -0.0284519767
   -0.0052385059
   -0.0176448224
   -0.0246140196
   -0.0276696006
   -0.0291759958
   -0.0236234547
   -0.0129788488
   -0.0065947203
   -0.0123806057
   -0.0211915310
   -0.0255094518
   -0.0188013195
    0.0037802536
    0.0092083783
    0.0045948463
    0.0079126477
    0.0028220118
    0.0046813097
    0.0027133761
   -0.0015660466
    0.0024837914
    0.0004041298
   -0.0002192152
    0.0037179585
    0.0081754740
    0.0075292381
    0.0091576124
    0.0126461838
    0.0129763016
    0.0085920748
    0.0090598562
    0.0081007412
    0.0050593535
   -0.0153843252
   -0.0159461271
   -0.0147412156
   -0.0015728467
   -0.0139200164
   -0.0052360632
   -0.0090080787
   -0.0112056926
   -0.0042590394
   -0.0020989612
    0.0034751859
    0.0002579268
   -0.0034864423
   -0.0110981205
   -0.0016662629
   -0.0087366444
    0.0016552384
    0.0036066352
   -0.0013477003
   -0.0061552286
   -0.0024849728
    0.0045188778
    0.0018373090
   -0.0043347802
   -0.0028063199
   -0.0097195286
    0.0050979841
   -0.0009940288
   -0.0007171889
    0.0039795470
   -0.0038057131
   -0.0000035863
   -0.0022703797
   -0.0030175346
   -0.0099768530
   -0.0163475776
    0.0032780806
    0.0008032734
   -0.0006737682
   -0.0045584600
   -0.0129588626
   -0.0103885236
   -0.0107902915
    0.0118697701
    0.0130668395
    0.0078461172
    0.0117753383
    0.0109125395
    0.0097297222
    0.0095514453
    0.0122009990
    0.0123729516
    0.0075205706
    0.0085655330
    0.0118523520
    0.0123995992
    0.0108709901
    0.0037884758
    0.0128302529
    0.0094824716
    0.0115514877
    0.0125428869
    0.0121454450
    0.0111823564
    0.0082797988
    0.0088018764
    0.0119606449
    0.0110777259
    0.0101584886
    0.0104926704
    0.0124564739
    0.0130409157
    0.0127345450
    0.0066212482
    0.0048798714
    0.0049299085
    0.0109045621
   -0.0032280265
    0.0013866490
   -0.0012260181
    0.0022399033
    0.0060945605
    0.0098896137
    0.0035458659
    0.0002179414
    0.0011985540
    0.0046439139
    0.0078636708
    0.0082871938
    0.0056517111
   -0.0076617162
   -0.0039611217
   -0.0047183707
    0.0009688394
    0.0027390150
    0.0043009384
   -0.0078880695
    0.0007021563
    0.0047981424
    0.0067991258
    0.0101046871
   -0.0008292556
    0.0043190892
    0.0059354654
   -0.0051064820
    0.0011270472
    0.0097226775
    0.0099466608
    0.0074867282
    0.0049100237
    0.0076261013
    0.0071638983
    0.0059926019
    0.0032458160
    0.0001516792
    0.0020053716
    0.0022111935
    0.0002700423
   -0.0030970248
   -0.0056221582
   -0.0081055775
   -0.0133851139
   -0.0125684401
   -0.0167460743
   -0.0170959357
   -0.0176189116
   -0.0143067778
   -0.0138363148
   -0.0144495803
   -0.0115807819
    0.0092925963
    0.0140043710
    0.0128483785
    0.0111238623
    0.0163631790
    0.0110453872
    0.0102771323
    0.0113985138
    0.0008225958
    0.0045868704
   -0.0119211852
    0.0085226398
    0.0129088382
    0.0056436263
    0.0093298886
    0.0117592212
    0.0124431530
    0.0105803905
    0.0045197316
    0.0091366460
    0.0099204756
    0.0116832073
    0.0120172213
    0.0098608455
    0.0065654532
    0.0114672036
    0.0107121074
    0.0097337957
    0.0051901312
    0.0034031665
    0.0088880446
    0.0083870839
    0.0123571266
    0.0097145958
    0.0066994870
    0.0099286369
    0.0056730975
    0.0090683510
    0.0114892725
    0.0096900521
    0.0066123203
    0.0099333539
    0.0152523537
    0.0095483197
    0.0041650440
   -0.0007470690
    0.0017475064
    0.0165827856
    0.0057706809
    0.0126872761
    0.0050015199
    0.0088653161
    0.0052392593
    0.0179231091
    0.0144990459
    0.0185455783
    0.0061761165
    0.0064407820
    0.0043274279
    0.0121501141
    0.0060637805
    0.0077344677
    0.0157607293
    0.0089273222
    0.0080765143
    0.0145804978
    0.0176914201
    0.0183067304
    0.0127284132
    0.0167370449
    0.0175588822
    0.0133326684
    0.0141938553
    0.0182754132
    0.0193458213
    0.0168053698
    0.0095798502
    0.0067054994
    0.0147893377
    0.0180455077
    0.0174619835
    0.0137248694
    0.0114187358
    0.0145966615
   -0.0050177470
   -0.0044019862
   -0.0012371861
   -0.0090323440
   -0.0129637028
   -0.0136280428
   -0.0104495867
   -0.0009937303
   -0.0100784999
   -0.0157433886
   -0.0182457084
   -0.0186034294
   -0.0167073915
   -0.0117593796
   -0.0030883171
   -0.0157717997
   -0.0197929286
   -0.0209096439
   -0.0199019828
   -0.0165155057
   -0.0106431603
   -0.0034385627
   -0.0148146487
   -0.0196788616
   -0.0207608610
   -0.0192944268
   -0.0154406421
   -0.0096474788
   -0.0027341998
   -0.0038446119
   -0.0102376674
   -0.0174306871
   -0.0175781903
   -0.0125004413
   -0.0059715280
   -0.0129796121
   -0.0156994124
   -0.0136042249
   -0.0105372984
   -0.0111373965
   -0.0148851355
   -0.0182829544
   -0.0177298954
   -0.0069490179
   -0.0031052954
   -0.0021468759
   -0.0018703006
   -0.0033693263
   -0.0061601583
   -0.0105108711
   -0.0155044729
   -0.0186480159
   -0.0192997383
   -0.0176369518
   -0.0132836258
    0.0044486678
   -0.0040449496
   -0.0122304566
   -0.0167008219
   -0.0180116406
   -0.0169872245
   -0.0132464600
   -0.0047729281
   -0.0021557434
   -0.0106233997
   -0.0139297759
   -0.0142045434
   -0.0120290078
   -0.0063332428
   -0.0050008145
   -0.0079882057
   -0.0068576921
   -0.0017390685
    0.0016412986
    0.0026661955
    0.0005336812
    0.0070846399
    0.0141160787
    0.0101290299
    0.0068474657
    0.0146467379
    0.0092893787
    0.0071208017
    0.0059643901
    0.0110159490
    0.0158196903
    0.0204209214
    0.0135819009
    0.0156325206
    0.0192029584
    0.0175654010
    0.0208937702
    0.0058977827
    0.0199275551
   -0.0008665906
   -0.0008435901
   -0.0053353198
    0.0024053826
    0.0082000661
    0.0143295406
    0.0126076225
   -0.0008823712
    0.0101042679
    0.0191793154
    0.0185209209
   -0.0000199134
    0.0113451175
    0.0167269797
    0.0247515236
    0.0102544422
    0.0164384453
    0.0207588180
    0.0129638306
    0.0181216716
    0.0233418610
    0.0192917099
    0.0190787706
    0.0226186643
    0.0196004377
    0.0233823462
    0.0220228821
    0.0212755991
    0.0164394171
    0.0010447854
    0.0008881752
    0.0026147136
    0.0068430760
    0.0126899631
    0.0013844993
    0.0003464664
    0.0011006101
    0.0037868223
    0.0070712063
    0.0083997724
    0.0059954713
    0.0018163022
    0.0007107699
    0.0008081856
    0.0006913285
    0.0024149654
    0.0033612913
    0.0011320527
    0.0007496871
   -0.0026354976
   -0.0039633996
   -0.0037809300
    0.0025864993
   -0.0008473370
   -0.0028549965
   -0.0035831014
   -0.0031832433
    0.0005939441
   -0.0015230910
   -0.0027545837
   -0.0027115279
   -0.0010078334
    0.0021170431
    0.0037008700
    0.0024769479
   -0.0005820520
   -0.0018896115
   -0.0013856944
    0.0004240825
    0.0007941311
   -0.0007176038
    0.0004784638
   -0.0038192808
   -0.0032965518
   -0.0019470347
   -0.0031006969
   -0.0035149282
   -0.0035889964
   -0.0032624108
   -0.0026528264
   -0.0006200084
   -0.0031766438
   -0.0033236357
   -0.0031838028
   -0.0026723181
   -0.0009895377
   -0.0021825210
   -0.0020574103
   -0.0011645321
    0.0010177061
    0.0003661291
    0.0014979122
    0.0009932852
    0.0001125687
   -0.0008465858
    0.0006390009
    0.0032973285
   -0.0000053283
   -0.0018912538
   -0.0019670581
   -0.0005236812
    0.0024362596
    0.0054945206
   -0.0014260287
   -0.0028914925
   -0.0029084024
   -0.0017789333
    0.0009984798
   -0.0030292470
   -0.0036408637
   -0.0034355678
   -0.0021300781
   -0.0035688359
   -0.0040595703
    0.0000204217
   -0.0004358717
   -0.0001042306
   -0.0013879967
   -0.0025266689
   -0.0026202431
   -0.0024585141
   -0.0021225344
   -0.0032670610
   -0.0034916154
   -0.0035284041
   -0.0033542412
   -0.0018965950
   -0.0032644528
   -0.0036739521
   -0.0036729340
   -0.0031479096
   -0.0019247578
   -0.0035547407
   -0.0039281252
    0.0032358345
    0.0029818114
    0.0010351125
    0.0013290547
    0.0034838372
    0.0073023620
    0.0070593083
    0.0025342846
    0.0003353711
    0.0002918849
    0.0009332626
    0.0145055618
    0.0074714044
    0.0021223746
   -0.0000027761
    0.0000904043
    0.0014845896
    0.0078128788
    0.0075710943
    0.0151552031
    0.0007906030
    0.0034310579
    0.0143742086
    0.0179494057
    0.0058234512
    0.0129187017
    0.0076646843
    0.0193847829
    0.0192143575
    0.0090299661
    0.0180433546
    0.0161863718
    0.0138676415
    0.0189541630
    0.0146379772
    0.0099949651
    0.0052844386
    0.0152551629
    0.0033555178
    0.0062565097
    0.0064126668
    0.0094338401
    0.0034500672
    0.0064232603
    0.0192977184
    0.0177076557
    0.0071206211
    0.0177061933
    0.0107091314
    0.0119470731
    0.0007242786
    0.0044989613
   -0.0005782009
    0.0097753267
    0.0003533464
    0.0116190425
    0.0052792039
    0.0174000943
    0.0060548398
    0.0128344782
   -0.0236733758
   -0.0181005666
   -0.0099902719
    0.0004611547
   -0.0106089163
   -0.0148720427
    0.0002388053
   -0.0067921918
   -0.0021740789
   -0.0126704783
   -0.0084074386
   -0.0100818985
   -0.0150719553
   -0.0050893672
   -0.0108627395
    0.0016509471
   -0.0033294282
   -0.0077148536
   -0.0065202928
   -0.0031823024
    0.0023839604
   -0.0005469002
   -0.0050103306
   -0.0017366854
    0.0058526278
   -0.0125463414
   -0.0146224611
   -0.0114506808
   -0.0041691648
   -0.0171550147
   -0.0234525420
   -0.0001826544
   -0.0003168257
   -0.0039676932
   -0.0061110212
    0.0039021532
   -0.0043263448
   -0.0071624159
   -0.0098041299
   -0.0142805808
   -0.0141287319
   -0.0050860996
    0.0151813340
    0.0196942410
    0.0146648377
    0.0076053081
    0.0226127454
    0.0181403658
    0.0131869596
    0.0047570856
    0.0185085840
    0.0157083172
    0.0103399656
   -0.0006118823
    0.0132621934
    0.0111422236
    0.0030667212
    0.0080663497
    0.0220000031
    0.0228389535
    0.0198008228
    0.0217580711
    0.0243304791
    0.0163797012
    0.0201193264
    0.0183209907
    0.0025804559
    0.0007455166
   -0.0082718096
   -0.0005024889
   -0.0110948621
   -0.0166039200
   -0.0182898558
   -0.0126733840
   -0.0031244088
   -0.0000826321
   -0.0078053549
   -0.0210531796
   -0.0229386891
   -0.0223913434
   -0.0193908778
   -0.0119036360
   -0.0151758697
   -0.0250882886
   -0.0253435551
   -0.0245456162
   -0.0228522921
   -0.0191451800
   -0.0099763278
   -0.0253625426
   -0.0235940981
   -0.0222875264
   -0.0201218524
   -0.0154556455
   -0.0175902845
   -0.0171818078
   -0.0146093161
   -0.0081390393
   -0.0081296782
   -0.0035459297
    0.0002939747
   -0.0038723588
   -0.0056801273
   -0.0114252508
   -0.0125587302
   -0.0067637590
   -0.0145563322
   -0.0178079961
   -0.0189113564
   -0.0192523777
   -0.0137978454
   -0.0191712842
   -0.0216246971
   -0.0230126852
   -0.0248711275
   -0.0228047331
   -0.0009980679
   -0.0085903815
   -0.0161595997
   -0.0205507516
   -0.0226761062
   -0.0235543750
   -0.0188592304
   -0.0110463644
   -0.0061489772
   -0.0098688263
   -0.0166091417
   -0.0202836215
   -0.0149649823
    0.0031469190
    0.0073762283
    0.0035865163
    0.0067654611
    0.0022069946
    0.0050732102
    0.0018581395
    0.0007569791
   -0.0057050458
   -0.0084633178
    0.0027636317
    0.0022651838
    0.0040257246
    0.0070035693
    0.0064670639
    0.0076199021
    0.0097155956
    0.0091724226
    0.0065276804
    0.0069378166
    0.0059797569
    0.0037117994
   -0.0131880538
   -0.0139888940
   -0.0125915157
   -0.0023511662
    0.0012219806
   -0.0101424519
   -0.0119023651
   -0.0030973769
   -0.0065392517
   -0.0086807851
   -0.0026644985
   -0.0004571898
   -0.0016770208
    0.0008095812
    0.0048704289
    0.0001057836
    0.0036819020
    0.0044083931
   -0.0021311764
   -0.0077799555
   -0.0006397730
   -0.0060841187
    0.0019627577
    0.0097133014
    0.0004940926
    0.0053729514
   -0.0025686603
    0.0008244447
    0.0041147330
   -0.0002105053
   -0.0008172746
    0.0043227598
    0.0001666644
   -0.0047683442
   -0.0027762559
   -0.0082012759
   -0.0131179683
    0.0032954603
    0.0028130422
    0.0010633588
    0.0014212362
    0.0048455671
   -0.0005207120
   -0.0018340190
    0.0035608199
    0.0015801656
    0.0008900990
   -0.0043728931
   -0.0053305656
   -0.0099268547
   -0.0149310274
    0.0037027120
    0.0011910495
    0.0004317525
   -0.0011892167
   -0.0066685901
   -0.0052799199
   -0.0122251401
   -0.0109176941
    0.0116898735
    0.0073087420
    0.0102034277
    0.0101752624
    0.0082196878
    0.0103478364
    0.0107421407
    0.0077379388
    0.0080671262
    0.0102555291
    0.0106965750
    0.0097570828
    0.0049439432
    0.0098468279
    0.0109878855
    0.0103619532
    0.0083538716
    0.0118246364
    0.0078293023
    0.0098205194
    0.0106498247
    0.0102960493
    0.0094980169
    0.0076056960
    0.0080432782
    0.0102247727
    0.0099969299
    0.0093012955
    0.0094214239
    0.0103258029
    0.0095885203
    0.0109064244
    0.0110415390
    0.0076177061
    0.0063348097
    0.0062085423
    0.0079627498
    0.0102138615
   -0.0057722285
   -0.0011137175
    0.0031675815
    0.0075493991
   -0.0046207756
   -0.0016574794
    0.0013979327
    0.0048707353
    0.0079746062
    0.0095505621
    0.0028438619
    0.0000608681
    0.0005265021
    0.0030826840
    0.0058544549
    0.0063364334
    0.0040043119
   -0.0080989376
   -0.0024817311
   -0.0010428981
   -0.0009748699
   -0.0043316943
    0.0006043738
    0.0026875464
    0.0041593252
   -0.0060246866
    0.0000232258
    0.0034094902
    0.0052760670
    0.0075421589
   -0.0012995868
    0.0026477685
    0.0040629795
    0.0002739264
    0.0083684077
    0.0084405862
    0.0060912278
    0.0044102291
    0.0077152055
    0.0063721774
    0.0048890665
    0.0024576274
    0.0002585314
    0.0031697068
    0.0029671720
    0.0014063943
   -0.0016856655
   -0.0020222127
   -0.0017740748
   -0.0035671434
   -0.0084784795
   -0.0129486432
   -0.0118508943
   -0.0145243739
   -0.0139870484
   -0.0139394850
   -0.0116942513
   -0.0105445575
   -0.0108328946
   -0.0087661685
    0.0079172604
    0.0118132380
    0.0109337897
    0.0092594174
    0.0147054084
    0.0106753980
    0.0094942640
    0.0098079173
    0.0037815030
    0.0046653105
    0.0066834473
   -0.0051620262
   -0.0000013399
    0.0046428995
    0.0079345293
    0.0102486197
    0.0113912016
    0.0070577468
    0.0091712515
    0.0103634783
    0.0101993425
    0.0081212031
    0.0039815193
    0.0088448732
    0.0098453883
    0.0098849168
    0.0080703420
    0.0056604736
    0.0096051259
    0.0087784778
    0.0081763404
